x lower upper
-145.0 -20.4  20.4
-144.0 -20.3  20.6
-143.0 -20.1  20.8
-142.0 -20.0  20.9
-141.0 -19.9  21.1
-140.0 -19.7  21.3
-139.0 -19.5  21.6
-138.0 -19.3  21.9
-137.0 -19.2  22.1
-136.0 -19.0  22.4
-135.0 -18.8  22.7
-134.0 -18.7  23.1
-133.0 -18.5  23.4
-132.0 -18.3  23.7
-131.0 -18.1  24.0
-130.0 -17.9  24.3
-129.0 -17.6  24.5
-128.0 -17.4  24.8
-127.0 -17.0  25.1
-126.0 -16.8  25.3
-125.0 -16.5  25.5
-124.0 -16.1  25.7
-123.0 -15.8  25.9
-122.0 -15.4  26.0
-121.0 -15.1  26.2
-120.0 -14.8  26.4
-119.0 -14.6  26.5
-118.0 -14.4  26.6
-117.0 -14.2  26.7
-116.0 -14.0  26.8
-115.0 -13.7  27.0
-114.0 -13.6  27.1
-113.0 -13.5  27.2
-112.0 -13.3  27.3
-111.0 -13.2  27.4
-110.0 -13.1  27.5
-109.0 -13.0  27.6
-108.0 -12.8  27.8
-107.0 -12.7  27.9
-106.0 -12.5  28.0
-105.0 -12.4  28.2
-104.0 -12.1  28.4
-103.0 -11.9  28.5
-102.0 -11.7  28.6
-101.0 -11.5  28.6
-100.0 -11.3  28.6
-99.0 -11.1  28.5
-98.0 -11.0  28.4
-97.0 -10.8  28.3
-96.0 -10.7  28.1
-95.0 -10.6  27.9
-94.0 -10.5  27.7
-93.0 -10.5  27.5
-92.0 -10.5  27.3
-91.0 -10.5  27.0
-90.0 -10.5  26.8
-89.0 -10.6  26.5
-88.0 -10.7  26.2
-87.0 -10.8  25.9
-86.0 -11.0  25.6
-85.0 -11.3  25.3
-84.0 -11.6  25.0
-83.0 -12.0  24.5
-82.0 -12.4  24.1
-81.0 -12.8  23.1
-80.0 -13.2  20.1
-79.0 -13.5  19.8
-78.0 -13.7  19.5
-77.0 -14.0  19.3
-76.0 -14.2  19.1
-75.0 -14.5  18.9
-74.0 -14.8  18.6
-73.0 -15.8  18.2
-72.0 -18.2  15.8
-71.0 -18.6  14.8
-70.0 -18.9  14.5
-69.0 -19.1  14.2
-68.0 -19.3  14.0
-67.0 -19.5  13.7
-66.0 -19.8  13.5
-65.0 -20.1  13.2
-64.0 -23.1  12.8
-63.0 -24.1  12.4
-62.0 -24.5  12.0
-61.0 -25.0  11.6
-60.0 -25.3  11.3
-59.0 -25.6  11.0
-58.0 -25.9  10.8
-57.0 -26.2  10.7
-56.0 -26.5  10.6
-55.0 -26.8  10.5
-54.0 -27.0  10.5
-53.0 -27.3  10.5
-52.0 -27.5  10.5
-51.0 -27.7  10.5
-50.0 -27.9  10.6
-49.0 -28.1  10.7
-48.0 -28.3  10.8
-47.0 -28.4  11.0
-46.0 -28.5  11.1
-45.0 -28.6  11.3
-44.0 -28.6  11.5
-43.0 -28.6  11.7
-42.0 -28.5  11.9
-41.0 -28.4  12.1
-40.0 -28.2  12.4
-39.0 -28.0  12.5
-38.0 -27.9  12.7
-37.0 -27.8  12.8
-36.0 -27.6  13.0
-35.0 -27.5  13.1
-34.0 -27.4  13.2
-33.0 -27.3  13.3
-32.0 -27.2  13.5
-31.0 -27.1  13.6
-30.0 -27.0  13.7
-29.0 -26.8  14.0
-28.0 -26.7  14.2
-27.0 -26.6  14.4
-26.0 -26.5  14.6
-25.0 -26.4  14.8
-24.0 -26.2  15.1
-23.0 -26.0  15.4
-22.0 -25.9  15.8
-21.0 -25.7  16.1
-20.0 -25.5  16.5
-19.0 -25.3  16.8
-18.0 -25.1  17.0
-17.0 -24.8  17.4
-16.0 -24.5  17.6
-15.0 -24.3  17.9
-14.0 -24.0  18.1
-13.0 -23.7  18.3
-12.0 -23.4  18.5
-11.0 -23.1  18.7
-10.0 -22.7  18.8
-9.0 -22.4  19.0
-8.0 -22.1  19.2
-7.0 -21.9  19.3
-6.0 -21.6  19.5
-5.0 -21.3  19.7
-4.0 -21.1  19.9
-3.0 -20.9  20.0
-2.0 -20.8  20.1
-1.0 -20.6  20.3
 0.0 -20.4  20.4
 1.0 -20.3  20.6
 2.0 -20.1  20.8
 3.0 -20.0  20.9
 4.0 -19.9  21.1
 5.0 -19.7  21.3
 6.0 -19.5  21.6
 7.0 -19.3  21.9
 8.0 -19.2  22.1
 9.0 -19.0  22.4
 10.0 -18.8  22.7
 11.0 -18.7  23.1
 12.0 -18.5  23.4
 13.0 -18.3  23.7
 14.0 -18.1  24.0
 15.0 -17.9  24.3
 16.0 -17.6  24.5
 17.0 -17.4  24.8
 18.0 -17.0  25.1
 19.0 -16.8  25.3
 20.0 -16.5  25.5
 21.0 -16.1  25.7
 22.0 -15.8  25.9
 23.0 -15.4  26.0
 24.0 -15.1  26.2
 25.0 -14.8  26.4
 26.0 -14.6  26.5
 27.0 -14.4  26.6
 28.0 -14.2  26.7
 29.0 -14.0  26.8
 30.0 -13.7  27.0
 31.0 -13.6  27.1
 32.0 -13.5  27.2
 33.0 -13.3  27.3
 34.0 -13.2  27.4
 35.0 -13.1  27.5
 36.0 -13.0  27.6
 37.0 -12.8  27.8
 38.0 -12.7  27.9
 39.0 -12.5  28.0
 40.0 -12.4  28.2
 41.0 -12.1  28.4
 42.0 -11.9  28.5
 43.0 -11.7  28.6
 44.0 -11.5  28.6
 45.0 -11.3  28.6
 46.0 -11.1  28.5
 47.0 -11.0  28.4
 48.0 -10.8  28.3
 49.0 -10.7  28.1
 50.0 -10.6  27.9
 51.0 -10.5  27.7
 52.0 -10.5  27.5
 53.0 -10.5  27.3
 54.0 -10.5  27.0
 55.0 -10.5  26.8
 56.0 -10.6  26.5
 57.0 -10.7  26.2
 58.0 -10.8  25.9
 59.0 -11.0  25.6
 60.0 -11.3  25.3
 61.0 -11.6  25.0
 62.0 -12.0  24.5
 63.0 -12.4  24.1
 64.0 -12.8  23.1
 65.0 -13.2  20.1
 66.0 -13.5  19.8
 67.0 -13.7  19.5
 68.0 -14.0  19.3
 69.0 -14.2  19.1
 70.0 -14.5  18.9
 71.0 -14.8  18.6
 72.0 -15.8  18.2
 73.0 -18.2  15.8
 74.0 -18.6  14.8
 75.0 -18.9  14.5
 76.0 -19.1  14.2
 77.0 -19.3  14.0
 78.0 -19.5  13.7
 79.0 -19.8  13.5
 80.0 -20.1  13.2
 81.0 -23.1  12.8
 82.0 -24.1  12.4
 83.0 -24.5  12.0
 84.0 -25.0  11.6
 85.0 -25.3  11.3
 86.0 -25.6  11.0
 87.0 -25.9  10.8
 88.0 -26.2  10.7
 89.0 -26.5  10.6
 90.0 -26.8  10.5
 91.0 -27.0  10.5
 92.0 -27.3  10.5
 93.0 -27.5  10.5
 94.0 -27.7  10.5
 95.0 -27.9  10.6
 96.0 -28.1  10.7
 97.0 -28.3  10.8
 98.0 -28.4  11.0
 99.0 -28.5  11.1
 100.0 -28.6  11.3
 101.0 -28.6  11.5
 102.0 -28.6  11.7
 103.0 -28.5  11.9
 104.0 -28.4  12.1
 105.0 -28.2  12.4
 106.0 -28.0  12.5
 107.0 -27.9  12.7
 108.0 -27.8  12.8
 109.0 -27.6  13.0
 110.0 -27.5  13.1
 111.0 -27.4  13.2
 112.0 -27.3  13.3
 113.0 -27.2  13.5
 114.0 -27.1  13.6
 115.0 -27.0  13.7
 116.0 -26.8  14.0
 117.0 -26.7  14.2
 118.0 -26.6  14.4
 119.0 -26.5  14.6
 120.0 -26.4  14.8
 121.0 -26.2  15.1
 122.0 -26.0  15.4
 123.0 -25.9  15.8
 124.0 -25.7  16.1
 125.0 -25.5  16.5
 126.0 -25.3  16.8
 127.0 -25.1  17.0
 128.0 -24.8  17.4
 129.0 -24.5  17.6
 130.0 -24.3  17.9
 131.0 -24.0  18.1
 132.0 -23.7  18.3
 133.0 -23.4  18.5
 134.0 -23.1  18.7
 135.0 -22.7  18.8
 136.0 -22.4  19.0
 137.0 -22.1  19.2
 138.0 -21.9  19.3
 139.0 -21.6  19.5
 140.0 -21.3  19.7
 141.0 -21.1  19.9
 142.0 -20.9  20.0
 143.0 -20.8  20.1
 144.0 -20.6  20.3
 145.0 -20.4  20.4
