x z dist ED
 49.7 -44.5 -50.0 -282.721195881
 49.8 -44.4 -49.9 -275.667094104
 49.8 -44.3 -49.8 -268.870524778
 49.9 -44.2 -49.7 -262.328577074
 49.9 -44.2 -49.6 -256.038086467
 50.0 -44.1 -49.5 -249.995669076
 50.0 -44.0 -49.4 -244.197753386
 50.0 -43.9 -49.3 -238.640609207
 50.1 -43.8 -49.2 -233.320373757
 50.1 -43.7 -49.1 -228.233074794
 50.2 -43.6 -49.0 -223.374650746
 50.2 -43.5 -48.9 -218.740967821
 50.3 -43.4 -48.8 -214.327834086
 50.3 -43.4 -48.7 -210.131010575
 50.4 -43.3 -48.6 -206.146219469
 50.4 -43.2 -48.5 -202.369149443
 50.5 -43.1 -48.4 -198.795458288
 50.5 -43.0 -48.3 -195.420772947
 50.5 -42.9 -48.2 -192.240687121
 50.6 -42.8 -48.1 -189.250756614
 50.6 -42.7 -48.0 -186.446492621
 50.7 -42.6 -47.9 -183.82335316
 50.7 -42.6 -47.8 -181.376732879
 50.8 -42.5 -47.7 -179.101951461
 50.8 -42.4 -47.6 -176.99424089
 50.9 -42.3 -47.5 -175.048731802
 50.9 -42.2 -47.4 -173.260439203
 51.0 -42.1 -47.3 -171.624247797
 51.0 -42.0 -47.2 -170.134897181
 51.0 -41.9 -47.1 -168.786967174
 51.1 -41.8 -47.0 -167.574863518
 51.1 -41.8 -46.9 -166.492804204
 51.2 -41.7 -46.8 -165.534806655
 51.2 -41.6 -46.7 -164.694675998
 51.3 -41.5 -46.6 -163.965994626
 51.3 -41.4 -46.5 -163.34211326
 51.4 -41.3 -46.4 -162.81614369
 51.4 -41.2 -46.3 -162.380953356
 51.5 -41.1 -46.2 -162.029161924
 51.5 -41.0 -46.1 -161.75313998
 51.5 -40.9 -46.0 -161.545009946
 51.6 -40.9 -45.9 -161.396649313
 51.6 -40.8 -45.8 -161.299696239
 51.7 -40.7 -45.7 -161.245557567
 51.7 -40.6 -45.6 -161.225419277
 51.8 -40.5 -45.5 -161.230259358
 51.8 -40.4 -45.4 -161.250863088
 51.9 -40.3 -45.3 -161.277840664
 51.9 -40.2 -45.2 -161.301647108
 52.0 -40.1 -45.1 -161.312604363
 52.0 -40.1 -45.0 -161.300925468
 52.0 -40.0 -44.9 -161.256740672
 52.1 -39.9 -44.8 -161.170125344
 52.1 -39.8 -44.7 -161.031129515
 52.2 -39.7 -44.6 -160.82980886
 52.2 -39.6 -44.5 -160.556256939
 52.3 -39.5 -44.4 -160.200638476
 52.3 -39.4 -44.3 -159.753223471
 52.4 -39.3 -44.2 -159.204421906
 52.4 -39.3 -44.1 -158.544818822
 52.5 -39.2 -44.0 -157.765209526
 52.5 -39.1 -43.9 -156.856634685
 52.5 -39.0 -43.8 -155.81041507
 52.6 -38.9 -43.7 -154.618185702
 52.6 -38.8 -43.6 -153.271929174
 52.7 -38.7 -43.5 -151.764007902
 52.7 -38.6 -43.4 -150.087195094
 52.8 -38.5 -43.3 -148.234704208
 52.8 -38.5 -43.2 -146.200216689
 52.9 -38.4 -43.1 -143.977907813
 52.9 -38.3 -43.0 -141.562470418
 53.0 -38.2 -42.9 -138.94913639
 53.0 -38.1 -42.8 -136.133695732
 53.0 -38.0 -42.7 -133.112513087
 53.1 -37.9 -42.6 -129.882541597
 53.1 -37.8 -42.5 -126.441334012
 53.2 -37.7 -42.4 -122.787050948
 53.2 -37.7 -42.3 -118.918466268
 53.3 -37.6 -42.2 -114.834969523
 53.3 -37.5 -42.1 -110.536565449
 53.4 -37.4 -42.0 -106.023870531
 53.4 -37.3 -41.9 -101.298106654
 53.5 -37.2 -41.8 -96.3610918832
 53.5 -37.1 -41.7 -91.2152284537
 53.5 -37.0 -41.6 -85.8634880526
 53.6 -36.9 -41.5 -80.3093944937
 53.6 -36.9 -41.4 -74.5570039177
 53.7 -36.8 -41.3 -68.6108826554
 53.7 -36.7 -41.2 -62.4760829135
 53.8 -36.6 -41.1 -56.1581164537
 53.8 -36.5 -41.0 -49.6629264534
 53.9 -36.4 -40.9 -42.9968577439
 53.9 -36.3 -40.8 -36.1666256355
 54.0 -36.2 -40.7 -29.1792835462
 54.0 -36.1 -40.6 -22.042189659
 54.1 -36.1 -40.5 -14.7629728355
 54.1 -36.0 -40.4 -7.34949802235
 54.1 -35.9 -40.3  0.190168617843
 54.2 -35.8 -40.2  7.84779461283
 54.2 -35.7 -40.1  15.6150158925
 54.3 -35.6 -40.0  23.4833710751
 54.3 -35.5 -39.9  31.4443351028
 54.4 -35.4 -39.8  39.4893520085
 54.4 -35.3 -39.7  47.6098666039
 54.5 -35.3 -39.6  55.797354889
 54.5 -35.2 -39.5  64.043352994
 54.6 -35.1 -39.4  72.3394844786
 54.6 -35.0 -39.3  80.6774858264
 54.6 -34.9 -39.2  89.0492299874
 54.7 -34.8 -39.1  97.4467478395
 54.7 -34.7 -39.0  105.862247454
 54.8 -34.6 -38.9  114.288131073
 54.8 -34.5 -38.8  122.717009711
 54.9 -34.5 -38.7  131.141715346
 54.9 -34.4 -38.6  139.555310629
 55.0 -34.3 -38.5  147.951096117
 55.0 -34.2 -38.4  156.32261503
 55.1 -34.1 -38.3  164.663655525
 55.1 -34.0 -38.2  172.968250561
 55.1 -33.9 -38.1  181.230675389
 55.2 -33.8 -38.0  189.445442744
 55.2 -33.7 -37.9  197.607295842
 55.3 -33.7 -37.8  205.711199287
 55.3 -33.6 -37.7  213.752328006
 55.4 -33.5 -37.6  221.726054365
 55.4 -33.4 -37.5  229.627933604
 55.5 -33.3 -37.4  237.453687773
 55.5 -33.2 -37.3  245.199188334
 55.6 -33.1 -37.2  252.860437617
 55.6 -33.0 -37.1  260.433549327
 55.6 -32.9 -37.0  267.914728305
 55.7 -32.8 -36.9  275.300249738
 55.7 -32.8 -36.8  282.586438039
 55.8 -32.7 -36.7  289.7696456
 55.8 -32.6 -36.6  296.846231631
 55.9 -32.5 -36.5  303.812541299
 55.9 -32.4 -36.4  310.664885358
 56.0 -32.3 -36.3  317.399520491
 56.0 -32.2 -36.2  324.012630547
 56.1 -32.1 -36.1  330.500308861
 56.1 -32.0 -36.0  336.858541843
 56.1 -32.0 -35.9  343.083193987
 56.2 -31.9 -35.8  349.169994487
 56.2 -31.8 -35.7  355.114525565
 56.3 -31.7 -35.6  360.912212676
 56.3 -31.6 -35.5  366.558316677
 56.4 -31.5 -35.4  372.047928088
 56.4 -31.4 -35.3  377.375963495
 56.5 -31.3 -35.2  382.537164193
 56.5 -31.2 -35.1  387.5260971
 56.6 -31.2 -35.0  392.337157977
 56.6 -31.1 -34.9  396.96457697
 56.6 -31.0 -34.8  401.402426474
 56.7 -30.9 -34.7  405.644631288
 56.7 -30.8 -34.6  409.684981032
 56.8 -30.7 -34.5  413.517144766
 56.8 -30.6 -34.4  417.134687733
 56.9 -30.5 -34.3  420.531090151
 56.9 -30.4 -34.2  423.699767942
 57.0 -30.4 -34.1  426.634095274
 57.0 -30.3 -34.0  429.327428795
 57.1 -30.2 -33.9  431.773133417
 57.1 -30.1 -33.8  433.964609479
 57.1 -30.0 -33.7  435.895321137
 57.2 -29.9 -33.6  437.558825805
 57.2 -29.8 -33.5  438.948804459
 57.3 -29.7 -33.4  440.05909262
 57.3 -29.6 -33.3  440.883711821
 57.4 -29.6 -33.2  441.416901361
 57.4 -29.5 -33.1  441.653150153
 57.5 -29.4 -33.0  441.587228449
 57.5 -29.3 -32.9  441.214219273
 57.6 -29.2 -32.8  440.529549333
 57.6 -29.1 -32.7  439.529019243
 57.6 -29.0 -32.6  438.208832856
 57.7 -28.9 -32.5  436.565625531
 57.7 -28.8 -32.4  434.596491153
 57.8 -28.8 -32.3  432.299007757
 57.8 -28.7 -32.2  429.671261573
 57.9 -28.6 -32.1  426.711869377
 57.9 -28.5 -32.0  423.419998996
 58.0 -28.4 -31.9  419.795387845
 58.0 -28.3 -31.8  415.838359406
 58.1 -28.2 -31.7  411.549837532
 58.1 -28.1 -31.6  406.931358515
 58.2 -28.0 -31.5  401.985080844
 58.2 -28.0 -31.4  396.713792603
 58.2 -27.9 -31.3  391.12091648
 58.3 -27.8 -31.2  385.210512361
 58.3 -27.7 -31.1  378.987277506
 58.4 -27.6 -31.0  372.456544325
 58.4 -27.5 -30.9  365.624275762
 58.5 -27.4 -30.8  358.497058349
 58.5 -27.3 -30.7  351.082092956
 58.6 -27.2 -30.6  343.387183334
 58.6 -27.2 -30.5  335.420722497
 58.7 -27.1 -30.4  327.191677063
 58.7 -27.0 -30.3  318.709569625
 58.7 -26.9 -30.2  309.984459298
 58.8 -26.8 -30.1  301.026920521
 58.8 -26.7 -30.0  291.848020277
 58.9 -26.6 -29.9  282.459293846
 58.9 -26.5 -29.8  272.872719229
 59.0 -26.4 -29.7  263.100690403
 59.0 -26.4 -29.6  253.155989535
 59.1 -26.3 -29.5  243.051758318
 59.1 -26.2 -29.4  232.801468578
 59.2 -26.1 -29.3  222.418892294
 59.2 -26.0 -29.2  211.91807119
 59.2 -25.9 -29.1  201.31328604
 59.3 -25.8 -29.0  190.61902583
 59.3 -25.7 -28.9  179.84995692
 59.4 -25.6 -28.8  169.020892327
 59.4 -25.5 -28.7  158.146761277
 59.5 -25.5 -28.6  147.242579123
 59.5 -25.4 -28.5  136.323417755
 59.6 -25.3 -28.4  125.404376604
 59.6 -25.2 -28.3  114.500554328
 59.7 -25.1 -28.2  103.627021269
 59.7 -25.0 -28.1  92.7987927606
 59.7 -24.9 -28.0  82.030803335
 59.8 -24.8 -27.9  71.3378819025
 59.8 -24.7 -27.8  60.734727932
 59.9 -24.7 -27.7  50.2358886711
 59.9 -24.6 -27.6  39.8557374273
 60.0 -24.5 -27.5  29.608452921
 60.0 -24.4 -27.4  19.5079997118
 60.1 -24.3 -27.3  9.56810969051
 60.1 -24.2 -27.2 -0.197735381467
 60.2 -24.1 -27.1 -9.77632031079
 60.2 -24.0 -27.0 -19.1547119241
 60.2 -23.9 -26.9 -28.3202735745
 60.3 -23.9 -26.8 -37.2606787512
 60.3 -23.8 -26.7 -45.9639238472
 60.4 -23.7 -26.6 -54.4183401439
 60.4 -23.6 -26.5 -62.6126050774
 60.5 -23.5 -26.4 -70.5357528523
 60.5 -23.4 -26.3 -78.1771844737
 60.6 -23.3 -26.2 -85.5266772672
 60.6 -23.2 -26.1 -92.5743939588
 60.7 -23.1 -26.0 -99.3108913857
 60.7 -23.1 -25.9 -105.727128906
 60.7 -23.0 -25.8 -111.814476577
 60.8 -22.9 -25.7 -117.564723161
 60.8 -22.8 -25.6 -122.970084026
 60.9 -22.7 -25.5 -128.023208987
 60.9 -22.6 -25.4 -132.717190143
 61.0 -22.5 -25.3 -137.045569755
 61.0 -22.4 -25.2 -141.002348187
 61.1 -22.3 -25.1 -144.581991957
 61.1 -22.3 -25.0 -147.779441906
 61.2 -22.2 -24.9 -150.590121498
 61.2 -22.1 -24.8 -153.009945257
 61.2 -22.0 -24.7 -155.035327334
 61.3 -21.9 -24.6 -156.663190188
 61.3 -21.8 -24.5 -157.890973358
 61.4 -21.7 -24.4 -158.716642291
 61.4 -21.6 -24.3 -159.138697189
 61.5 -21.5 -24.2 -159.156181811
 61.5 -21.5 -24.1 -158.768692187
 61.6 -21.4 -24.0 -157.976385169
 61.6 -21.3 -23.9 -156.77998674
 61.7 -21.2 -23.8 -155.180800008
 61.7 -21.1 -23.7 -153.180712786
 61.7 -21.0 -23.6 -150.782204683
 61.8 -20.9 -23.5 -147.988353585
 61.8 -20.8 -23.4 -144.802841439
 61.9 -20.7 -23.3 -141.22995924
 61.9 -20.7 -23.2 -137.274611091
 62.0 -20.6 -23.1 -132.942317259
 62.0 -20.5 -23.0 -128.239216097
 62.1 -20.4 -22.9 -123.172064728
 62.1 -20.3 -22.8 -117.748238405
 62.2 -20.2 -22.7 -111.975728424
 62.2 -20.1 -22.6 -105.863138502
 62.3 -20.0 -22.5 -99.4196795349
 62.3 -19.9 -22.4 -92.6551626437
 62.3 -19.9 -22.3 -85.5799904305
 62.4 -19.8 -22.2 -78.2051463812
 62.4 -19.7 -22.1 -70.5421823511
 62.5 -19.6 -22.0 -62.6032040851
 62.5 -19.5 -21.9 -54.4008547319
 62.6 -19.4 -21.8 -45.9482963282
 62.6 -19.3 -21.7 -37.2591892333
 62.7 -19.2 -21.6 -28.3476695161
 62.7 -19.1 -21.5 -19.2283243006
 62.8 -19.1 -21.4 -9.91616509796
 62.8 -19.0 -21.3 -0.426599159551
 62.8 -18.9 -21.2  9.22460109515
 62.9 -18.8 -21.1  19.0213305117
 62.9 -18.7 -21.0  28.9471854153
 63.0 -18.6 -20.9  38.9854995133
 63.0 -18.5 -20.8  49.1193813806
 63.1 -18.4 -20.7  59.3317534078
 63.1 -18.3 -20.6  69.6053920805
 63.2 -18.2 -20.5  79.9229694464
 63.2 -18.2 -20.4  90.2670956159
 63.3 -18.1 -20.3  100.62036213
 63.3 -18.0 -20.2  110.965386021
 63.3 -17.9 -20.1  121.284854386
 63.4 -17.8 -20.0  131.561569275
 63.4 -17.7 -19.9  141.778492709
 63.5 -17.6 -19.8  151.918791608
 63.5 -17.5 -19.7  161.965882443
 63.6 -17.4 -19.6  171.903475386
 63.6 -17.4 -19.5  181.715617763
 63.7 -17.3 -19.4  191.386736578
 63.7 -17.2 -19.3  200.90167993
 63.8 -17.1 -19.2  210.245757086
 63.8 -17.0 -19.1  219.404777024
 63.8 -16.9 -19.0  228.365085258
 63.9 -16.8 -18.9  237.113598723
 63.9 -16.7 -18.8  245.637838582
 64.0 -16.6 -18.7  253.92596074
 64.0 -16.6 -18.6  261.966783941
 64.1 -16.5 -18.5  269.749815262
 64.1 -16.4 -18.4  277.265272904
 64.2 -16.3 -18.3  284.504106118
 64.2 -16.2 -18.2  291.458012197
 64.3 -16.1 -18.1  298.119450405
 64.3 -16.0 -18.0  304.481652792
 64.3 -15.9 -17.9  310.538631826
 64.4 -15.8 -17.8  316.285184799
 64.4 -15.8 -17.7  321.716894985
 64.5 -15.7 -17.6  326.830129546
 64.5 -15.6 -17.5  331.622034196
 64.6 -15.5 -17.4  336.090524658
 64.6 -15.4 -17.3  340.234274959
 64.7 -15.3 -17.2  344.052702636
 64.7 -15.2 -17.1  347.545950935
 64.8 -15.1 -17.0  350.714868111
 64.8 -15.0 -16.9  353.560983942
 64.8 -15.0 -16.8  356.086483608
 64.9 -14.9 -16.7  358.294179067
 64.9 -14.8 -16.6  360.187478112
 65.0 -14.7 -16.5  361.770351287
 65.0 -14.6 -16.4  363.047296841
 65.1 -14.5 -16.3  364.023303946
 65.1 -14.4 -16.2  364.703814378
 65.2 -14.3 -16.1  365.094682888
 65.2 -14.2 -16.0  365.202136495
 65.3 -14.2 -15.9  365.032732944
 65.3 -14.1 -15.8  364.593318554
 65.3 -14.0 -15.7  363.890985719
 65.4 -13.9 -15.6  362.933030297
 65.4 -13.8 -15.5  361.72690913
 65.5 -13.7 -15.4  360.280197953
 65.5 -13.6 -15.3  358.600549915
 65.6 -13.5 -15.2  356.695654965
 65.6 -13.4 -15.1  354.573200317
 65.7 -13.4 -15.0  352.240832235
 65.7 -13.3 -14.9  349.706119328
 65.8 -13.2 -14.8  346.976517582
 65.8 -13.1 -14.7  344.059337302
 65.8 -13.0 -14.6  340.961712151
 65.9 -12.9 -14.5  337.690570449
 65.9 -12.8 -14.4  334.252608881
 66.0 -12.7 -14.3  330.654268745
 66.0 -12.6 -14.2  326.901714862
 66.1 -12.6 -14.1  323.00081724
 66.1 -12.5 -14.0  318.957135581
 66.2 -12.4 -13.9  314.775906683
 66.2 -12.3 -13.8  310.462034798
 66.3 -12.2 -13.7  306.020084948
 66.3 -12.1 -13.6  301.454279221
 66.4 -12.0 -13.5  296.768496032
 66.4 -11.9 -13.4  291.966272307
 66.4 -11.8 -13.3  287.050808542
 66.5 -11.8 -13.2  282.024976679
 66.5 -11.7 -13.1  276.89133069
 66.6 -11.6 -13.0  271.652119783
 66.6 -11.5 -12.9  266.309304098
 66.7 -11.4 -12.8  260.864572755
 66.7 -11.3 -12.7  255.31936412
 66.8 -11.2 -12.6  249.674888096
 66.8 -11.1 -12.5  243.932150282
 66.9 -11.0 -12.4  238.091977811
 66.9 -10.9 -12.3  232.155046651
 66.9 -10.9 -12.2  226.121910186
 67.0 -10.8 -12.1  219.99302884
 67.0 -10.7 -12.0  213.76880054
 67.1 -10.6 -11.9  207.449591784
 67.1 -10.5 -11.8  201.035769089
 67.2 -10.4 -11.7  194.527730591
 67.2 -10.3 -11.6  187.925937573
 67.3 -10.2 -11.5  181.230945676
 67.3 -10.1 -11.4  174.443435594
 67.4 -10.1 -11.3  167.564243013
 67.4 -10.0 -11.2  160.594387592
 67.4 -9.9 -11.1  153.535100771
 67.5 -9.8 -11.0  146.387852219
 67.5 -9.7 -10.9  139.15437472
 67.6 -9.6 -10.8  131.83668733
 67.6 -9.5 -10.7  124.437116642
 67.7 -9.4 -10.6  116.958315988
 67.7 -9.3 -10.5  109.403282472
 67.8 -9.3 -10.4  101.77537167
 67.8 -9.2 -10.3  94.0783099304
 67.9 -9.1 -10.2  86.3162041456
 67.9 -9.0 -10.1  78.493548946
 67.9 -8.9 -10.0  70.6152312414
 68.0 -8.8 -9.9  62.6865320752
 68.0 -8.7 -9.8  54.7131257638
 68.1 -8.6 -9.7  46.7010763145
 68.1 -8.5 -9.6  38.6568311314
 68.2 -8.5 -9.5  30.5872120364
 68.2 -8.4 -9.4  22.4994036478
 68.3 -8.3 -9.3  14.4009391767
 68.3 -8.2 -9.2  6.29968371576
 68.4 -8.1 -9.1 -1.79618488743
 68.4 -8.0 -9.0 -9.87819747011
 68.4 -7.9 -8.9 -17.9376171863
 68.5 -7.8 -8.8 -25.9654652007
 68.5 -7.7 -8.7 -33.9525483017
 68.6 -7.7 -8.6 -41.8894882775
 68.6 -7.6 -8.5 -49.7667528943
 68.7 -7.5 -8.4 -57.5746883018
 68.7 -7.4 -8.3 -65.3035526862
 68.8 -7.3 -8.2 -72.9435509858
 68.8 -7.2 -8.1 -80.484870476
 68.9 -7.1 -8.0 -87.9177170288
 68.9 -7.0 -7.9 -95.2323518498
 68.9 -6.9 -7.8 -102.419128491
 69.0 -6.9 -7.7 -109.468529944
 69.0 -6.8 -7.6 -116.371205606
 69.1 -6.7 -7.5 -123.118007938
 69.1 -6.6 -7.4 -129.700028603
 69.2 -6.5 -7.3 -136.108633913
 69.2 -6.4 -7.2 -142.335499387
 69.3 -6.3 -7.1 -148.372643259
 69.3 -6.2 -7.0 -154.212458754
 69.4 -6.1 -6.9 -159.847744976
 69.4 -6.1 -6.8 -165.271736262
 69.4 -6.0 -6.7 -170.478129853
 69.5 -5.9 -6.6 -175.461111755
 69.5 -5.8 -6.5 -180.215380676
 69.6 -5.7 -6.4 -184.736169919
 69.6 -5.6 -6.3 -189.019267145
 69.7 -5.5 -6.2 -193.061031928
 69.7 -5.4 -6.1 -196.858411014
 69.8 -5.3 -6.0 -200.408951246
 69.8 -5.3 -5.9 -203.710810101
 69.9 -5.2 -5.8 -206.762763806
 69.9 -5.1 -5.7 -209.564213021
 69.9 -5.0 -5.6 -212.11518608
 70.0 -4.9 -5.5 -214.416339794
 70.0 -4.8 -5.4 -216.46895784
 70.1 -4.7 -5.3 -218.274946765
 70.1 -4.6 -5.2 -219.836829637
 70.2 -4.5 -5.1 -221.157737417
 70.2 -4.5 -5.0 -222.241398088
 70.3 -4.4 -4.9 -223.092123632
 70.3 -4.3 -4.8 -223.714794935
 70.4 -4.2 -4.7 -224.114844691
 70.4 -4.1 -4.6 -224.298238422
 70.5 -4.0 -4.5 -224.271453711
 70.5 -3.9 -4.4 -224.041457747
 70.5 -3.8 -4.3 -223.615683308
 70.6 -3.7 -4.2 -223.002003295
 70.6 -3.6 -4.1 -222.208703938
 70.7 -3.6 -4.0 -221.244456796
 70.7 -3.5 -3.9 -220.118289687
 70.8 -3.4 -3.8 -218.839556664
 70.8 -3.3 -3.7 -217.417907168
 70.9 -3.2 -3.6 -215.863254486
 70.9 -3.1 -3.5 -214.185743648
 71.0 -3.0 -3.4 -212.395718874
 71.0 -2.9 -3.3 -210.503690698
 71.0 -2.8 -3.2 -208.5203029
 71.1 -2.8 -3.1 -206.456299347
 71.1 -2.7 -3.0 -204.322490864
 71.2 -2.6 -2.9 -202.129722247
 71.2 -2.5 -2.8 -199.88883951
 71.3 -2.4 -2.7 -197.610657484
 71.3 -2.3 -2.6 -195.305927841
 71.4 -2.2 -2.5 -192.985307655
 71.4 -2.1 -2.4 -190.659328565
 71.5 -2.0 -2.3 -188.338366629
 71.5 -2.0 -2.2 -186.032612939
 71.5 -1.9 -2.1 -183.752045072
 71.6 -1.8 -2.0 -181.506399418
 71.6 -1.7 -1.9 -179.305144475
 71.7 -1.6 -1.8 -177.157455129
 71.7 -1.5 -1.7 -175.072187994
 71.8 -1.4 -1.6 -173.057857832
 71.8 -1.3 -1.5 -171.122615104
 71.9 -1.2 -1.4 -169.27422468
 71.9 -1.2 -1.3 -167.520045742
 72.0 -1.1 -1.2 -165.867012894
 72.0 -1.0 -1.1 -164.321618513
 72.0 -0.9 -1.0 -162.889896354
 72.1 -0.8 -0.9 -161.577406421
 72.1 -0.7 -0.8 -160.389221128
 72.2 -0.6 -0.7 -159.32991275
 72.2 -0.5 -0.6 -158.403542175
 72.3 -0.4 -0.5 -157.613648972
 72.3 -0.4 -0.4 -156.963242766
 72.4 -0.3 -0.3 -156.454795945
 72.4 -0.2 -0.2 -156.090237679
 72.5 -0.1 -0.1 -155.870949268
 72.5  0.0  0.0 -155.797760822
 72.5  0.1  0.1 -155.870949268
 72.6  0.2  0.2 -156.090237679
 72.6  0.3  0.3 -156.454795945
 72.7  0.4  0.4 -156.963242766
 72.7  0.4  0.5 -157.613648972
 72.8  0.5  0.6 -158.403542175
 72.8  0.6  0.7 -159.32991275
 72.9  0.7  0.8 -160.389221128
 72.9  0.8  0.9 -161.577406421
 73.0  0.9  1.0 -162.889896354
 73.0  1.0  1.1 -164.321618513
 73.0  1.1  1.2 -165.867012894
 73.1  1.2  1.3 -167.520045742
 73.1  1.2  1.4 -169.27422468
 73.2  1.3  1.5 -171.122615104
 73.2  1.4  1.6 -173.057857832
 73.3  1.5  1.7 -175.072187995
 73.3  1.6  1.8 -177.157455129
 73.4  1.7  1.9 -179.305144475
 73.4  1.8  2.0 -181.506399418
 73.5  1.9  2.1 -183.752045072
 73.5  2.0  2.2 -186.032612939
 73.5  2.0  2.3 -188.338366629
 73.6  2.1  2.4 -190.659328565
 73.6  2.2  2.5 -192.985307655
 73.7  2.3  2.6 -195.305927841
 73.7  2.4  2.7 -197.610657484
 73.8  2.5  2.8 -199.88883951
 73.8  2.6  2.9 -202.129722247
 73.9  2.7  3.0 -204.322490864
 73.9  2.8  3.1 -206.456299347
 74.0  2.8  3.2 -208.5203029
 74.0  2.9  3.3 -210.503690698
 74.0  3.0  3.4 -212.395718874
 74.1  3.1  3.5 -214.185743648
 74.1  3.2  3.6 -215.863254486
 74.2  3.3  3.7 -217.417907168
 74.2  3.4  3.8 -218.839556664
 74.3  3.5  3.9 -220.118289687
 74.3  3.6  4.0 -221.244456796
 74.4  3.6  4.1 -222.208703938
 74.4  3.7  4.2 -223.002003295
 74.5  3.8  4.3 -223.615683308
 74.5  3.9  4.4 -224.041457747
 74.5  4.0  4.5 -224.271453711
 74.6  4.1  4.6 -224.298238422
 74.6  4.2  4.7 -224.114844691
 74.7  4.3  4.8 -223.714794935
 74.7  4.4  4.9 -223.092123632
 74.8  4.5  5.0 -222.241398088
 74.8  4.5  5.1 -221.157737417
 74.9  4.6  5.2 -219.836829637
 74.9  4.7  5.3 -218.274946765
 75.0  4.8  5.4 -216.46895784
 75.0  4.9  5.5 -214.416339794
 75.1  5.0  5.6 -212.11518608
 75.1  5.1  5.7 -209.564213021
 75.1  5.2  5.8 -206.762763806
 75.2  5.3  5.9 -203.710810101
 75.2  5.3  6.0 -200.408951246
 75.3  5.4  6.1 -196.858411014
 75.3  5.5  6.2 -193.061031928
 75.4  5.6  6.3 -189.019267145
 75.4  5.7  6.4 -184.736169919
 75.5  5.8  6.5 -180.215380676
 75.5  5.9  6.6 -175.461111755
 75.6  6.0  6.7 -170.478129853
 75.6  6.1  6.8 -165.271736262
 75.6  6.1  6.9 -159.847744976
 75.7  6.2  7.0 -154.212458754
 75.7  6.3  7.1 -148.372643259
 75.8  6.4  7.2 -142.335499387
 75.8  6.5  7.3 -136.108633913
 75.9  6.6  7.4 -129.700028603
 75.9  6.7  7.5 -123.118007938
 76.0  6.8  7.6 -116.371205606
 76.0  6.9  7.7 -109.468529944
 76.1  6.9  7.8 -102.419128491
 76.1  7.0  7.9 -95.2323518498
 76.1  7.1  8.0 -87.9177170288
 76.2  7.2  8.1 -80.484870476
 76.2  7.3  8.2 -72.9435509858
 76.3  7.4  8.3 -65.3035526862
 76.3  7.5  8.4 -57.5746883018
 76.4  7.6  8.5 -49.7667528943
 76.4  7.7  8.6 -41.8894882775
 76.5  7.7  8.7 -33.9525483017
 76.5  7.8  8.8 -25.9654652007
 76.6  7.9  8.9 -17.9376171863
 76.6  8.0  9.0 -9.87819747011
 76.6  8.1  9.1 -1.79618488743
 76.7  8.2  9.2  6.29968371576
 76.7  8.3  9.3  14.4009391767
 76.8  8.4  9.4  22.4994036478
 76.8  8.5  9.5  30.5872120364
 76.9  8.5  9.6  38.6568311314
 76.9  8.6  9.7  46.7010763145
 77.0  8.7  9.8  54.7131257638
 77.0  8.8  9.9  62.6865320752
 77.1  8.9  10.0  70.6152312414
 77.1  9.0  10.1  78.493548946
 77.1  9.1  10.2  86.3162041456
 77.2  9.2  10.3  94.0783099304
 77.2  9.3  10.4  101.77537167
 77.3  9.3  10.5  109.403282472
 77.3  9.4  10.6  116.958315988
 77.4  9.5  10.7  124.437116642
 77.4  9.6  10.8  131.83668733
 77.5  9.7  10.9  139.15437472
 77.5  9.8  11.0  146.387852219
 77.6  9.9  11.1  153.535100771
 77.6  10.0  11.2  160.594387592
 77.6  10.1  11.3  167.564243013
 77.7  10.1  11.4  174.443435594
 77.7  10.2  11.5  181.230945676
 77.8  10.3  11.6  187.925937573
 77.8  10.4  11.7  194.527730591
 77.9  10.5  11.8  201.035769089
 77.9  10.6  11.9  207.449591784
 78.0  10.7  12.0  213.76880054
 78.0  10.8  12.1  219.99302884
 78.1  10.9  12.2  226.121910186
 78.1  10.9  12.3  232.155046651
 78.1  11.0  12.4  238.091977811
 78.2  11.1  12.5  243.932150282
 78.2  11.2  12.6  249.674888096
 78.3  11.3  12.7  255.31936412
 78.3  11.4  12.8  260.864572755
 78.4  11.5  12.9  266.309304098
 78.4  11.6  13.0  271.652119783
 78.5  11.7  13.1  276.89133069
 78.5  11.8  13.2  282.024976679
 78.6  11.8  13.3  287.050808542
 78.6  11.9  13.4  291.966272307
 78.6  12.0  13.5  296.768496032
 78.7  12.1  13.6  301.454279221
 78.7  12.2  13.7  306.020084948
 78.8  12.3  13.8  310.462034798
 78.8  12.4  13.9  314.775906683
 78.9  12.5  14.0  318.957135581
 78.9  12.6  14.1  323.00081724
 79.0  12.6  14.2  326.901714862
 79.0  12.7  14.3  330.654268745
 79.1  12.8  14.4  334.252608881
 79.1  12.9  14.5  337.690570449
 79.2  13.0  14.6  340.961712151
 79.2  13.1  14.7  344.059337302
 79.2  13.2  14.8  346.976517582
 79.3  13.3  14.9  349.706119328
 79.3  13.4  15.0  352.240832235
 79.4  13.4  15.1  354.573200317
 79.4  13.5  15.2  356.695654965
 79.5  13.6  15.3  358.600549915
 79.5  13.7  15.4  360.280197953
 79.6  13.8  15.5  361.72690913
 79.6  13.9  15.6  362.933030297
 79.7  14.0  15.7  363.890985719
 79.7  14.1  15.8  364.593318554
 79.7  14.2  15.9  365.032732944
 79.8  14.2  16.0  365.202136495
 79.8  14.3  16.1  365.094682888
 79.9  14.4  16.2  364.703814378
 79.9  14.5  16.3  364.023303946
 80.0  14.6  16.4  363.047296841
 80.0  14.7  16.5  361.770351287
 80.1  14.8  16.6  360.187478112
 80.1  14.9  16.7  358.294179067
 80.2  15.0  16.8  356.086483608
 80.2  15.0  16.9  353.560983942
 80.2  15.1  17.0  350.714868111
 80.3  15.2  17.1  347.545950935
 80.3  15.3  17.2  344.052702636
 80.4  15.4  17.3  340.234274959
 80.4  15.5  17.4  336.090524658
 80.5  15.6  17.5  331.622034196
 80.5  15.7  17.6  326.830129546
 80.6  15.8  17.7  321.716894985
 80.6  15.8  17.8  316.285184799
 80.7  15.9  17.9  310.538631826
 80.7  16.0  18.0  304.481652792
 80.7  16.1  18.1  298.119450405
 80.8  16.2  18.2  291.458012197
 80.8  16.3  18.3  284.504106118
 80.9  16.4  18.4  277.265272904
 80.9  16.5  18.5  269.749815262
 81.0  16.6  18.6  261.966783941
 81.0  16.6  18.7  253.92596074
 81.1  16.7  18.8  245.637838582
 81.1  16.8  18.9  237.113598723
 81.2  16.9  19.0  228.365085258
 81.2  17.0  19.1  219.404777024
 81.2  17.1  19.2  210.245757086
 81.3  17.2  19.3  200.90167993
 81.3  17.3  19.4  191.386736578
 81.4  17.4  19.5  181.715617763
 81.4  17.4  19.6  171.903475386
 81.5  17.5  19.7  161.965882443
 81.5  17.6  19.8  151.918791608
 81.6  17.7  19.9  141.778492709
 81.6  17.8  20.0  131.561569275
 81.7  17.9  20.1  121.284854386
 81.7  18.0  20.2  110.965386021
 81.7  18.1  20.3  100.62036213
 81.8  18.2  20.4  90.2670956159
 81.8  18.2  20.5  79.9229694464
 81.9  18.3  20.6  69.6053920805
 81.9  18.4  20.7  59.3317534078
 82.0  18.5  20.8  49.1193813806
 82.0  18.6  20.9  38.9854995133
 82.1  18.7  21.0  28.9471854153
 82.1  18.8  21.1  19.0213305117
 82.2  18.9  21.2  9.22460109515
 82.2  19.0  21.3 -0.42659915955
 82.2  19.1  21.4 -9.91616509796
 82.3  19.1  21.5 -19.2283243006
 82.3  19.2  21.6 -28.3476695161
 82.4  19.3  21.7 -37.2591892333
 82.4  19.4  21.8 -45.9482963282
 82.5  19.5  21.9 -54.4008547319
 82.5  19.6  22.0 -62.6032040851
 82.6  19.7  22.1 -70.5421823511
 82.6  19.8  22.2 -78.2051463812
 82.7  19.9  22.3 -85.5799904305
 82.7  19.9  22.4 -92.6551626437
 82.7  20.0  22.5 -99.4196795349
 82.8  20.1  22.6 -105.863138502
 82.8  20.2  22.7 -111.975728424
 82.9  20.3  22.8 -117.748238405
 82.9  20.4  22.9 -123.172064728
 83.0  20.5  23.0 -128.239216097
 83.0  20.6  23.1 -132.942317259
 83.1  20.7  23.2 -137.274611091
 83.1  20.7  23.3 -141.22995924
 83.2  20.8  23.4 -144.802841439
 83.2  20.9  23.5 -147.988353585
 83.3  21.0  23.6 -150.782204683
 83.3  21.1  23.7 -153.180712786
 83.3  21.2  23.8 -155.180800008
 83.4  21.3  23.9 -156.77998674
 83.4  21.4  24.0 -157.976385169
 83.5  21.5  24.1 -158.768692187
 83.5  21.5  24.2 -159.156181811
 83.6  21.6  24.3 -159.138697189
 83.6  21.7  24.4 -158.716642291
 83.7  21.8  24.5 -157.890973358
 83.7  21.9  24.6 -156.663190188
 83.8  22.0  24.7 -155.035327334
 83.8  22.1  24.8 -153.009945257
 83.8  22.2  24.9 -150.590121498
 83.9  22.3  25.0 -147.779441906
 83.9  22.3  25.1 -144.581991957
 84.0  22.4  25.2 -141.002348187
 84.0  22.5  25.3 -137.045569755
 84.1  22.6  25.4 -132.717190143
 84.1  22.7  25.5 -128.023208987
 84.2  22.8  25.6 -122.970084026
 84.2  22.9  25.7 -117.564723161
 84.3  23.0  25.8 -111.814476577
 84.3  23.1  25.9 -105.727128906
 84.3  23.1  26.0 -99.3108913857
 84.4  23.2  26.1 -92.5743939588
 84.4  23.3  26.2 -85.5266772672
 84.5  23.4  26.3 -78.1771844737
 84.5  23.5  26.4 -70.5357528524
 84.6  23.6  26.5 -62.6126050774
 84.6  23.7  26.6 -54.4183401439
 84.7  23.8  26.7 -45.9639238472
 84.7  23.9  26.8 -37.2606787512
 84.8  23.9  26.9 -28.3202735745
 84.8  24.0  27.0 -19.1547119241
 84.8  24.1  27.1 -9.77632031079
 84.9  24.2  27.2 -0.197735381471
 84.9  24.3  27.3  9.5681096905
 85.0  24.4  27.4  19.5079997118
 85.0  24.5  27.5  29.608452921
 85.1  24.6  27.6  39.8557374273
 85.1  24.7  27.7  50.2358886711
 85.2  24.7  27.8  60.734727932
 85.2  24.8  27.9  71.3378819025
 85.3  24.9  28.0  82.030803335
 85.3  25.0  28.1  92.7987927606
 85.3  25.1  28.2  103.627021269
 85.4  25.2  28.3  114.500554328
 85.4  25.3  28.4  125.404376604
 85.5  25.4  28.5  136.323417755
 85.5  25.5  28.6  147.242579123
 85.6  25.5  28.7  158.146761277
 85.6  25.6  28.8  169.020892327
 85.7  25.7  28.9  179.84995692
 85.7  25.8  29.0  190.61902583
 85.8  25.9  29.1  201.31328604
 85.8  26.0  29.2  211.91807119
 85.8  26.1  29.3  222.418892294
 85.9  26.2  29.4  232.801468578
 85.9  26.3  29.5  243.051758318
 86.0  26.4  29.6  253.155989535
 86.0  26.4  29.7  263.100690403
 86.1  26.5  29.8  272.872719229
 86.1  26.6  29.9  282.459293846
 86.2  26.7  30.0  291.848020277
 86.2  26.8  30.1  301.026920521
 86.3  26.9  30.2  309.984459298
 86.3  27.0  30.3  318.709569625
 86.3  27.1  30.4  327.191677063
 86.4  27.2  30.5  335.420722497
 86.4  27.2  30.6  343.387183334
 86.5  27.3  30.7  351.082092956
 86.5  27.4  30.8  358.497058349
 86.6  27.5  30.9  365.624275762
 86.6  27.6  31.0  372.456544325
 86.7  27.7  31.1  378.987277506
 86.7  27.8  31.2  385.210512361
 86.8  27.9  31.3  391.12091648
 86.8  28.0  31.4  396.713792603
 86.8  28.0  31.5  401.985080844
 86.9  28.1  31.6  406.931358515
 86.9  28.2  31.7  411.549837532
 87.0  28.3  31.8  415.838359406
 87.0  28.4  31.9  419.795387845
 87.1  28.5  32.0  423.419998996
 87.1  28.6  32.1  426.711869377
 87.2  28.7  32.2  429.671261573
 87.2  28.8  32.3  432.299007757
 87.3  28.8  32.4  434.596491153
 87.3  28.9  32.5  436.565625531
 87.4  29.0  32.6  438.208832856
 87.4  29.1  32.7  439.529019243
 87.4  29.2  32.8  440.529549333
 87.5  29.3  32.9  441.214219273
 87.5  29.4  33.0  441.587228449
 87.6  29.5  33.1  441.653150153
 87.6  29.6  33.2  441.416901361
 87.7  29.6  33.3  440.883711821
 87.7  29.7  33.4  440.05909262
 87.8  29.8  33.5  438.948804459
 87.8  29.9  33.6  437.558825805
 87.9  30.0  33.7  435.895321137
 87.9  30.1  33.8  433.964609479
 87.9  30.2  33.9  431.773133417
 88.0  30.3  34.0  429.327428795
 88.0  30.4  34.1  426.634095274
 88.1  30.4  34.2  423.699767942
 88.1  30.5  34.3  420.531090151
 88.2  30.6  34.4  417.134687733
 88.2  30.7  34.5  413.517144766
 88.3  30.8  34.6  409.684981032
 88.3  30.9  34.7  405.644631288
 88.4  31.0  34.8  401.402426474
 88.4  31.1  34.9  396.96457697
 88.4  31.2  35.0  392.337157977
 88.5  31.2  35.1  387.5260971
 88.5  31.3  35.2  382.537164193
 88.6  31.4  35.3  377.375963495
 88.6  31.5  35.4  372.047928088
 88.7  31.6  35.5  366.558316677
 88.7  31.7  35.6  360.912212676
 88.8  31.8  35.7  355.114525565
 88.8  31.9  35.8  349.169994487
 88.9  32.0  35.9  343.083193987
 88.9  32.0  36.0  336.858541843
 88.9  32.1  36.1  330.500308861
 89.0  32.2  36.2  324.012630547
 89.0  32.3  36.3  317.399520491
 89.1  32.4  36.4  310.664885358
 89.1  32.5  36.5  303.812541299
 89.2  32.6  36.6  296.846231631
 89.2  32.7  36.7  289.7696456
 89.3  32.8  36.8  282.586438039
 89.3  32.8  36.9  275.300249738
 89.4  32.9  37.0  267.914728305
 89.4  33.0  37.1  260.433549327
 89.4  33.1  37.2  252.860437617
 89.5  33.2  37.3  245.199188334
 89.5  33.3  37.4  237.453687773
 89.6  33.4  37.5  229.627933604
 89.6  33.5  37.6  221.726054365
 89.7  33.6  37.7  213.752328006
 89.7  33.7  37.8  205.711199287
 89.8  33.7  37.9  197.607295842
 89.8  33.8  38.0  189.445442744
 89.9  33.9  38.1  181.230675389
 89.9  34.0  38.2  172.968250561
 89.9  34.1  38.3  164.663655525
 90.0  34.2  38.4  156.32261503
 90.0  34.3  38.5  147.951096117
 90.1  34.4  38.6  139.555310629
 90.1  34.5  38.7  131.141715346
 90.2  34.5  38.8  122.717009711
 90.2  34.6  38.9  114.288131073
 90.3  34.7  39.0  105.862247454
 90.3  34.8  39.1  97.4467478395
 90.4  34.9  39.2  89.0492299874
 90.4  35.0  39.3  80.6774858264
 90.4  35.1  39.4  72.3394844786
 90.5  35.2  39.5  64.043352994
 90.5  35.3  39.6  55.797354889
 90.6  35.3  39.7  47.6098666039
 90.6  35.4  39.8  39.4893520085
 90.7  35.5  39.9  31.4443351028
 90.7  35.6  40.0  23.4833710751
 90.8  35.7  40.1  15.6150158925
 90.8  35.8  40.2  7.84779461283
 90.9  35.9  40.3  0.190168617844
 90.9  36.0  40.4 -7.34949802234
 90.9  36.1  40.5 -14.7629728355
 91.0  36.1  40.6 -22.042189659
 91.0  36.2  40.7 -29.1792835462
 91.1  36.3  40.8 -36.1666256355
 91.1  36.4  40.9 -42.9968577439
 91.2  36.5  41.0 -49.6629264534
 91.2  36.6  41.1 -56.1581164537
 91.3  36.7  41.2 -62.4760829135
 91.3  36.8  41.3 -68.6108826554
 91.4  36.9  41.4 -74.5570039177
 91.4  36.9  41.5 -80.3093944937
 91.5  37.0  41.6 -85.8634880526
 91.5  37.1  41.7 -91.2152284537
 91.5  37.2  41.8 -96.3610918832
 91.6  37.3  41.9 -101.298106654
 91.6  37.4  42.0 -106.023870531
 91.7  37.5  42.1 -110.536565449
 91.7  37.6  42.2 -114.834969523
 91.8  37.7  42.3 -118.918466268
 91.8  37.7  42.4 -122.787050948
 91.9  37.8  42.5 -126.441334012
 91.9  37.9  42.6 -129.882541597
 92.0  38.0  42.7 -133.112513087
 92.0  38.1  42.8 -136.133695732
 92.0  38.2  42.9 -138.94913639
 92.1  38.3  43.0 -141.562470418
 92.1  38.4  43.1 -143.977907813
 92.2  38.5  43.2 -146.200216689
 92.2  38.5  43.3 -148.234704208
 92.3  38.6  43.4 -150.087195094
 92.3  38.7  43.5 -151.764007902
 92.4  38.8  43.6 -153.271929174
 92.4  38.9  43.7 -154.618185702
 92.5  39.0  43.8 -155.81041507
 92.5  39.1  43.9 -156.856634685
 92.5  39.2  44.0 -157.765209526
 92.6  39.3  44.1 -158.544818822
 92.6  39.3  44.2 -159.204421906
 92.7  39.4  44.3 -159.753223471
 92.7  39.5  44.4 -160.200638476
 92.8  39.6  44.5 -160.556256939
 92.8  39.7  44.6 -160.82980886
 92.9  39.8  44.7 -161.031129515
 92.9  39.9  44.8 -161.170125344
 93.0  40.0  44.9 -161.256740672
 93.0  40.1  45.0 -161.300925468
 93.0  40.1  45.1 -161.312604363
 93.1  40.2  45.2 -161.301647108
 93.1  40.3  45.3 -161.277840664
 93.2  40.4  45.4 -161.250863088
 93.2  40.5  45.5 -161.230259358
 93.3  40.6  45.6 -161.225419277
 93.3  40.7  45.7 -161.245557567
 93.4  40.8  45.8 -161.299696239
 93.4  40.9  45.9 -161.396649313
 93.5  40.9  46.0 -161.545009946
 93.5  41.0  46.1 -161.75313998
 93.5  41.1  46.2 -162.029161924
 93.6  41.2  46.3 -162.380953356
 93.6  41.3  46.4 -162.81614369
 93.7  41.4  46.5 -163.34211326
 93.7  41.5  46.6 -163.965994626
 93.8  41.6  46.7 -164.694675998
 93.8  41.7  46.8 -165.534806655
 93.9  41.8  46.9 -166.492804204
 93.9  41.8  47.0 -167.574863518
 94.0  41.9  47.1 -168.786967174
 94.0  42.0  47.2 -170.134897181
 94.0  42.1  47.3 -171.624247797
 94.1  42.2  47.4 -173.260439203
 94.1  42.3  47.5 -175.048731802
 94.2  42.4  47.6 -176.99424089
 94.2  42.5  47.7 -179.101951461
 94.3  42.6  47.8 -181.376732879
 94.3  42.6  47.9 -183.82335316
 94.4  42.7  48.0 -186.446492621
 94.4  42.8  48.1 -189.250756614
 94.5  42.9  48.2 -192.240687121
 94.5  43.0  48.3 -195.420772947
 94.5  43.1  48.4 -198.795458288
 94.6  43.2  48.5 -202.369149443
 94.6  43.3  48.6 -206.146219469
 94.7  43.4  48.7 -210.131010575
 94.7  43.4  48.8 -214.327834086
 94.8  43.5  48.9 -218.740967821
 94.8  43.6  49.0 -223.374650746
 94.9  43.7  49.1 -228.233074794
 94.9  43.8  49.2 -233.320373757
 95.0  43.9  49.3 -238.640609207
 95.0  44.0  49.4 -244.197753386
 95.0  44.1  49.5 -249.995669076
 95.1  44.2  49.6 -256.038086467
 95.1  44.2  49.7 -262.328577074
 95.2  44.3  49.8 -268.870524778
 95.2  44.4  49.9 -275.667094104
 95.3  44.5  50.0 -282.721195881
