x lower upper
-145.0 -20.7  20.7
-144.0 -20.6  20.9
-143.0 -20.4  21.1
-142.0 -20.2  21.2
-141.0 -20.1  21.4
-140.0 -19.9  21.6
-139.0 -19.6  21.9
-138.0 -19.4  22.1
-137.0 -19.2  22.3
-136.0 -19.0  22.5
-135.0 -18.8  22.8
-134.0 -18.6  23.0
-133.0 -18.3  23.2
-132.0 -18.1  23.5
-131.0 -17.8  23.7
-130.0 -17.6  24.0
-129.0 -17.3  24.2
-128.0 -17.0  24.5
-127.0 -16.7  24.8
-126.0 -16.4  25.1
-125.0 -16.1  25.3
-124.0 -15.9  25.5
-123.0 -15.6  25.7
-122.0 -15.3  26.0
-121.0 -15.1  26.1
-120.0 -14.9  26.3
-119.0 -14.7  26.5
-118.0 -14.5  26.6
-117.0 -14.3  26.8
-116.0 -14.1  26.9
-115.0 -13.9  27.1
-114.0 -13.7  27.2
-113.0 -13.6  27.3
-112.0 -13.5  27.4
-111.0 -13.4  27.6
-110.0 -13.2  27.7
-109.0 -13.1  27.8
-108.0 -13.0  27.9
-107.0 -12.9  28.0
-106.0 -12.7  28.2
-105.0 -12.5  28.3
-104.0 -12.3  28.5
-103.0 -12.1  28.6
-102.0 -11.9  28.6
-101.0 -11.6  28.6
-100.0 -11.4  28.6
-99.0 -11.2  28.5
-98.0 -11.0  28.4
-97.0 -10.9  28.3
-96.0 -10.8  28.1
-95.0 -10.7  27.9
-94.0 -10.6  27.7
-93.0 -10.5  27.5
-92.0 -10.5  27.2
-91.0 -10.5  26.9
-90.0 -10.5  26.6
-89.0 -10.6  26.3
-88.0 -10.7  25.9
-87.0 -10.8  25.6
-86.0 -11.0  25.2
-85.0 -11.2  24.9
-84.0 -11.6  24.5
-83.0 -12.1  24.0
-82.0 -12.6  23.5
-81.0 -13.1  22.9
-80.0 -13.4  21.8
-79.0 -13.7  20.1
-78.0 -14.0  19.4
-77.0 -14.2  19.0
-76.0 -14.4  18.6
-75.0 -14.6  17.9
-74.0 -14.9  16.9
-73.0 -15.3  15.9
-72.0 -15.9  15.3
-71.0 -16.9  14.9
-70.0 -17.9  14.6
-69.0 -18.6  14.4
-68.0 -19.0  14.2
-67.0 -19.4  14.0
-66.0 -20.1  13.7
-65.0 -21.8  13.4
-64.0 -22.9  13.1
-63.0 -23.5  12.6
-62.0 -24.0  12.1
-61.0 -24.5  11.6
-60.0 -24.9  11.2
-59.0 -25.2  11.0
-58.0 -25.6  10.8
-57.0 -25.9  10.7
-56.0 -26.3  10.6
-55.0 -26.6  10.5
-54.0 -26.9  10.5
-53.0 -27.2  10.5
-52.0 -27.5  10.5
-51.0 -27.7  10.6
-50.0 -27.9  10.7
-49.0 -28.1  10.8
-48.0 -28.3  10.9
-47.0 -28.4  11.0
-46.0 -28.5  11.2
-45.0 -28.6  11.4
-44.0 -28.6  11.6
-43.0 -28.6  11.9
-42.0 -28.6  12.1
-41.0 -28.5  12.3
-40.0 -28.3  12.5
-39.0 -28.2  12.7
-38.0 -28.0  12.9
-37.0 -27.9  13.0
-36.0 -27.8  13.1
-35.0 -27.7  13.2
-34.0 -27.6  13.4
-33.0 -27.4  13.5
-32.0 -27.3  13.6
-31.0 -27.2  13.7
-30.0 -27.1  13.9
-29.0 -26.9  14.1
-28.0 -26.8  14.3
-27.0 -26.6  14.5
-26.0 -26.5  14.7
-25.0 -26.3  14.9
-24.0 -26.1  15.1
-23.0 -26.0  15.3
-22.0 -25.7  15.6
-21.0 -25.5  15.9
-20.0 -25.3  16.1
-19.0 -25.1  16.4
-18.0 -24.8  16.7
-17.0 -24.5  17.0
-16.0 -24.2  17.3
-15.0 -24.0  17.6
-14.0 -23.7  17.8
-13.0 -23.5  18.1
-12.0 -23.2  18.3
-11.0 -23.0  18.6
-10.0 -22.8  18.8
-9.0 -22.5  19.0
-8.0 -22.3  19.2
-7.0 -22.1  19.4
-6.0 -21.9  19.6
-5.0 -21.6  19.9
-4.0 -21.4  20.1
-3.0 -21.2  20.2
-2.0 -21.1  20.4
-1.0 -20.9  20.6
 0.0 -20.7  20.7
 1.0 -20.6  20.9
 2.0 -20.4  21.1
 3.0 -20.2  21.2
 4.0 -20.1  21.4
 5.0 -19.9  21.6
 6.0 -19.6  21.9
 7.0 -19.4  22.1
 8.0 -19.2  22.3
 9.0 -19.0  22.5
 10.0 -18.8  22.8
 11.0 -18.6  23.0
 12.0 -18.3  23.2
 13.0 -18.1  23.5
 14.0 -17.8  23.7
 15.0 -17.6  24.0
 16.0 -17.3  24.2
 17.0 -17.0  24.5
 18.0 -16.7  24.8
 19.0 -16.4  25.1
 20.0 -16.1  25.3
 21.0 -15.9  25.5
 22.0 -15.6  25.7
 23.0 -15.3  26.0
 24.0 -15.1  26.1
 25.0 -14.9  26.3
 26.0 -14.7  26.5
 27.0 -14.5  26.6
 28.0 -14.3  26.8
 29.0 -14.1  26.9
 30.0 -13.9  27.1
 31.0 -13.7  27.2
 32.0 -13.6  27.3
 33.0 -13.5  27.4
 34.0 -13.4  27.6
 35.0 -13.2  27.7
 36.0 -13.1  27.8
 37.0 -13.0  27.9
 38.0 -12.9  28.0
 39.0 -12.7  28.2
 40.0 -12.5  28.3
 41.0 -12.3  28.5
 42.0 -12.1  28.6
 43.0 -11.9  28.6
 44.0 -11.6  28.6
 45.0 -11.4  28.6
 46.0 -11.2  28.5
 47.0 -11.0  28.4
 48.0 -10.9  28.3
 49.0 -10.8  28.1
 50.0 -10.7  27.9
 51.0 -10.6  27.7
 52.0 -10.5  27.5
 53.0 -10.5  27.2
 54.0 -10.5  26.9
 55.0 -10.5  26.6
 56.0 -10.6  26.3
 57.0 -10.7  25.9
 58.0 -10.8  25.6
 59.0 -11.0  25.2
 60.0 -11.2  24.9
 61.0 -11.6  24.5
 62.0 -12.1  24.0
 63.0 -12.6  23.5
 64.0 -13.1  22.9
 65.0 -13.4  21.8
 66.0 -13.7  20.1
 67.0 -14.0  19.4
 68.0 -14.2  19.0
 69.0 -14.4  18.6
 70.0 -14.6  17.9
 71.0 -14.9  16.9
 72.0 -15.3  15.9
 73.0 -15.9  15.3
 74.0 -16.9  14.9
 75.0 -17.9  14.6
 76.0 -18.6  14.4
 77.0 -19.0  14.2
 78.0 -19.4  14.0
 79.0 -20.1  13.7
 80.0 -21.8  13.4
 81.0 -22.9  13.1
 82.0 -23.5  12.6
 83.0 -24.0  12.1
 84.0 -24.5  11.6
 85.0 -24.9  11.2
 86.0 -25.2  11.0
 87.0 -25.6  10.8
 88.0 -25.9  10.7
 89.0 -26.3  10.6
 90.0 -26.6  10.5
 91.0 -26.9  10.5
 92.0 -27.2  10.5
 93.0 -27.5  10.5
 94.0 -27.7  10.6
 95.0 -27.9  10.7
 96.0 -28.1  10.8
 97.0 -28.3  10.9
 98.0 -28.4  11.0
 99.0 -28.5  11.2
 100.0 -28.6  11.4
 101.0 -28.6  11.6
 102.0 -28.6  11.9
 103.0 -28.6  12.1
 104.0 -28.5  12.3
 105.0 -28.3  12.5
 106.0 -28.2  12.7
 107.0 -28.0  12.9
 108.0 -27.9  13.0
 109.0 -27.8  13.1
 110.0 -27.7  13.2
 111.0 -27.6  13.4
 112.0 -27.4  13.5
 113.0 -27.3  13.6
 114.0 -27.2  13.7
 115.0 -27.1  13.9
 116.0 -26.9  14.1
 117.0 -26.8  14.3
 118.0 -26.6  14.5
 119.0 -26.5  14.7
 120.0 -26.3  14.9
 121.0 -26.1  15.1
 122.0 -26.0  15.3
 123.0 -25.7  15.6
 124.0 -25.5  15.9
 125.0 -25.3  16.1
 126.0 -25.1  16.4
 127.0 -24.8  16.7
 128.0 -24.5  17.0
 129.0 -24.2  17.3
 130.0 -24.0  17.6
 131.0 -23.7  17.8
 132.0 -23.5  18.1
 133.0 -23.2  18.3
 134.0 -23.0  18.6
 135.0 -22.8  18.8
 136.0 -22.5  19.0
 137.0 -22.3  19.2
 138.0 -22.1  19.4
 139.0 -21.9  19.6
 140.0 -21.6  19.9
 141.0 -21.4  20.1
 142.0 -21.2  20.2
 143.0 -21.1  20.4
 144.0 -20.9  20.6
 145.0 -20.7  20.7
