x lower upper
-145.0 -20.8  20.8
-144.0 -20.6  21.0
-143.0 -20.5  21.2
-142.0 -20.3  21.4
-141.0 -20.1  21.6
-140.0 -19.9  21.9
-139.0 -19.6  22.2
-138.0 -19.3  22.4
-137.0 -19.1  22.5
-136.0 -18.8  22.7
-135.0 -18.6  22.9
-134.0 -18.3  23.1
-133.0 -18.0  23.3
-132.0 -17.8  23.4
-131.0 -17.5  23.6
-130.0 -17.2  23.8
-129.0 -17.0  24.0
-128.0 -16.8  24.2
-127.0 -16.5  24.5
-126.0 -16.3  24.8
-125.0 -16.1  25.1
-124.0 -15.9  25.3
-123.0 -15.8  25.6
-122.0 -15.6  25.9
-121.0 -15.4  26.2
-120.0 -15.3  26.4
-119.0 -15.1  26.6
-118.0 -14.9  26.8
-117.0 -14.7  26.9
-116.0 -14.5  27.0
-115.0 -14.2  27.2
-114.0 -14.0  27.3
-113.0 -13.8  27.4
-112.0 -13.6  27.5
-111.0 -13.4  27.6
-110.0 -13.2  27.6
-109.0 -13.0  27.7
-108.0 -12.8  27.8
-107.0 -12.6  27.9
-106.0 -12.5  27.9
-105.0 -12.3  28.1
-104.0 -12.0  28.3
-103.0 -11.9  28.4
-102.0 -11.7  28.5
-101.0 -11.6  28.6
-100.0 -11.4  28.6
-99.0 -11.2  28.6
-98.0 -11.1  28.6
-97.0 -10.9  28.5
-96.0 -10.8  28.4
-95.0 -10.7  28.2
-94.0 -10.6  28.0
-93.0 -10.5  27.8
-92.0 -10.4  27.6
-91.0 -10.3  27.3
-90.0 -10.3  27.0
-89.0 -10.3  26.5
-88.0 -10.3  26.0
-87.0 -10.4  25.4
-86.0 -10.5  24.9
-85.0 -10.7  24.3
-84.0 -11.1  23.7
-83.0 -11.8  23.0
-82.0 -13.0  22.1
-81.0 -13.8  21.3
-80.0 -14.2  20.6
-79.0 -14.5  20.1
-78.0 -14.8  19.8
-77.0 -15.1  19.5
-76.0 -15.5  19.2
-75.0 -16.0  18.9
-74.0 -16.7  18.6
-73.0 -17.5  18.2
-72.0 -18.2  17.5
-71.0 -18.6  16.7
-70.0 -18.9  16.0
-69.0 -19.2  15.5
-68.0 -19.5  15.1
-67.0 -19.8  14.8
-66.0 -20.1  14.5
-65.0 -20.6  14.2
-64.0 -21.3  13.8
-63.0 -22.1  13.0
-62.0 -23.0  11.8
-61.0 -23.7  11.1
-60.0 -24.3  10.7
-59.0 -24.9  10.5
-58.0 -25.4  10.4
-57.0 -26.0  10.3
-56.0 -26.5  10.3
-55.0 -27.0  10.3
-54.0 -27.3  10.3
-53.0 -27.6  10.4
-52.0 -27.8  10.5
-51.0 -28.0  10.6
-50.0 -28.2  10.7
-49.0 -28.4  10.8
-48.0 -28.5  10.9
-47.0 -28.6  11.1
-46.0 -28.6  11.2
-45.0 -28.6  11.4
-44.0 -28.6  11.6
-43.0 -28.5  11.7
-42.0 -28.4  11.9
-41.0 -28.3  12.0
-40.0 -28.1  12.3
-39.0 -27.9  12.5
-38.0 -27.9  12.6
-37.0 -27.8  12.8
-36.0 -27.7  13.0
-35.0 -27.6  13.2
-34.0 -27.6  13.4
-33.0 -27.5  13.6
-32.0 -27.4  13.8
-31.0 -27.3  14.0
-30.0 -27.2  14.2
-29.0 -27.0  14.5
-28.0 -26.9  14.7
-27.0 -26.8  14.9
-26.0 -26.6  15.1
-25.0 -26.4  15.3
-24.0 -26.2  15.4
-23.0 -25.9  15.6
-22.0 -25.6  15.8
-21.0 -25.3  15.9
-20.0 -25.1  16.1
-19.0 -24.8  16.3
-18.0 -24.5  16.5
-17.0 -24.2  16.8
-16.0 -24.0  17.0
-15.0 -23.8  17.2
-14.0 -23.6  17.5
-13.0 -23.4  17.8
-12.0 -23.3  18.0
-11.0 -23.1  18.3
-10.0 -22.9  18.6
-9.0 -22.7  18.8
-8.0 -22.5  19.1
-7.0 -22.4  19.3
-6.0 -22.2  19.6
-5.0 -21.9  19.9
-4.0 -21.6  20.1
-3.0 -21.4  20.3
-2.0 -21.2  20.5
-1.0 -21.0  20.6
 0.0 -20.8  20.8
 1.0 -20.6  21.0
 2.0 -20.5  21.2
 3.0 -20.3  21.4
 4.0 -20.1  21.6
 5.0 -19.9  21.9
 6.0 -19.6  22.2
 7.0 -19.3  22.4
 8.0 -19.1  22.5
 9.0 -18.8  22.7
 10.0 -18.6  22.9
 11.0 -18.3  23.1
 12.0 -18.0  23.3
 13.0 -17.8  23.4
 14.0 -17.5  23.6
 15.0 -17.2  23.8
 16.0 -17.0  24.0
 17.0 -16.8  24.2
 18.0 -16.5  24.5
 19.0 -16.3  24.8
 20.0 -16.1  25.1
 21.0 -15.9  25.3
 22.0 -15.8  25.6
 23.0 -15.6  25.9
 24.0 -15.4  26.2
 25.0 -15.3  26.4
 26.0 -15.1  26.6
 27.0 -14.9  26.8
 28.0 -14.7  26.9
 29.0 -14.5  27.0
 30.0 -14.2  27.2
 31.0 -14.0  27.3
 32.0 -13.8  27.4
 33.0 -13.6  27.5
 34.0 -13.4  27.6
 35.0 -13.2  27.6
 36.0 -13.0  27.7
 37.0 -12.8  27.8
 38.0 -12.6  27.9
 39.0 -12.5  27.9
 40.0 -12.3  28.1
 41.0 -12.0  28.3
 42.0 -11.9  28.4
 43.0 -11.7  28.5
 44.0 -11.6  28.6
 45.0 -11.4  28.6
 46.0 -11.2  28.6
 47.0 -11.1  28.6
 48.0 -10.9  28.5
 49.0 -10.8  28.4
 50.0 -10.7  28.2
 51.0 -10.6  28.0
 52.0 -10.5  27.8
 53.0 -10.4  27.6
 54.0 -10.3  27.3
 55.0 -10.3  27.0
 56.0 -10.3  26.5
 57.0 -10.3  26.0
 58.0 -10.4  25.4
 59.0 -10.5  24.9
 60.0 -10.7  24.3
 61.0 -11.1  23.7
 62.0 -11.8  23.0
 63.0 -13.0  22.1
 64.0 -13.8  21.3
 65.0 -14.2  20.6
 66.0 -14.5  20.1
 67.0 -14.8  19.8
 68.0 -15.1  19.5
 69.0 -15.5  19.2
 70.0 -16.0  18.9
 71.0 -16.7  18.6
 72.0 -17.5  18.2
 73.0 -18.2  17.5
 74.0 -18.6  16.7
 75.0 -18.9  16.0
 76.0 -19.2  15.5
 77.0 -19.5  15.1
 78.0 -19.8  14.8
 79.0 -20.1  14.5
 80.0 -20.6  14.2
 81.0 -21.3  13.8
 82.0 -22.1  13.0
 83.0 -23.0  11.8
 84.0 -23.7  11.1
 85.0 -24.3  10.7
 86.0 -24.9  10.5
 87.0 -25.4  10.4
 88.0 -26.0  10.3
 89.0 -26.5  10.3
 90.0 -27.0  10.3
 91.0 -27.3  10.3
 92.0 -27.6  10.4
 93.0 -27.8  10.5
 94.0 -28.0  10.6
 95.0 -28.2  10.7
 96.0 -28.4  10.8
 97.0 -28.5  10.9
 98.0 -28.6  11.1
 99.0 -28.6  11.2
 100.0 -28.6  11.4
 101.0 -28.6  11.6
 102.0 -28.5  11.7
 103.0 -28.4  11.9
 104.0 -28.3  12.0
 105.0 -28.1  12.3
 106.0 -27.9  12.5
 107.0 -27.9  12.6
 108.0 -27.8  12.8
 109.0 -27.7  13.0
 110.0 -27.6  13.2
 111.0 -27.6  13.4
 112.0 -27.5  13.6
 113.0 -27.4  13.8
 114.0 -27.3  14.0
 115.0 -27.2  14.2
 116.0 -27.0  14.5
 117.0 -26.9  14.7
 118.0 -26.8  14.9
 119.0 -26.6  15.1
 120.0 -26.4  15.3
 121.0 -26.2  15.4
 122.0 -25.9  15.6
 123.0 -25.6  15.8
 124.0 -25.3  15.9
 125.0 -25.1  16.1
 126.0 -24.8  16.3
 127.0 -24.5  16.5
 128.0 -24.2  16.8
 129.0 -24.0  17.0
 130.0 -23.8  17.2
 131.0 -23.6  17.5
 132.0 -23.4  17.8
 133.0 -23.3  18.0
 134.0 -23.1  18.3
 135.0 -22.9  18.6
 136.0 -22.7  18.8
 137.0 -22.5  19.1
 138.0 -22.4  19.3
 139.0 -22.2  19.6
 140.0 -21.9  19.9
 141.0 -21.6  20.1
 142.0 -21.4  20.3
 143.0 -21.2  20.5
 144.0 -21.0  20.6
 145.0 -20.8  20.8
