x lower upper
-145.0 -20.9  20.9
-144.0 -20.7  21.1
-143.0 -20.5  21.3
-142.0 -20.3  21.4
-141.0 -20.1  21.6
-140.0 -19.9  21.8
-139.0 -19.6  22.1
-138.0 -19.4  22.3
-137.0 -19.2  22.5
-136.0 -18.9  22.7
-135.0 -18.7  22.8
-134.0 -18.4  23.0
-133.0 -18.1  23.2
-132.0 -17.8  23.4
-131.0 -17.5  23.5
-130.0 -17.3  23.7
-129.0 -17.0  23.9
-128.0 -16.8  24.1
-127.0 -16.5  24.4
-126.0 -16.3  24.7
-125.0 -16.1  25.0
-124.0 -15.9  25.3
-123.0 -15.7  25.6
-122.0 -15.5  25.9
-121.0 -15.4  26.2
-120.0 -15.2  26.4
-119.0 -15.0  26.6
-118.0 -14.8  26.8
-117.0 -14.6  27.0
-116.0 -14.4  27.1
-115.0 -14.1  27.3
-114.0 -13.9  27.4
-113.0 -13.7  27.5
-112.0 -13.5  27.6
-111.0 -13.4  27.6
-110.0 -13.2  27.7
-109.0 -13.0  27.8
-108.0 -12.8  27.9
-107.0 -12.7  27.9
-106.0 -12.5  28.0
-105.0 -12.4  28.1
-104.0 -12.1  28.3
-103.0 -12.0  28.4
-102.0 -11.8  28.5
-101.0 -11.7  28.6
-100.0 -11.5  28.6
-99.0 -11.4  28.6
-98.0 -11.2  28.6
-97.0 -11.1  28.5
-96.0 -10.9  28.3
-95.0 -10.8  28.1
-94.0 -10.7  27.9
-93.0 -10.6  27.7
-92.0 -10.5  27.4
-91.0 -10.4  27.1
-90.0 -10.4  26.7
-89.0 -10.4  26.3
-88.0 -10.4  25.7
-87.0 -10.4  25.2
-86.0 -10.5  24.6
-85.0 -10.7  24.1
-84.0 -11.0  23.5
-83.0 -11.7  22.7
-82.0 -12.9  21.8
-81.0 -13.7  21.0
-80.0 -14.1  20.4
-79.0 -14.4  20.0
-78.0 -14.7  19.6
-77.0 -15.0  19.3
-76.0 -15.3  19.1
-75.0 -15.8  18.8
-74.0 -16.5  18.5
-73.0 -17.3  18.0
-72.0 -18.0  17.3
-71.0 -18.5  16.5
-70.0 -18.8  15.8
-69.0 -19.1  15.3
-68.0 -19.3  15.0
-67.0 -19.6  14.7
-66.0 -20.0  14.4
-65.0 -20.4  14.1
-64.0 -21.0  13.7
-63.0 -21.8  12.9
-62.0 -22.7  11.7
-61.0 -23.5  11.0
-60.0 -24.1  10.7
-59.0 -24.6  10.5
-58.0 -25.2  10.4
-57.0 -25.7  10.4
-56.0 -26.3  10.4
-55.0 -26.7  10.4
-54.0 -27.1  10.4
-53.0 -27.4  10.5
-52.0 -27.7  10.6
-51.0 -27.9  10.7
-50.0 -28.1  10.8
-49.0 -28.3  10.9
-48.0 -28.5  11.1
-47.0 -28.6  11.2
-46.0 -28.6  11.4
-45.0 -28.6  11.5
-44.0 -28.6  11.7
-43.0 -28.5  11.8
-42.0 -28.4  12.0
-41.0 -28.3  12.1
-40.0 -28.1  12.4
-39.0 -28.0  12.5
-38.0 -27.9  12.7
-37.0 -27.9  12.8
-36.0 -27.8  13.0
-35.0 -27.7  13.2
-34.0 -27.6  13.4
-33.0 -27.6  13.5
-32.0 -27.5  13.7
-31.0 -27.4  13.9
-30.0 -27.3  14.1
-29.0 -27.1  14.4
-28.0 -27.0  14.6
-27.0 -26.8  14.8
-26.0 -26.6  15.0
-25.0 -26.4  15.2
-24.0 -26.2  15.4
-23.0 -25.9  15.5
-22.0 -25.6  15.7
-21.0 -25.3  15.9
-20.0 -25.0  16.1
-19.0 -24.7  16.3
-18.0 -24.4  16.5
-17.0 -24.1  16.8
-16.0 -23.9  17.0
-15.0 -23.7  17.3
-14.0 -23.5  17.5
-13.0 -23.4  17.8
-12.0 -23.2  18.1
-11.0 -23.0  18.4
-10.0 -22.8  18.7
-9.0 -22.7  18.9
-8.0 -22.5  19.2
-7.0 -22.3  19.4
-6.0 -22.1  19.6
-5.0 -21.8  19.9
-4.0 -21.6  20.1
-3.0 -21.4  20.3
-2.0 -21.3  20.5
-1.0 -21.1  20.7
 0.0 -20.9  20.9
 1.0 -20.7  21.1
 2.0 -20.5  21.3
 3.0 -20.3  21.4
 4.0 -20.1  21.6
 5.0 -19.9  21.8
 6.0 -19.6  22.1
 7.0 -19.4  22.3
 8.0 -19.2  22.5
 9.0 -18.9  22.7
 10.0 -18.7  22.8
 11.0 -18.4  23.0
 12.0 -18.1  23.2
 13.0 -17.8  23.4
 14.0 -17.5  23.5
 15.0 -17.3  23.7
 16.0 -17.0  23.9
 17.0 -16.8  24.1
 18.0 -16.5  24.4
 19.0 -16.3  24.7
 20.0 -16.1  25.0
 21.0 -15.9  25.3
 22.0 -15.7  25.6
 23.0 -15.5  25.9
 24.0 -15.4  26.2
 25.0 -15.2  26.4
 26.0 -15.0  26.6
 27.0 -14.8  26.8
 28.0 -14.6  27.0
 29.0 -14.4  27.1
 30.0 -14.1  27.3
 31.0 -13.9  27.4
 32.0 -13.7  27.5
 33.0 -13.5  27.6
 34.0 -13.4  27.6
 35.0 -13.2  27.7
 36.0 -13.0  27.8
 37.0 -12.8  27.9
 38.0 -12.7  27.9
 39.0 -12.5  28.0
 40.0 -12.4  28.1
 41.0 -12.1  28.3
 42.0 -12.0  28.4
 43.0 -11.8  28.5
 44.0 -11.7  28.6
 45.0 -11.5  28.6
 46.0 -11.4  28.6
 47.0 -11.2  28.6
 48.0 -11.1  28.5
 49.0 -10.9  28.3
 50.0 -10.8  28.1
 51.0 -10.7  27.9
 52.0 -10.6  27.7
 53.0 -10.5  27.4
 54.0 -10.4  27.1
 55.0 -10.4  26.7
 56.0 -10.4  26.3
 57.0 -10.4  25.7
 58.0 -10.4  25.2
 59.0 -10.5  24.6
 60.0 -10.7  24.1
 61.0 -11.0  23.5
 62.0 -11.7  22.7
 63.0 -12.9  21.8
 64.0 -13.7  21.0
 65.0 -14.1  20.4
 66.0 -14.4  20.0
 67.0 -14.7  19.6
 68.0 -15.0  19.3
 69.0 -15.3  19.1
 70.0 -15.8  18.8
 71.0 -16.5  18.5
 72.0 -17.3  18.0
 73.0 -18.0  17.3
 74.0 -18.5  16.5
 75.0 -18.8  15.8
 76.0 -19.1  15.3
 77.0 -19.3  15.0
 78.0 -19.6  14.7
 79.0 -20.0  14.4
 80.0 -20.4  14.1
 81.0 -21.0  13.7
 82.0 -21.8  12.9
 83.0 -22.7  11.7
 84.0 -23.5  11.0
 85.0 -24.1  10.7
 86.0 -24.6  10.5
 87.0 -25.2  10.4
 88.0 -25.7  10.4
 89.0 -26.3  10.4
 90.0 -26.7  10.4
 91.0 -27.1  10.4
 92.0 -27.4  10.5
 93.0 -27.7  10.6
 94.0 -27.9  10.7
 95.0 -28.1  10.8
 96.0 -28.3  10.9
 97.0 -28.5  11.1
 98.0 -28.6  11.2
 99.0 -28.6  11.4
 100.0 -28.6  11.5
 101.0 -28.6  11.7
 102.0 -28.5  11.8
 103.0 -28.4  12.0
 104.0 -28.3  12.1
 105.0 -28.1  12.4
 106.0 -28.0  12.5
 107.0 -27.9  12.7
 108.0 -27.9  12.8
 109.0 -27.8  13.0
 110.0 -27.7  13.2
 111.0 -27.6  13.4
 112.0 -27.6  13.5
 113.0 -27.5  13.7
 114.0 -27.4  13.9
 115.0 -27.3  14.1
 116.0 -27.1  14.4
 117.0 -27.0  14.6
 118.0 -26.8  14.8
 119.0 -26.6  15.0
 120.0 -26.4  15.2
 121.0 -26.2  15.4
 122.0 -25.9  15.5
 123.0 -25.6  15.7
 124.0 -25.3  15.9
 125.0 -25.0  16.1
 126.0 -24.7  16.3
 127.0 -24.4  16.5
 128.0 -24.1  16.8
 129.0 -23.9  17.0
 130.0 -23.7  17.3
 131.0 -23.5  17.5
 132.0 -23.4  17.8
 133.0 -23.2  18.1
 134.0 -23.0  18.4
 135.0 -22.8  18.7
 136.0 -22.7  18.9
 137.0 -22.5  19.2
 138.0 -22.3  19.4
 139.0 -22.1  19.6
 140.0 -21.8  19.9
 141.0 -21.6  20.1
 142.0 -21.4  20.3
 143.0 -21.3  20.5
 144.0 -21.1  20.7
 145.0 -20.9  20.9
