x lower upper
-141.7 -19.0  19.0
-140.7 -19.0  19.2
-139.7 -18.8  19.4
-138.7 -18.6  19.6
-137.7 -18.5  19.8
-136.7 -18.3  20.1
-135.7 -18.1  20.3
-134.7 -18.0  20.5
-133.7 -17.8  20.8
-132.7 -17.6  20.9
-131.7 -17.5  21.1
-130.7 -17.3  21.4
-129.7 -17.2  21.6
-128.7 -16.9  21.8
-127.7 -16.7  22.0
-126.7 -16.5  22.2
-125.7 -16.3  22.4
-124.7 -16.1  22.5
-123.7 -15.9  22.6
-122.7 -15.8  22.7
-121.7 -15.6  22.8
-120.7 -15.4  23.0
-119.7 -15.3  23.1
-118.7 -15.1  23.2
-117.8 -14.9  23.4
-116.8 -14.8  23.5
-115.8 -14.6  23.7
-114.8 -14.5  23.8
-113.8 -14.4  24.0
-112.8 -14.3  24.2
-111.8 -14.1  24.5
-110.8 -13.9  24.8
-109.8 -13.7  25.1
-108.8 -13.4  25.5
-107.8 -13.1  25.8
-106.8 -12.8  26.2
-105.8 -12.4  26.4
-104.8 -12.2  26.6
-103.8 -11.8  26.8
-102.8 -11.4  26.9
-101.8 -11.1  27.0
-100.8 -10.8  27.0
-99.8 -10.5  27.0
-98.8 -10.3  27.0
-97.8 -10.2  26.9
-96.8 -10.0  26.8
-95.8 -9.9  26.6
-94.8 -10.0  26.5
-93.8 -10.0  26.3
-92.8 -10.0  26.1
-91.8 -10.0  25.9
-90.8 -10.1  25.6
-89.8 -10.1  25.3
-88.8 -10.2  25.0
-87.8 -10.5  24.6
-86.8 -10.6  24.2
-85.8 -10.8  23.8
-84.8 -11.0  23.4
-83.8 -11.2  22.9
-82.8 -11.6  22.5
-81.8 -11.9  22.1
-80.8 -12.2  21.7
-79.8 -12.6  21.1
-78.8 -13.1  20.7
-77.8 -13.6  20.3
-76.8 -14.0  19.9
-75.8 -14.5  19.5
-74.8 -15.0  19.0
-73.8 -15.7  18.5
-72.8 -16.2  18.1
-71.8 -16.6  17.7
-70.8 -17.1  17.1
-69.9 -17.7  16.6
-68.9 -18.1  16.2
-67.9 -18.5  15.7
-66.9 -19.0  15.0
-65.9 -19.5  14.5
-64.9 -19.9  14.0
-63.9 -20.3  13.6
-62.9 -20.7  13.1
-61.9 -21.1  12.6
-60.9 -21.7  12.2
-59.9 -22.1  11.9
-58.9 -22.5  11.6
-57.9 -22.9  11.2
-56.9 -23.4  11.0
-55.9 -23.8  10.8
-54.9 -24.2  10.6
-53.9 -24.6  10.5
-52.9 -25.0  10.2
-51.9 -25.3  10.1
-50.9 -25.6  10.1
-49.9 -25.9  10.0
-48.9 -26.1  10.0
-47.9 -26.3  10.0
-46.9 -26.5  10.0
-45.9 -26.6  9.9
-44.9 -26.8  10.0
-43.9 -26.9  10.2
-42.9 -27.0  10.3
-41.9 -27.0  10.5
-40.9 -27.0  10.8
-39.9 -27.0  11.1
-38.9 -26.9  11.4
-37.9 -26.8  11.8
-36.9 -26.6  12.2
-35.9 -26.4  12.4
-34.9 -26.2  12.8
-33.9 -25.8  13.1
-32.9 -25.5  13.4
-31.9 -25.1  13.7
-30.9 -24.8  13.9
-29.9 -24.5  14.1
-28.9 -24.2  14.3
-27.9 -24.0  14.4
-26.9 -23.8  14.5
-25.9 -23.7  14.6
-24.9 -23.5  14.8
-23.9 -23.4  14.9
-23.0 -23.2  15.1
-22.0 -23.1  15.3
-21.0 -23.0  15.4
-20.0 -22.8  15.6
-19.0 -22.7  15.8
-18.0 -22.6  15.9
-17.0 -22.5  16.1
-16.0 -22.4  16.3
-15.0 -22.2  16.5
-14.0 -22.0  16.7
-13.0 -21.8  16.9
-12.0 -21.6  17.2
-11.0 -21.4  17.3
-10.0 -21.1  17.5
-9.0 -20.9  17.6
-8.0 -20.8  17.8
-7.0 -20.5  18.0
-6.0 -20.3  18.1
-5.0 -20.1  18.3
-4.0 -19.8  18.5
-3.0 -19.6  18.6
-2.0 -19.4  18.8
-1.0 -19.2  19.0
 0.0 -19.0  19.0
 1.0 -19.0  19.2
 2.0 -18.8  19.4
 3.0 -18.6  19.6
 4.0 -18.5  19.8
 5.0 -18.3  20.1
 6.0 -18.1  20.3
 7.0 -18.0  20.5
 8.0 -17.8  20.8
 9.0 -17.6  20.9
 10.0 -17.5  21.1
 11.0 -17.3  21.4
 12.0 -17.2  21.6
 13.0 -16.9  21.8
 14.0 -16.7  22.0
 15.0 -16.5  22.2
 16.0 -16.3  22.4
 17.0 -16.1  22.5
 18.0 -15.9  22.6
 19.0 -15.8  22.7
 20.0 -15.6  22.8
 21.0 -15.4  23.0
 22.0 -15.3  23.1
 23.0 -15.1  23.2
 23.9 -14.9  23.4
 24.9 -14.8  23.5
 25.9 -14.6  23.7
 26.9 -14.5  23.8
 27.9 -14.4  24.0
 28.9 -14.3  24.2
 29.9 -14.1  24.5
 30.9 -13.9  24.8
 31.9 -13.7  25.1
 32.9 -13.4  25.5
 33.9 -13.1  25.8
 34.9 -12.8  26.2
 35.9 -12.4  26.4
 36.9 -12.2  26.6
 37.9 -11.8  26.8
 38.9 -11.4  26.9
 39.9 -11.1  27.0
 40.9 -10.8  27.0
 41.9 -10.5  27.0
 42.9 -10.3  27.0
 43.9 -10.2  26.9
 44.9 -10.0  26.8
 45.9 -9.9  26.6
 46.9 -10.0  26.5
 47.9 -10.0  26.3
 48.9 -10.0  26.1
 49.9 -10.0  25.9
 50.9 -10.1  25.6
 51.9 -10.1  25.3
 52.9 -10.2  25.0
 53.9 -10.5  24.6
 54.9 -10.6  24.2
 55.9 -10.8  23.8
 56.9 -11.0  23.4
 57.9 -11.2  22.9
 58.9 -11.6  22.5
 59.9 -11.9  22.1
 60.9 -12.2  21.7
 61.9 -12.6  21.1
 62.9 -13.1  20.7
 63.9 -13.6  20.3
 64.9 -14.0  19.9
 65.9 -14.5  19.5
 66.9 -15.0  19.0
 67.9 -15.7  18.5
 68.9 -16.2  18.1
 69.9 -16.6  17.7
 70.8 -17.1  17.1
 71.8 -17.7  16.6
 72.8 -18.1  16.2
 73.8 -18.5  15.7
 74.8 -19.0  15.0
 75.8 -19.5  14.5
 76.8 -19.9  14.0
 77.8 -20.3  13.6
 78.8 -20.7  13.1
 79.8 -21.1  12.6
 80.8 -21.7  12.2
 81.8 -22.1  11.9
 82.8 -22.5  11.6
 83.8 -22.9  11.2
 84.8 -23.4  11.0
 85.8 -23.8  10.8
 86.8 -24.2  10.6
 87.8 -24.6  10.5
 88.8 -25.0  10.2
 89.8 -25.3  10.1
 90.8 -25.6  10.1
 91.8 -25.9  10.0
 92.8 -26.1  10.0
 93.8 -26.3  10.0
 94.8 -26.5  10.0
 95.8 -26.6  9.9
 96.8 -26.8  10.0
 97.8 -26.9  10.2
 98.8 -27.0  10.3
 99.8 -27.0  10.5
 100.8 -27.0  10.8
 101.8 -27.0  11.1
 102.8 -26.9  11.4
 103.8 -26.8  11.8
 104.8 -26.6  12.2
 105.8 -26.4  12.4
 106.8 -26.2  12.8
 107.8 -25.8  13.1
 108.8 -25.5  13.4
 109.8 -25.1  13.7
 110.8 -24.8  13.9
 111.8 -24.5  14.1
 112.8 -24.2  14.3
 113.8 -24.0  14.4
 114.8 -23.8  14.5
 115.8 -23.7  14.6
 116.8 -23.5  14.8
 117.8 -23.4  14.9
 118.7 -23.2  15.1
 119.7 -23.1  15.3
 120.7 -23.0  15.4
 121.7 -22.8  15.6
 122.7 -22.7  15.8
 123.7 -22.6  15.9
 124.7 -22.5  16.1
 125.7 -22.4  16.3
 126.7 -22.2  16.5
 127.7 -22.0  16.7
 128.7 -21.8  16.9
 129.7 -21.6  17.2
 130.7 -21.4  17.3
 131.7 -21.1  17.5
 132.7 -20.9  17.6
 133.7 -20.8  17.8
 134.7 -20.5  18.0
 135.7 -20.3  18.1
 136.7 -20.1  18.3
 137.7 -19.8  18.5
 138.7 -19.6  18.6
 139.7 -19.4  18.8
 140.7 -19.2  19.0
 141.7 -19.0  19.0
