x z dist ED
 49.7 -44.5 -50.0 -116.624749916
 49.8 -44.4 -49.9 -115.624045669
 49.8 -44.3 -49.8 -114.6151035
 49.9 -44.2 -49.7 -113.597395444
 49.9 -44.2 -49.6 -112.570377588
 50.0 -44.1 -49.5 -111.533490973
 50.0 -44.0 -49.4 -110.486162537
 50.0 -43.9 -49.3 -109.427806086
 50.1 -43.8 -49.2 -108.357823312
 50.1 -43.7 -49.1 -107.275604838
 50.2 -43.6 -49.0 -106.1805313
 50.2 -43.5 -48.9 -105.071974457
 50.3 -43.4 -48.8 -103.949298331
 50.3 -43.4 -48.7 -102.811860384
 50.4 -43.3 -48.6 -101.659012711
 50.4 -43.2 -48.5 -100.490103266
 50.5 -43.1 -48.4 -99.3044771114
 50.5 -43.0 -48.3 -98.1014776859
 50.5 -42.9 -48.2 -96.8804480973
 50.6 -42.8 -48.1 -95.6407324322
 50.6 -42.7 -48.0 -94.381677083
 50.7 -42.6 -47.9 -93.1026320904
 50.7 -42.6 -47.8 -91.8029524986
 50.8 -42.5 -47.7 -90.4819997221
 50.8 -42.4 -47.6 -89.1391429224
 50.9 -42.3 -47.5 -87.7737603905
 50.9 -42.2 -47.4 -86.3852409367
 51.0 -42.1 -47.3 -84.9729852814
 51.0 -42.0 -47.2 -83.5364074489
 51.0 -41.9 -47.1 -82.074936159
 51.1 -41.8 -47.0 -80.588016216
 51.1 -41.8 -46.9 -79.0751098921
 51.2 -41.7 -46.8 -77.5356983036
 51.2 -41.6 -46.7 -75.9692827773
 51.3 -41.5 -46.6 -74.3753862053
 51.3 -41.4 -46.5 -72.7535543855
 51.4 -41.3 -46.4 -71.1033573466
 51.4 -41.2 -46.3 -69.4243906543
 51.5 -41.1 -46.2 -67.7162766971
 51.5 -41.0 -46.1 -65.9786659499
 51.5 -40.9 -46.0 -64.2112382122
 51.6 -40.9 -45.9 -62.4137038206
 51.6 -40.8 -45.8 -60.5858048311
 51.7 -40.7 -45.7 -58.7273161715
 51.7 -40.6 -45.6 -56.8380467601
 51.8 -40.5 -45.5 -54.9178405897
 51.8 -40.4 -45.4 -52.9665777748
 51.9 -40.3 -45.3 -50.9841755592
 51.9 -40.2 -45.2 -48.9705892838
 52.0 -40.1 -45.1 -46.9258133109
 52.0 -40.1 -45.0 -44.8498819044
 52.0 -40.0 -44.9 -42.7428700638
 52.1 -39.9 -44.8 -40.6048943101
 52.1 -39.8 -44.7 -38.4361134224
 52.2 -39.7 -44.6 -36.2367291233
 52.2 -39.6 -44.5 -34.0069867113
 52.3 -39.5 -44.4 -31.7471756395
 52.3 -39.4 -44.3 -29.4576300385
 52.4 -39.3 -44.2 -27.1387291827
 52.4 -39.3 -44.1 -24.7908978979
 52.5 -39.2 -44.0 -22.4146069104
 52.5 -39.1 -43.9 -20.0103731349
 52.5 -39.0 -43.8 -17.5787599018
 52.6 -38.9 -43.7 -15.120377121
 52.6 -38.8 -43.6 -12.6358813833
 52.7 -38.7 -43.5 -10.1259759976
 52.7 -38.6 -43.4 -7.59141096305
 52.8 -38.5 -43.3 -5.03298287575
 52.8 -38.5 -43.2 -2.45153477003
 52.9 -38.4 -43.1  0.152044107061
 52.9 -38.3 -43.0  2.77681858789
 53.0 -38.2 -42.9  5.42180794323
 53.0 -38.1 -42.8  8.0859863085
 53.0 -38.0 -42.7  10.7682831771
 53.1 -37.9 -42.6  13.4675839611
 53.1 -37.8 -42.5  16.1827306188
 53.2 -37.7 -42.4  18.912522349
 53.2 -37.7 -42.3  21.6557163527
 53.3 -37.6 -42.2  24.4110286594
 53.3 -37.5 -42.1  27.1771350207
 53.4 -37.4 -42.0  29.9526718676
 53.4 -37.3 -41.9  32.7362373331
 53.5 -37.2 -41.8  35.5263923379
 53.5 -37.1 -41.7  38.3216617385
 53.5 -37.0 -41.6  41.1205355382
 53.6 -36.9 -41.5  43.921470157
 53.6 -36.9 -41.4  46.722889763
 53.7 -36.8 -41.3  49.5231876598
 53.7 -36.7 -41.2  52.320727733
 53.8 -36.6 -41.1  55.1138459505
 53.8 -36.5 -41.0  57.9008519179
 53.9 -36.4 -40.9  60.6800304853
 53.9 -36.3 -40.8  63.4496434054
 54.0 -36.2 -40.7  66.2079310404
 54.0 -36.1 -40.6  68.9531141158
 54.1 -36.1 -40.5  71.6833955192
 54.1 -36.0 -40.4  74.3969621429
 54.1 -35.9 -40.3  77.0919867664
 54.2 -35.8 -40.2  79.7666299789
 54.2 -35.7 -40.1  82.419042138
 54.3 -35.6 -40.0  85.0473653626
 54.3 -35.5 -39.9  87.6497355582
 54.4 -35.4 -39.8  90.2242844719
 54.4 -35.3 -39.7  92.7691417742
 54.5 -35.3 -39.6  95.2824371657
 54.5 -35.2 -39.5  97.7623025063
 54.6 -35.1 -39.4  100.206873963
 54.6 -35.0 -39.3  102.614294176
 54.6 -34.9 -39.2  104.982714436
 54.7 -34.8 -39.1  107.310296877
 54.7 -34.7 -39.0  109.595216675
 54.8 -34.6 -38.9  111.835664254
 54.8 -34.5 -38.8  114.02984749
 54.9 -34.5 -38.7  116.175993927
 54.9 -34.4 -38.6  118.272352975
 55.0 -34.3 -38.5  120.317198115
 55.0 -34.2 -38.4  122.308829088
 55.1 -34.1 -38.3  124.245574075
 55.1 -34.0 -38.2  126.125791867
 55.1 -33.9 -38.1  127.947874008
 55.2 -33.8 -38.0  129.710246927
 55.2 -33.7 -37.9  131.411374042
 55.3 -33.7 -37.8  133.049757843
 55.3 -33.6 -37.7  134.623941936
 55.4 -33.5 -37.6  136.132513071
 55.4 -33.4 -37.5  137.574103121
 55.5 -33.3 -37.4  138.947391032
 55.5 -33.2 -37.3  140.25110473
 55.6 -33.1 -37.2  141.484022988
 55.6 -33.0 -37.1  142.644977242
 55.6 -32.9 -37.0  143.732853369
 55.7 -32.8 -36.9  144.746593401
 55.7 -32.8 -36.8  145.6851972
 55.8 -32.7 -36.7  146.547724067
 55.8 -32.6 -36.6  147.333294296
 55.9 -32.5 -36.5  148.041090669
 55.9 -32.4 -36.4  148.670359891
 56.0 -32.3 -36.3  149.220413949
 56.0 -32.2 -36.2  149.690631421
 56.1 -32.1 -36.1  150.080458697
 56.1 -32.0 -36.0  150.389411146
 56.1 -32.0 -35.9  150.617074198
 56.2 -31.9 -35.8  150.763104356
 56.2 -31.8 -35.7  150.827230134
 56.3 -31.7 -35.6  150.809252908
 56.3 -31.6 -35.5  150.709047697
 56.4 -31.5 -35.4  150.526563857
 56.4 -31.4 -35.3  150.261825692
 56.5 -31.3 -35.2  149.914932988
 56.5 -31.2 -35.1  149.48606145
 56.6 -31.2 -35.0  148.975463065
 56.6 -31.1 -34.9  148.38346637
 56.6 -31.0 -34.8  147.710476634
 56.7 -30.9 -34.7  146.956975953
 56.7 -30.8 -34.6  146.123523255
 56.8 -30.7 -34.5  145.210754215
 56.8 -30.6 -34.4  144.219381078
 56.9 -30.5 -34.3  143.150192394
 56.9 -30.4 -34.2  142.004052662
 57.0 -30.4 -34.1  140.781901881
 57.0 -30.3 -34.0  139.484755016
 57.1 -30.2 -33.9  138.113701366
 57.1 -30.1 -33.8  136.669903846
 57.1 -30.0 -33.7  135.154598183
 57.2 -29.9 -33.6  133.569092013
 57.2 -29.8 -33.5  131.9147639
 57.3 -29.7 -33.4  130.193062259
 57.3 -29.6 -33.3  128.405504198
 57.4 -29.6 -33.2  126.553674271
 57.4 -29.5 -33.1  124.639223149
 57.5 -29.4 -33.0  122.6638662
 57.5 -29.3 -32.9  120.629381999
 57.6 -29.2 -32.8  118.537610748
 57.6 -29.1 -32.7  116.390452619
 57.6 -29.0 -32.6  114.18986602
 57.7 -28.9 -32.5  111.937865788
 57.7 -28.8 -32.4  109.636521302
 57.8 -28.8 -32.3  107.287954531
 57.8 -28.7 -32.2  104.894338006
 57.9 -28.6 -32.1  102.457892731
 57.9 -28.5 -32.0  99.9808860219
 58.0 -28.4 -31.9  97.4656292886
 58.0 -28.3 -31.8  94.9144757515
 58.1 -28.2 -31.7  92.3298181035
 58.1 -28.1 -31.6  89.7140861153
 58.2 -28.0 -31.5  87.0697441886
 58.2 -28.0 -31.4  84.3992888588
 58.2 -27.9 -31.3  81.7052462513
 58.3 -27.8 -31.2  78.9901694939
 58.3 -27.7 -31.1  76.2566360872
 58.4 -27.6 -31.0  73.5072452379
 58.4 -27.5 -30.9  70.7446151571
 58.5 -27.4 -30.8  67.9713803262
 58.5 -27.3 -30.7  65.1901887349
 58.6 -27.2 -30.6  62.4036990936
 58.6 -27.2 -30.5  59.614578024
 58.7 -27.1 -30.4  56.8254972309
 58.7 -27.0 -30.3  54.0391306589
 58.7 -26.9 -30.2  51.258151637
 58.8 -26.8 -30.1  48.4852300148
 58.8 -26.7 -30.0  45.7230292942
 58.9 -26.6 -29.9  42.9742037586
 58.9 -26.5 -29.8  40.2413956051
 59.0 -26.4 -29.7  37.5272320811
 59.0 -26.4 -29.6  34.8343226307
 59.1 -26.3 -29.5  32.1652560531
 59.1 -26.2 -29.4  29.5225976764
 59.2 -26.1 -29.3  26.9088865516
 59.2 -26.0 -29.2  24.3266326688
 59.2 -25.9 -29.1  21.7783141998
 59.3 -25.8 -29.0  19.26637477
 59.3 -25.7 -28.9  16.7932207637
 59.4 -25.6 -28.8  14.3612186655
 59.4 -25.5 -28.7  11.9726924409
 59.5 -25.5 -28.6  9.62992096093
 59.5 -25.4 -28.5  7.33513547133
 59.6 -25.3 -28.4  5.09051711214
 59.6 -25.2 -28.3  2.89819448906
 59.7 -25.1 -28.2  0.76024130038
 59.7 -25.0 -28.1 -1.32132597785
 59.7 -24.9 -28.0 -3.34455034523
 59.8 -24.8 -27.9 -5.30753646649
 59.8 -24.7 -27.8 -7.20845279393
 59.9 -24.7 -27.7 -9.04553362043
 59.9 -24.6 -27.6 -10.8170810602
 60.0 -24.5 -27.5 -12.5214669551
 60.0 -24.4 -27.4 -14.1571347033
 60.1 -24.3 -27.3 -15.7226010092
 60.1 -24.2 -27.2 -17.2164575515
 60.2 -24.1 -27.1 -18.6373725669
 60.2 -24.0 -27.0 -19.9840923487
 60.2 -23.9 -26.9 -21.2554426576
 60.3 -23.9 -26.8 -22.4503300422
 60.3 -23.8 -26.7 -23.5677430689
 60.4 -23.7 -26.6 -24.6067534592
 60.4 -23.6 -26.5 -25.5665171313
 60.5 -23.5 -26.4 -26.4462751476
 60.5 -23.4 -26.3 -27.2453545642
 60.6 -23.3 -26.2 -27.9631691826
 60.6 -23.2 -26.1 -28.5992202023
 60.7 -23.1 -26.0 -29.1530967738
 60.7 -23.1 -25.9 -29.6244764499
 60.7 -23.0 -25.8 -30.0131255369
 60.8 -22.9 -25.7 -30.3188993433
 60.8 -22.8 -25.6 -30.541742326
 60.9 -22.7 -25.5 -30.6816881349
 60.9 -22.6 -25.4 -30.7388595541
 61.0 -22.5 -25.3 -30.7134683414
 61.0 -22.4 -25.2 -30.6058149645
 61.1 -22.3 -25.1 -30.4162882359
 61.1 -22.3 -25.0 -30.1453648457
 61.2 -22.2 -24.9 -29.7936087934
 61.2 -22.1 -24.8 -29.3616707187
 61.2 -22.0 -24.7 -28.8502871336
 61.3 -21.9 -24.6 -28.2602795548
 61.3 -21.8 -24.5 -27.5925535386
 61.4 -21.7 -24.4 -26.8480976195
 61.4 -21.6 -24.3 -26.0279821534
 61.5 -21.5 -24.2 -25.1333580665
 61.5 -21.5 -24.1 -24.1654555125
 61.6 -21.4 -24.0 -23.1255824388
 61.6 -21.3 -23.9 -22.0151230634
 61.7 -21.2 -23.8 -20.8355362657
 61.7 -21.1 -23.7 -19.5883538911
 61.7 -21.0 -23.6 -18.2751789734
 61.8 -20.9 -23.5 -16.8976838762
 61.8 -20.8 -23.4 -15.4576083557
 61.9 -20.7 -23.3 -13.9567575474
 61.9 -20.7 -23.2 -12.3969998795
 62.0 -20.6 -23.1 -10.7802649152
 62.0 -20.5 -23.0 -9.10854112611
 62.1 -20.4 -22.9 -7.38387360119
 62.1 -20.3 -22.8 -5.60836169196
 62.2 -20.2 -22.7 -3.78415659851
 62.2 -20.1 -22.6 -1.91345889852
 62.3 -20.0 -22.5  0.00148397743585
 62.3 -19.9 -22.4  1.95838032107
 62.3 -19.9 -22.3  3.95489676905
 62.4 -19.8 -22.2  5.98866096977
 62.4 -19.7 -22.1  8.05726429084
 62.5 -19.6 -22.0  10.1582645642
 62.5 -19.5 -21.9  12.2891888651
 62.6 -19.4 -21.8  14.4475363217
 62.6 -19.3 -21.7  16.630780952
 62.7 -19.2 -21.6  18.8363745242
 62.7 -19.1 -21.5  21.0617494369
 62.8 -19.1 -21.4  23.3043216162
 62.8 -19.0 -21.3  25.5614934258
 62.8 -18.9 -21.2  27.8306565856
 62.9 -18.8 -21.1  30.1091950969
 62.9 -18.7 -21.0  32.3944881695
 63.0 -18.6 -20.9  34.683913147
 63.0 -18.5 -20.8  36.9748484276
 63.1 -18.4 -20.7  39.2646763751
 63.1 -18.3 -20.6  41.5507862194
 63.2 -18.2 -20.5  43.8305769394
 63.2 -18.2 -20.4  46.1014601279
 63.3 -18.1 -20.3  48.3608628334
 63.3 -18.0 -20.2  50.6062303746
 63.3 -17.9 -20.1  52.8350291272
 63.4 -17.8 -20.0  55.0447492757
 63.4 -17.7 -19.9  57.23290753
 63.5 -17.6 -19.8  59.3970498019
 63.5 -17.5 -19.7  61.5347538388
 63.6 -17.4 -19.6  63.6436318114
 63.6 -17.4 -19.5  65.7213328523
 63.7 -17.3 -19.4  67.7655455422
 63.7 -17.2 -19.3  69.7740003413
 63.8 -17.1 -19.2  71.7444719627
 63.8 -17.0 -19.1  73.6747816848
 63.8 -16.9 -19.0  75.5627996003
 63.9 -16.8 -18.9  77.4064467997
 63.9 -16.7 -18.8  79.2036974849
 64.0 -16.6 -18.7  80.9525810132
 64.0 -16.6 -18.6  82.6511838665
 64.1 -16.5 -18.5  84.2976515465
 64.1 -16.4 -18.4  85.8901903905
 64.2 -16.3 -18.3  87.4270693083
 64.2 -16.2 -18.2  88.9066214376
 64.3 -16.1 -18.1  90.3272457152
 64.3 -16.0 -18.0  91.6874083634
 64.3 -15.9 -17.9  92.9856442898
 64.4 -15.8 -17.8  94.2205583986
 64.4 -15.8 -17.7  95.3908268121
 64.5 -15.7 -17.6  96.495198002
 64.5 -15.6 -17.5  97.5324938286
 64.6 -15.5 -17.4  98.5016104867
 64.6 -15.4 -17.3  99.4015193586
 64.7 -15.3 -17.2  100.231267772
 64.7 -15.2 -17.1  100.989979663
 64.8 -15.1 -17.0  101.676856143
 64.8 -15.0 -16.9  102.291175974
 64.8 -15.0 -16.8  102.83229594
 64.9 -14.9 -16.7  103.299651128
 64.9 -14.8 -16.6  103.692755113
 65.0 -14.7 -16.5  104.011200044
 65.0 -14.6 -16.4  104.254656637
 65.1 -14.5 -16.3  104.422874072
 65.1 -14.4 -16.2  104.515679794
 65.2 -14.3 -16.1  104.532979223
 65.2 -14.2 -16.0  104.474755367
 65.3 -14.2 -15.9  104.341068345
 65.3 -14.1 -15.8  104.132054822
 65.3 -14.0 -15.7  103.847927345
 65.4 -13.9 -15.6  103.488973601
 65.4 -13.8 -15.5  103.055555578
 65.5 -13.7 -15.4  102.548108646
 65.5 -13.6 -15.3  101.967140554
 65.6 -13.5 -15.2  101.313230339
 65.6 -13.4 -15.1  100.587027161
 65.7 -13.4 -15.0  99.7892490523
 65.7 -13.3 -14.9  98.9206815973
 65.8 -13.2 -14.8  97.9821765314
 65.8 -13.1 -14.7  96.9746502711
 65.8 -13.0 -14.6  95.8990823722
 65.9 -12.9 -14.5  94.7565139211
 65.9 -12.8 -14.4  93.5480458602
 66.0 -12.7 -14.3  92.2748372511
 66.0 -12.6 -14.2  90.9381034774
 66.1 -12.6 -14.1  89.53911439
 66.1 -12.5 -14.0  88.0791923978
 66.2 -12.4 -13.9  86.559710507
 66.2 -12.3 -13.8  84.9820903107
 66.3 -12.2 -13.7  83.3477999335
 66.3 -12.1 -13.6  81.6583519322
 66.4 -12.0 -13.5  79.9153011572
 66.4 -11.9 -13.4  78.1202425767
 66.4 -11.8 -13.3  76.274809068
 66.5 -11.8 -13.2  74.3806691769
 66.5 -11.7 -13.1  72.4395248508
 66.6 -11.6 -13.0  70.4531091479
 66.6 -11.5 -12.9  68.4231839243
 66.7 -11.4 -12.8  66.3515375047
 66.7 -11.3 -12.7  64.239982338
 66.8 -11.2 -12.6  62.0903526422
 66.8 -11.1 -12.5  59.9045020412
 66.9 -11.0 -12.4  57.6843011973
 66.9 -10.9 -12.3  55.4316354424
 66.9 -10.9 -12.2  53.1484024106
 67.0 -10.8 -12.1  50.8365096768
 67.0 -10.7 -12.0  48.4978724033
 67.1 -10.6 -11.9  46.1344109981
 67.1 -10.5 -11.8  43.7480487874
 67.2 -10.4 -11.7  41.3407097072
 67.2 -10.3 -11.6  38.9143160142
 67.3 -10.2 -11.5  36.4707860225
 67.3 -10.1 -11.4  34.0120318653
 67.4 -10.1 -11.3  31.5399572886
 67.4 -10.0 -11.2  29.0564554759
 67.4 -9.9 -11.1  26.5634069093
 67.5 -9.8 -11.0  24.0626772696
 67.5 -9.7 -10.9  21.556115376
 67.6 -9.6 -10.8  19.0455511709
 67.6 -9.5 -10.7  16.5327937499
 67.7 -9.4 -10.6  14.0196294416
 67.7 -9.3 -10.5  11.5078199372
 67.8 -9.3 -10.4  8.99910047469
 67.8 -9.2 -10.3  6.49517807783
 67.9 -9.1 -10.2  3.99772985347
 67.9 -9.0 -10.1  1.50840134821
 67.9 -8.9 -10.0 -0.971195032965
 68.0 -8.8 -9.9 -3.43948154458
 68.0 -8.7 -9.8 -5.89491655329
 68.1 -8.6 -9.7 -8.33599592354
 68.1 -8.5 -9.6 -10.7612543348
 68.2 -8.5 -9.5 -13.1692665288
 68.2 -8.4 -9.4 -15.558648486
 68.3 -8.3 -9.3 -17.928058529
 68.3 -8.2 -9.2 -20.2761983529
 68.4 -8.1 -9.1 -22.6018139816
 68.4 -8.0 -9.0 -24.9036966476
 68.4 -7.9 -8.9 -27.1806835972
 68.5 -7.8 -8.8 -29.4316588177
 68.5 -7.7 -8.7 -31.6555536883
 68.6 -7.7 -8.6 -33.8513475531
 68.6 -7.6 -8.5 -36.0180682161
 68.7 -7.5 -8.4 -38.1547923583
 68.7 -7.4 -8.3 -40.2606458766
 68.8 -7.3 -8.2 -42.334804145
 68.8 -7.2 -8.1 -44.3764921976
 68.9 -7.1 -8.0 -46.3849848341
 68.9 -7.0 -7.9 -48.3596066488
 68.9 -6.9 -7.8 -50.2997319821
 69.0 -6.9 -7.7 -52.2047847969
 69.0 -6.8 -7.6 -54.0742384792
 69.1 -6.7 -7.5 -55.9076155652
 69.1 -6.6 -7.4 -57.7044873945
 69.2 -6.5 -7.3 -59.4644736909
 69.2 -6.4 -7.2 -61.1872420732
 69.3 -6.3 -7.1 -62.8725074949
 69.3 -6.2 -7.0 -64.5200316169
 69.4 -6.1 -6.9 -66.1296221124
 69.4 -6.1 -6.8 -67.7011319071
 69.4 -6.0 -6.7 -69.2344583555
 69.5 -5.9 -6.6 -70.729542356
 69.5 -5.8 -6.5 -72.1863674051
 69.6 -5.7 -6.4 -73.6049585948
 69.6 -5.6 -6.3 -74.9853815532
 69.7 -5.5 -6.2 -76.3277413317
 69.7 -5.4 -6.1 -77.6321812403
 69.8 -5.3 -6.0 -78.8988816338
 69.8 -5.3 -5.9 -80.1280586509
 69.9 -5.2 -5.8 -81.3199629083
 69.9 -5.1 -5.7 -82.474878153
 69.9 -5.0 -5.6 -83.5931198744
 70.0 -4.9 -5.5 -84.6750338799
 70.0 -4.8 -5.4 -85.7209948355
 70.1 -4.7 -5.3 -86.7314047744
 70.1 -4.6 -5.2 -87.7066915765
 70.2 -4.5 -5.1 -88.6473074218
 70.2 -4.5 -5.0 -89.5537272197
 70.3 -4.4 -4.9 -90.426447017
 70.3 -4.3 -4.8 -91.2659823886
 70.4 -4.2 -4.7 -92.0728668125
 70.4 -4.1 -4.6 -92.847650032
 70.5 -4.0 -4.5 -93.5908964091
 70.5 -3.9 -4.4 -94.3031832704
 70.5 -3.8 -4.3 -94.9850992493
 70.6 -3.7 -4.2 -95.6372426279
 70.6 -3.6 -4.1 -96.2602196796
 70.7 -3.6 -4.0 -96.8546430172
 70.7 -3.5 -3.9 -97.4211299482
 70.8 -3.4 -3.8 -97.9603008407
 70.8 -3.3 -3.7 -98.4727775017
 70.9 -3.2 -3.6 -98.959181572
 70.9 -3.1 -3.5 -99.4201329394
 71.0 -3.0 -3.4 -99.8562481732
 71.0 -2.9 -3.3 -100.268138982
 71.0 -2.8 -3.2 -100.656410699
 71.1 -2.8 -3.1 -101.021660795
 71.1 -2.7 -3.0 -101.364477426
 71.2 -2.6 -2.9 -101.685438008
 71.2 -2.5 -2.8 -101.985107838
 71.3 -2.4 -2.7 -102.264038744
 71.3 -2.3 -2.6 -102.522767782
 71.4 -2.2 -2.5 -102.761815974
 71.4 -2.1 -2.4 -102.98168709
 71.5 -2.0 -2.3 -103.182866481
 71.5 -2.0 -2.2 -103.365819955
 71.5 -1.9 -2.1 -103.530992711
 71.6 -1.8 -2.0 -103.678808321
 71.6 -1.7 -1.9 -103.809667766
 71.7 -1.6 -1.8 -103.923948532
 71.7 -1.5 -1.7 -104.022003761
 71.8 -1.4 -1.6 -104.104161457
 71.8 -1.3 -1.5 -104.170723762
 71.9 -1.2 -1.4 -104.221966285
 71.9 -1.2 -1.3 -104.258137495
 72.0 -1.1 -1.2 -104.279458178
 72.0 -1.0 -1.1 -104.286120964
 72.0 -0.9 -1.0 -104.278289908
 72.1 -0.8 -0.9 -104.256100146
 72.1 -0.7 -0.8 -104.219657612
 72.2 -0.6 -0.7 -104.169038829
 72.2 -0.5 -0.6 -104.104290755
 72.3 -0.4 -0.5 -104.02543071
 72.3 -0.4 -0.4 -103.932446362
 72.4 -0.3 -0.3 -103.825295781
 72.4 -0.2 -0.2 -103.703907564
 72.5 -0.1 -0.1 -103.568181027
 72.5  0.0  0.0 -103.417986458
 72.5  0.1  0.1 -103.253165446
 72.6  0.2  0.2 -103.073531266
 72.6  0.3  0.3 -102.878869338
 72.7  0.4  0.4 -102.668937744
 72.7  0.4  0.5 -102.443467813
 72.8  0.5  0.6 -102.202164765
 72.8  0.6  0.7 -101.944708421
 72.9  0.7  0.8 -101.67075397
 72.9  0.8  0.9 -101.379932795
 73.0  0.9  1.0 -101.071853361
 73.0  1.0  1.1 -100.746102152
 73.0  1.1  1.2 -100.402244672
 73.1  1.2  1.3 -100.03982649
 73.1  1.2  1.4 -99.6583743427
 73.2  1.3  1.5 -99.2573972846
 73.2  1.4  1.6 -98.8363878847
 73.3  1.5  1.7 -98.3948234704
 73.3  1.6  1.8 -97.9321674138
 73.4  1.7  1.9 -97.4478704602
 73.4  1.8  2.0 -96.9413720953
 73.5  1.9  2.1 -96.4121019489
 73.5  2.0  2.2 -95.8594812343
 73.5  2.0  2.3 -95.2829242182
 73.6  2.1  2.4 -94.6818397215
 73.6  2.2  2.5 -94.0556326467
 73.7  2.3  2.6 -93.4037055295
 73.7  2.4  2.7 -92.725460113
 73.8  2.5  2.8 -92.0202989402
 73.8  2.6  2.9 -91.2876269642
 73.9  2.7  3.0 -90.5268531709
 73.9  2.8  3.1 -89.7373922137
 74.0  2.8  3.2 -88.918666056
 74.0  2.9  3.3 -88.0701056191
 74.0  3.0  3.4 -87.191152433
 74.1  3.1  3.5 -86.2812602864
 74.1  3.2  3.6 -85.3398968744
 74.2  3.3  3.7 -84.3665454395
 74.2  3.4  3.8 -83.3607064043
 74.3  3.5  3.9 -82.3218989921
 74.3  3.6  4.0 -81.2496628338
 74.4  3.6  4.1 -80.1435595566
 74.4  3.7  4.2 -79.0031743534
 74.5  3.8  4.3 -77.8281175287
 74.5  3.9  4.4 -76.6180260194
 74.5  4.0  4.5 -75.3725648868
 74.6  4.1  4.6 -74.091428778
 74.6  4.2  4.7 -72.7743433532
 74.7  4.3  4.8 -71.4210666773
 74.7  4.4  4.9 -70.0313905719
 74.8  4.5  5.0 -68.6051419268
 74.8  4.5  5.1 -67.142183967
 74.9  4.6  5.2 -65.642417474
 74.9  4.7  5.3 -64.1057819587
 75.0  4.8  5.4 -62.5322567827
 75.0  4.9  5.5 -60.9218622281
 75.1  5.0  5.6 -59.2746605108
 75.1  5.1  5.7 -57.5907567378
 75.1  5.2  5.8 -55.8702998049
 75.2  5.3  5.9 -54.1134832336
 75.2  5.3  6.0 -52.3205459455
 75.3  5.4  6.1 -50.4917729723
 75.3  5.5  6.2 -48.6274960995
 75.4  5.6  6.3 -46.7280944428
 75.4  5.7  6.4 -44.7939949559
 75.5  5.8  6.5 -42.8256728677
 75.5  5.9  6.6 -40.8236520483
 75.6  6.0  6.7 -38.7885053023
 75.6  6.1  6.8 -36.7208545888
 75.6  6.1  6.9 -34.6213711668
 75.7  6.2  7.0 -32.4907756658
 75.7  6.3  7.1 -30.32983808
 75.8  6.4  7.2 -28.1393776864
 75.8  6.5  7.3 -25.9202628863
 75.9  6.6  7.4 -23.673410969
 75.9  6.7  7.5 -21.3997877986
 76.0  6.8  7.6 -19.1004074232
 76.0  6.9  7.7 -16.7763316066
 76.1  6.9  7.8 -14.4286692824
 76.1  7.0  7.9 -12.0585759315
 76.1  7.1  8.0 -9.66725288255
 76.2  7.2  8.1 -7.25594653599
 76.2  7.3  8.2 -4.82594751292
 76.3  7.4  8.3 -2.37858972862
 76.3  7.5  8.4  0.084750607933
 76.4  7.6  8.5  2.56265606766
 76.4  7.7  8.6  5.05366914716
 76.5  7.7  8.7  7.5562934855
 76.5  7.8  8.8  10.0689951506
 76.6  7.9  8.9  12.5902039939
 76.6  8.0  9.0  15.118315072
 76.6  8.1  9.1  17.6516901338
 76.7  8.2  9.2  20.1886591701
 76.7  8.3  9.3  22.7275220263
 76.8  8.4  9.4  25.2665500744
 76.8  8.5  9.5  27.8039879422
 76.9  8.5  9.6  30.3380552997
 76.9  8.6  9.7  32.866948698
 77.0  8.7  9.8  35.3888434596
 77.0  8.8  9.9  37.9018956189
 77.1  8.9  10.0  40.4042439074
 77.1  9.0  10.1  42.8940117851
 77.1  9.1  10.2  45.3693095115
 77.2  9.2  10.3  47.8282362572
 77.2  9.3  10.4  50.2688822504
 77.3  9.3  10.5  52.6893309573
 77.3  9.4  10.6  55.0876612933
 77.4  9.5  10.7  57.4619498616
 77.4  9.6  10.8  59.8102732166
 77.5  9.7  10.9  62.130710149
 77.5  9.8  11.0  64.4213439898
 77.6  9.9  11.1  66.68026493
 77.6  10.0  11.2  68.9055723524
 77.6  10.1  11.3  71.0953771733
 77.7  10.1  11.4  73.2478041906
 77.7  10.2  11.5  75.3609944341
 77.8  10.3  11.6  77.4331075168
 77.8  10.4  11.7  79.4623239819
 77.9  10.5  11.8  81.4468476438
 77.9  10.6  11.9  83.3849079193
 78.0  10.7  12.0  85.2747621453
 78.0  10.8  12.1  87.1146978809
 78.1  10.9  12.2  88.9030351896
 78.1  10.9  12.3  90.6381288991
 78.1  11.0  12.4  92.3183708351
 78.2  11.1  12.5  93.9421920263
 78.2  11.2  12.6  95.508064877
 78.3  11.3  12.7  97.0145053052
 78.3  11.4  12.8  98.4600748414
 78.4  11.5  12.9  99.8433826872
 78.4  11.6  13.0  101.163087729
 78.5  11.7  13.1  102.417900505
 78.5  11.8  13.2  103.606585121
 78.6  11.8  13.3  104.727961115
 78.6  11.9  13.4  105.780905267
 78.6  12.0  13.5  106.764353345
 78.7  12.1  13.6  107.677301799
 78.7  12.2  13.7  108.518809383
 78.8  12.3  13.8  109.287998718
 78.8  12.4  13.9  109.984057781
 78.9  12.5  14.0  110.606241328
 78.9  12.6  14.1  111.153872241
 79.0  12.6  14.2  111.626342803
 79.0  12.7  14.3  112.023115895
 79.1  12.8  14.4  112.343726112
 79.1  12.9  14.5  112.587780801
 79.2  13.0  14.6  112.754961016
 79.2  13.1  14.7  112.845022392
 79.2  13.2  14.8  112.857795923
 79.3  13.3  14.9  112.793188671
 79.3  13.4  15.0  112.651184365
 79.4  13.4  15.1  112.431843932
 79.4  13.5  15.2  112.135305923
 79.5  13.6  15.3  111.761786851
 79.5  13.7  15.4  111.311581443
 79.6  13.8  15.5  110.78506279
 79.6  13.9  15.6  110.182682409
 79.7  14.0  15.7  109.504970213
 79.7  14.1  15.8  108.75253438
 79.7  14.2  15.9  107.926061132
 79.8  14.2  16.0  107.026314422
 79.8  14.3  16.1  106.054135519
 79.9  14.4  16.2  105.010442505
 79.9  14.5  16.3  103.896229678
 80.0  14.6  16.4  102.712566855
 80.0  14.7  16.5  101.46059859
 80.1  14.8  16.6  100.141543294
 80.1  14.9  16.7  98.756692265
 80.2  15.0  16.8  97.3074086287
 80.2  15.0  16.9  95.795126187
 80.2  15.1  17.0  94.2213481795
 80.3  15.2  17.1  92.5876459572
 80.3  15.3  17.2  90.8956575708
 80.4  15.4  17.3  89.1470862732
 80.4  15.5  17.4  87.3436989411
 80.5  15.6  17.5  85.4873244135
 80.5  15.7  17.6  83.5798517529
 80.6  15.8  17.7  81.6232284272
 80.6  15.8  17.8  79.6194584177
 80.7  15.9  17.9  77.5706002536
 80.7  16.0  18.0  75.4787649751
 80.7  16.1  18.1  73.3461140284
 80.8  16.2  18.2  71.1748570944
 80.8  16.3  18.3  68.9672498539
 80.9  16.4  18.4  66.7255916914
 80.9  16.5  18.5  64.4522233406
 81.0  16.6  18.6  62.1495244751
 81.0  16.6  18.7  59.8199112452
 81.1  16.7  18.8  57.4658337654
 81.1  16.8  18.9  55.0897735557
 81.2  16.9  19.0  52.6942409377
 81.2  17.0  19.1  50.2817723914
 81.2  17.1  19.2  47.8549278737
 81.3  17.2  19.3  45.4162881025
 81.3  17.3  19.4  42.9684518108
 81.4  17.4  19.5  40.5140329714
 81.4  17.4  19.6  38.0556579991
 81.5  17.5  19.7  35.5959629301
 81.5  17.6  19.8  33.1375905853
 81.6  17.7  19.9  30.6831877185
 81.6  17.8  20.0  28.2354021544
 81.7  17.9  20.1  25.796879919
 81.7  18.0  20.2  23.370262367
 81.7  18.1  20.3  20.9581833077
 81.8  18.2  20.4  18.5632661358
 81.8  18.2  20.5  16.1881209674
 81.9  18.3  20.6  13.8353417877
 81.9  18.4  20.7  11.5075036109
 82.0  18.5  20.8  9.20715965892
 82.0  18.6  20.9  6.93683855937
 82.1  18.7  21.0  4.69904156853
 82.1  18.8  21.1  2.49623982135
 82.2  18.9  21.2  0.330871612343
 82.2  19.0  21.3 -1.79466028937
 82.2  19.1  21.4 -3.87799128762
 82.3  19.1  21.5 -5.91679756607
 82.3  19.2  21.6 -7.90879865138
 82.4  19.3  21.7 -9.85175992932
 82.4  19.4  21.8 -11.743495111
 82.5  19.5  21.9 -13.581868646
 82.5  19.6  22.0 -15.3647980795
 82.6  19.7  22.1 -17.0902563511
 82.6  19.8  22.2 -18.7562740312
 82.7  19.9  22.3 -20.3609414937
 82.7  19.9  22.4 -21.9024110219
 82.7  20.0  22.5 -23.3788988444
 82.8  20.1  22.6 -24.7886870994
 82.8  20.2  22.7 -26.1301257249
 82.9  20.3  22.8 -27.4016342718
 82.9  20.4  22.9 -28.6017036389
 83.0  20.5  23.0 -29.7288977264
 83.0  20.6  23.1 -30.781855008
 83.1  20.7  23.2 -31.7592900162
 83.1  20.7  23.3 -32.6599947436
 83.2  20.8  23.4 -33.4828399545
 83.2  20.9  23.5 -34.2267764076
 83.3  21.0  23.6 -34.890835988
 83.3  21.1  23.7 -35.4741327462
 83.3  21.2  23.8 -35.9758638443
 83.4  21.3  23.9 -36.3953104076
 83.4  21.4  24.0 -36.7318382803
 83.5  21.5  24.1 -36.9848986856
 83.5  21.5  24.2 -37.1540287882
 83.6  21.6  24.3 -37.2388521593
 83.6  21.7  24.4 -37.2390791444
 83.7  21.8  24.5 -37.1545071316
 83.7  21.9  24.6 -36.9850207218
 83.8  22.0  24.7 -36.730591801
 83.8  22.1  24.8 -36.3912795123
 83.8  22.2  24.9 -35.9672301312
 83.9  22.3  25.0 -35.458676842
 83.9  22.3  25.1 -34.8659394159
 84.0  22.4  25.2 -34.189423793
 84.0  22.5  25.3 -33.4296215671
 84.1  22.6  25.4 -32.5871093744
 84.1  22.7  25.5 -31.6625481883
 84.2  22.8  25.6 -30.6566825191
 84.2  22.9  25.7 -29.5703395223
 84.3  23.0  25.8 -28.4044280138
 84.3  23.1  25.9 -27.1599373962
 84.3  23.1  26.0 -25.8379364963
 84.4  23.2  26.1 -24.4395723143
 84.4  23.3  26.2 -22.9660686891
 84.5  23.4  26.3 -21.4187248788
 84.5  23.5  26.4 -19.79891406
 84.6  23.6  26.5 -18.1080817471
 84.6  23.7  26.6 -16.3477441336
 84.7  23.8  26.7 -14.5194863585
 84.7  23.9  26.8 -12.6249606987
 84.8  23.9  26.9 -10.6658846908
 84.8  24.0  27.0 -8.64403918447
 84.8  24.1  27.1 -6.5612663294
 84.9  24.2  27.2 -4.4194674993
 84.9  24.3  27.3 -2.22060115477
 85.0  24.4  27.4  0.0333193517397
 85.0  24.5  27.5  2.3402280262
 85.1  24.6  27.6  4.69800853571
 85.1  24.7  27.7  7.10449656067
 85.2  24.7  27.8  9.55748219345
 85.2  24.8  27.9  12.0547123806
 85.3  24.9  28.0  14.5938934054
 85.3  25.0  28.1  17.1726934079
 85.3  25.1  28.2  19.7887449389
 85.4  25.2  28.3  22.4396475452
 85.4  25.3  28.4  25.1229703825
 85.5  25.4  28.5  27.8362548529
 85.5  25.5  28.6  30.5770172637
 85.6  25.5  28.7  33.3427515044
 85.6  25.6  28.8  36.1309317382
 85.7  25.7  28.9  38.9390151053
 85.7  25.8  29.0  41.7644444344
 85.8  25.9  29.1  44.6046509584
 85.8  26.0  29.2  47.4570570334
 85.8  26.1  29.3  50.3190788538
 85.9  26.2  29.4  53.1881291646
 85.9  26.3  29.5  56.0616199642
 86.0  26.4  29.6  58.9369651967
 86.0  26.4  29.7  61.8115834289
 86.1  26.5  29.8  64.6829005101
 86.1  26.6  29.9  67.5483522114
 86.2  26.7  30.0  70.4053868399
 86.2  26.8  30.1  73.2514678274
 86.3  26.9  30.2  76.084076288
 86.3  27.0  30.3  78.9007135436
 86.3  27.1  30.4  81.6989036129
 86.4  27.2  30.5  84.4761956626
 86.4  27.2  30.6  87.2301664162
 86.5  27.3  30.7  89.9584225199
 86.5  27.4  30.8  92.6586028604
 86.6  27.5  30.9  95.3283808347
 86.6  27.6  31.0  97.9654665668
 86.7  27.7  31.1  100.567609071
 86.7  27.8  31.2  103.13259836
 86.8  27.9  31.3  105.65826749
 86.8  28.0  31.4  108.142494547
 86.8  28.0  31.5  110.583204577
 86.9  28.1  31.6  112.978371433
 86.9  28.2  31.7  115.32601958
 87.0  28.3  31.8  117.624225805
 87.0  28.4  31.9  119.871120879
 87.1  28.5  32.0  122.064891132
 87.1  28.6  32.1  124.203779963
 87.2  28.7  32.2  126.286089266
 87.2  28.8  32.3  128.310180793
 87.3  28.8  32.4  130.274477425
 87.3  28.9  32.5  132.177464375
 87.4  29.0  32.6  134.017690307
 87.4  29.1  32.7  135.793768373
 87.4  29.2  32.8  137.504377174
 87.5  29.3  32.9  139.148261633
 87.5  29.4  33.0  140.724233792
 87.6  29.5  33.1  142.231173519
 87.6  29.6  33.2  143.668029137
 87.7  29.6  33.3  145.033817968
 87.7  29.7  33.4  146.327626793
 87.8  29.8  33.5  147.54861223
 87.8  29.9  33.6  148.696001025
 87.9  30.0  33.7  149.769090263
 87.9  30.1  33.8  150.767247498
 87.9  30.2  33.9  151.689910793
 88.0  30.3  34.0  152.536588683
 88.0  30.4  34.1  153.306860062
 88.1  30.4  34.2  154.000373976
 88.1  30.5  34.3  154.616849349
 88.2  30.6  34.4  155.156074621
 88.2  30.7  34.5  155.617907317
 88.3  30.8  34.6  156.002273529
 88.3  30.9  34.7  156.309167332
 88.4  31.0  34.8  156.53865012
 88.4  31.1  34.9  156.690849869
 88.4  31.2  35.0  156.765960336
 88.5  31.2  35.1  156.764240176
 88.5  31.3  35.2  156.686012003
 88.6  31.4  35.3  156.531661378
 88.6  31.5  35.4  156.301635732
 88.7  31.6  35.5  155.996443232
 88.7  31.7  35.6  155.616651577
 88.8  31.8  35.7  155.162886746
 88.8  31.9  35.8  154.635831682
 88.9  32.0  35.9  154.036224923
 88.9  32.0  36.0  153.364859183
 88.9  32.1  36.1  152.622579878
 89.0  32.2  36.2  151.810283614
 89.0  32.3  36.3  150.928916614
 89.1  32.4  36.4  149.979473121
 89.1  32.5  36.5  148.962993743
 89.2  32.6  36.6  147.88056377
 89.2  32.7  36.7  146.733311455
 89.3  32.8  36.8  145.522406258
 89.3  32.8  36.9  144.249057061
 89.4  32.9  37.0  142.914510355
 89.4  33.0  37.1  141.520048405
 89.4  33.1  37.2  140.066987386
 89.5  33.2  37.3  138.556675506
 89.5  33.3  37.4  136.990491103
 89.6  33.4  37.5  135.369840738
 89.6  33.5  37.6  133.696157264
 89.7  33.6  37.7  131.970897896
 89.7  33.7  37.8  130.195542268
 89.8  33.7  37.9  128.371590487
 89.8  33.8  38.0  126.500561183
 89.9  33.9  38.1  124.583989569
 89.9  34.0  38.2  122.623425489
 89.9  34.1  38.3  120.620431489
 90.0  34.2  38.4  118.576580883
 90.0  34.3  38.5  116.493455837
 90.1  34.4  38.6  114.372645465
 90.1  34.5  38.7  112.215743939
 90.2  34.5  38.8  110.02434862
 90.2  34.6  38.9  107.800058208
 90.3  34.7  39.0  105.544470913
 90.3  34.8  39.1  103.259182657
 90.4  34.9  39.2  100.945785293
 90.4  35.0  39.3  98.6058648628
 90.4  35.1  39.4  96.2409998839
 90.5  35.2  39.5  93.8527596647
 90.5  35.3  39.6  91.4427026605
 90.6  35.3  39.7  89.0123748642
 90.6  35.4  39.8  86.5633082365
 90.7  35.5  39.9  84.097019176
 90.7  35.6  40.0  81.6150070325
 90.8  35.7  40.1  79.1187526636
 90.8  35.8  40.2  76.6097170365
 90.9  35.9  40.3  74.0893398773
 90.9  36.0  40.4  71.5590383675
 90.9  36.1  40.5  69.0202058906
 91.0  36.1  40.6  66.4742108293
 91.0  36.2  40.7  63.9223954136
 91.1  36.3  40.8  61.366074623
 91.1  36.4  40.9  58.8065351409
 91.2  36.5  41.0  56.2450343644
 91.2  36.6  41.1  53.6827994696
 91.3  36.7  41.2  51.121026532
 91.3  36.8  41.3  48.5608797039
 91.4  36.9  41.4  46.0034904498
 91.4  36.9  41.5  43.4499568372
 91.5  37.0  41.6  40.9013428878
 91.5  37.1  41.7  38.3586779846
 91.5  37.2  41.8  35.8229563388
 91.6  37.3  41.9  33.2951365139
 91.6  37.4  42.0  30.7761410093
 91.7  37.5  42.1  28.2668559012
 91.7  37.6  42.2  25.7681305421
 91.8  37.7  42.3  23.2807773176
 91.8  37.7  42.4  20.8055714618
 91.9  37.8  42.5  18.343250928
 91.9  37.9  42.6  15.8945163179
 92.0  38.0  42.7  13.4600308651
 92.0  38.1  42.8  11.0404204751
 92.0  38.2  42.9  8.63627381949
 92.1  38.3  43.0  6.24814248347
 92.1  38.4  43.1  3.87654116713
 92.2  38.5  43.2  1.52194793803
 92.2  38.5  43.3 -0.815195464973
 92.3  38.6  43.4 -3.13448327815
 92.3  38.7  43.5 -5.43554531054
 92.4  38.8  43.6 -7.71804649418
 92.4  38.9  43.7 -9.981686388
 92.5  39.0  43.8 -12.2261986369
 92.5  39.1  43.9 -14.4513503871
 92.5  39.2  44.0 -16.65694166
 92.6  39.3  44.1 -18.8428046844
 92.6  39.3  44.2 -21.0088031905
 92.7  39.4  44.3 -23.1548316664
 92.7  39.5  44.4 -25.280814578
 92.8  39.6  44.5 -27.3867055554
 92.8  39.7  44.6 -29.4724865465
 92.9  39.8  44.7 -31.5381669396
 92.9  39.9  44.8 -33.5837826574
 93.0  40.0  44.9 -35.6093952233
 93.0  40.1  45.0 -37.6150908027
 93.0  40.1  45.1 -39.60097922
 93.1  40.2  45.2 -41.5671929549
 93.1  40.3  45.3 -43.5138861174
 93.2  40.4  45.4 -45.4412334063
 93.2  40.5  45.5 -47.3494290505
 93.3  40.6  45.6 -49.2386857364
 93.3  40.7  45.7 -51.109233523
 93.4  40.8  45.8 -52.9613187469
 93.4  40.9  45.9 -54.795202918
 93.5  40.9  46.0 -56.6111616094
 93.5  41.0  46.1 -58.4094833421
 93.5  41.1  46.2 -60.190468467
 93.6  41.2  46.3 -61.9544280458
 93.6  41.3  46.4 -63.7016827333
 93.7  41.4  46.5 -65.4325616613
 93.7  41.5  46.6 -67.1474013283
 93.8  41.6  46.7 -68.8465444943
 93.8  41.7  46.8 -70.5303390847
 93.9  41.8  46.9 -72.1991371035
 93.9  41.8  47.0 -73.8532935575
 94.0  41.9  47.1 -75.4931653949
 94.0  42.0  47.2 -77.119110457
 94.0  42.1  47.3 -78.731486448
 94.1  42.2  47.4 -80.3306499216
 94.1  42.3  47.5 -81.9169552869
 94.2  42.4  47.6 -83.4907538362
 94.2  42.5  47.7 -85.052392794
 94.3  42.6  47.8 -86.6022143902
 94.3  42.6  47.9 -88.1405549583
 94.4  42.7  48.0 -89.6677440595
 94.4  42.8  48.1 -91.1841036342
 94.5  42.9  48.2 -92.6899471826
 94.5  43.0  48.3 -94.1855789744
 94.5  43.1  48.4 -95.6712932895
 94.6  43.2  48.5 -97.1473736902
 94.6  43.3  48.6 -98.6140923258
 94.7  43.4  48.7 -100.071709271
 94.7  43.4  48.8 -101.5204719
 94.8  43.5  48.9 -102.96061429
 94.8  43.6  49.0 -104.392356667
 94.9  43.7  49.1 -105.815904887
 94.9  43.8  49.2 -107.231449948
 95.0  43.9  49.3 -108.639167544
 95.0  44.0  49.4 -110.039217657
 95.0  44.1  49.5 -111.431744186
 95.1  44.2  49.6 -112.816874612
 95.1  44.2  49.7 -114.194719704
 95.2  44.3  49.8 -115.565373265
 95.2  44.4  49.9 -116.928911908
 95.3  44.5  50.0 -118.285394884
