x z_lower ED_lower z_upper ED_upper
-145.0 -19.0  205.8  19.0  205.8
-144.0 -18.8  208.0  19.2  203.4
-143.0 -18.7  210.0  19.4  201.0
-142.0 -18.5  211.7  19.6  198.6
-141.0 -18.4  213.1  19.7  196.3
-140.0 -18.3  214.2  19.9  194.3
-139.0 -18.1  214.8  20.2  192.6
-138.0 -17.9  215.1  20.4  191.4
-137.0 -17.8  215.1  20.6  190.6
-136.0 -17.6  214.8  20.9  190.2
-135.0 -17.5  214.2  21.0  190.3
-134.0 -17.3  213.4  21.2  190.8
-133.0 -17.1  212.5  21.5  191.7
-132.0 -16.9  211.4  21.7  192.8
-131.0 -16.7  210.3  21.9  194.0
-130.0 -16.5  209.2  22.1  195.1
-129.0 -16.4  208.0  22.2  196.2
-128.0 -16.2  206.9  22.3  196.9
-127.0 -16.0  205.7  22.5  197.3
-126.0 -15.8  204.5  22.6  197.1
-125.0 -15.6  203.2  22.8  196.5
-124.0 -15.4  201.7  22.9  195.2
-123.0 -15.2  200.0  23.0  193.3
-122.0 -15.2  198.0  23.1  190.8
-121.0 -15.0  195.7  23.2  187.8
-120.0 -14.8  193.0  23.3  184.2
-119.0 -14.7  190.0  23.5  180.2
-118.0 -14.5  186.5  23.7  175.8
-117.0 -14.4  182.6  23.9  171.3
-116.0 -14.3  178.3  24.0  166.7
-115.0 -14.1  173.7  24.2  162.4
-114.0 -13.9  168.9  24.5  158.4
-113.0 -13.7  163.8  24.8  155.0
-112.0 -13.5  158.7  25.2  152.4
-111.0 -13.2  153.7  25.5  150.6
-110.0 -13.0  149.0  25.7  149.8
-109.0 -12.7  144.8  26.1  149.8
-108.0 -12.4  141.3  26.3  150.4
-107.0 -12.0  138.6  26.6  151.6
-106.0 -11.6  136.9  26.7  153.0
-105.0 -11.3  136.0  26.9  154.5
-104.0 -10.9  136.1  27.0  155.8
-103.0 -10.7  136.9  26.9  156.9
-102.0 -10.5  138.2  26.9  157.6
-101.0 -10.3  139.9  26.9  157.8
-100.0 -10.1  141.8  26.8  157.5
-99.0 -10.0  143.8  26.8  156.7
-98.0 -9.9  145.6  26.6  155.3
-97.0 -10.0  147.2  26.4  153.4
-96.0 -9.9  148.4  26.2  150.9
-95.0 -9.9  149.2  26.1  148.1
-94.0 -10.0  149.5  25.8  144.8
-93.0 -10.0  149.3  25.6  141.3
-92.0 -10.1  148.6  25.3  137.6
-91.0 -10.2  147.2  25.0  133.8
-90.0 -10.4  145.3  24.7  130.0
-89.0 -10.5  142.9  24.3  126.3
-88.0 -10.7  139.9  23.9  122.9
-87.0 -10.9  136.5  23.5  119.7
-86.0 -11.2  132.8  23.1  116.9
-85.0 -11.5  128.7  22.7  114.4
-84.0 -11.8  124.6  22.2  112.4
-83.0 -12.1  120.4  21.8  110.6
-82.0 -12.5  116.3  21.3  109.2
-81.0 -13.0  112.5  20.9  107.9
-80.0 -13.4  109.0  20.5  106.9
-79.0 -13.9  106.1  20.0  105.9
-78.0 -14.4  103.7  19.6  105.0
-77.0 -14.9  101.9  19.2  104.1
-76.0 -15.4  100.8  18.7  103.3
-75.0 -16.0  100.2  18.3  102.4
-74.0 -16.5  100.1  17.8  101.6
-73.0 -17.0  100.3  17.4  100.9
-72.0 -17.4  100.9  17.0  100.3
-71.0 -17.8  101.6  16.5  100.1
-70.0 -18.3  102.4  16.0  100.2
-69.0 -18.7  103.3  15.4  100.8
-68.0 -19.2  104.1  14.9  101.9
-67.0 -19.6  105.0  14.4  103.7
-66.0 -20.0  105.9  13.9  106.1
-65.0 -20.5  106.9  13.4  109.0
-64.0 -20.9  107.9  13.0  112.5
-63.0 -21.3  109.2  12.5  116.3
-62.0 -21.8  110.6  12.1  120.4
-61.0 -22.2  112.4  11.8  124.6
-60.0 -22.7  114.4  11.5  128.7
-59.0 -23.1  116.9  11.2  132.8
-58.0 -23.5  119.7  10.9  136.5
-57.0 -23.9  122.9  10.7  139.9
-56.0 -24.3  126.3  10.5  142.9
-55.0 -24.7  130.0  10.4  145.3
-54.0 -25.0  133.8  10.2  147.2
-53.0 -25.3  137.6  10.1  148.6
-52.0 -25.6  141.3  10.0  149.3
-51.0 -25.8  144.8  10.0  149.5
-50.0 -26.1  148.1  9.9  149.2
-49.0 -26.2  150.9  9.9  148.4
-48.0 -26.4  153.4  10.0  147.2
-47.0 -26.6  155.3  9.9  145.6
-46.0 -26.8  156.7  10.0  143.8
-45.0 -26.8  157.5  10.1  141.8
-44.0 -26.9  157.8  10.3  139.9
-43.0 -26.9  157.6  10.5  138.2
-42.0 -26.9  156.9  10.7  136.9
-41.0 -27.0  155.8  10.9  136.1
-40.0 -26.9  154.5  11.3  136.0
-39.0 -26.7  153.0  11.6  136.9
-38.0 -26.6  151.6  12.0  138.6
-37.0 -26.3  150.4  12.4  141.3
-36.0 -26.1  149.8  12.7  144.8
-35.0 -25.7  149.8  13.0  149.0
-34.0 -25.5  150.6  13.2  153.7
-33.0 -25.2  152.4  13.5  158.7
-32.0 -24.8  155.0  13.7  163.8
-31.0 -24.5  158.4  13.9  168.9
-30.0 -24.2  162.4  14.1  173.7
-29.0 -24.0  166.7  14.3  178.3
-28.0 -23.9  171.3  14.4  182.6
-27.0 -23.7  175.8  14.5  186.5
-26.0 -23.5  180.2  14.7  190.0
-25.0 -23.3  184.2  14.8  193.0
-24.0 -23.2  187.8  15.0  195.7
-23.0 -23.1  190.8  15.2  198.0
-22.0 -23.0  193.3  15.2  200.0
-21.0 -22.9  195.2  15.4  201.7
-20.0 -22.8  196.5  15.6  203.2
-19.0 -22.6  197.1  15.8  204.5
-18.0 -22.5  197.3  16.0  205.7
-17.0 -22.3  196.9  16.2  206.9
-16.0 -22.2  196.2  16.4  208.0
-15.0 -22.1  195.1  16.5  209.2
-14.0 -21.9  194.0  16.7  210.3
-13.0 -21.7  192.8  16.9  211.4
-12.0 -21.5  191.7  17.1  212.5
-11.0 -21.2  190.8  17.3  213.4
-10.0 -21.0  190.3  17.5  214.2
-9.0 -20.9  190.2  17.6  214.8
-8.0 -20.6  190.6  17.8  215.1
-7.0 -20.4  191.4  17.9  215.1
-6.0 -20.2  192.6  18.1  214.8
-5.0 -19.9  194.3  18.3  214.2
-4.0 -19.7  196.3  18.4  213.1
-3.0 -19.6  198.6  18.5  211.7
-2.0 -19.4  201.0  18.7  210.0
-1.0 -19.2  203.4  18.8  208.0
 0.0 -19.0  205.8  19.0  205.8
 1.0 -18.8  208.0  19.2  203.4
 2.0 -18.7  210.0  19.4  201.0
 3.0 -18.5  211.7  19.6  198.6
 4.0 -18.4  213.1  19.7  196.3
 5.0 -18.3  214.2  19.9  194.3
 6.0 -18.1  214.8  20.2  192.6
 7.0 -17.9  215.1  20.4  191.4
 8.0 -17.8  215.1  20.6  190.6
 9.0 -17.6  214.8  20.9  190.2
 10.0 -17.5  214.2  21.0  190.3
 11.0 -17.3  213.4  21.2  190.8
 12.0 -17.1  212.5  21.5  191.7
 13.0 -16.9  211.4  21.7  192.8
 14.0 -16.7  210.3  21.9  194.0
 15.0 -16.5  209.2  22.1  195.1
 16.0 -16.4  208.0  22.2  196.2
 17.0 -16.2  206.9  22.3  196.9
 18.0 -16.0  205.7  22.5  197.3
 19.0 -15.8  204.5  22.6  197.1
 20.0 -15.6  203.2  22.8  196.5
 21.0 -15.4  201.7  22.9  195.2
 22.0 -15.2  200.0  23.0  193.3
 23.0 -15.2  198.0  23.1  190.8
 24.0 -15.0  195.7  23.2  187.8
 25.0 -14.8  193.0  23.3  184.2
 26.0 -14.7  190.0  23.5  180.2
 27.0 -14.5  186.5  23.7  175.8
 28.0 -14.4  182.6  23.9  171.3
 29.0 -14.3  178.3  24.0  166.7
 30.0 -14.1  173.7  24.2  162.4
 31.0 -13.9  168.9  24.5  158.4
 32.0 -13.7  163.8  24.8  155.0
 33.0 -13.5  158.7  25.2  152.4
 34.0 -13.2  153.7  25.5  150.6
 35.0 -13.0  149.0  25.7  149.8
 36.0 -12.7  144.8  26.1  149.8
 37.0 -12.4  141.3  26.3  150.4
 38.0 -12.0  138.6  26.6  151.6
 39.0 -11.6  136.9  26.7  153.0
 40.0 -11.3  136.0  26.9  154.5
 41.0 -10.9  136.1  27.0  155.8
 42.0 -10.7  136.9  26.9  156.9
 43.0 -10.5  138.2  26.9  157.6
 44.0 -10.3  139.9  26.9  157.8
 45.0 -10.1  141.8  26.8  157.5
 46.0 -10.0  143.8  26.8  156.7
 47.0 -9.9  145.6  26.6  155.3
 48.0 -10.0  147.2  26.4  153.4
 49.0 -9.9  148.4  26.2  150.9
 50.0 -9.9  149.2  26.1  148.1
 51.0 -10.0  149.5  25.8  144.8
 52.0 -10.0  149.3  25.6  141.3
 53.0 -10.1  148.6  25.3  137.6
 54.0 -10.2  147.2  25.0  133.8
 55.0 -10.4  145.3  24.7  130.0
 56.0 -10.5  142.9  24.3  126.3
 57.0 -10.7  139.9  23.9  122.9
 58.0 -10.9  136.5  23.5  119.7
 59.0 -11.2  132.8  23.1  116.9
 60.0 -11.5  128.7  22.7  114.4
 61.0 -11.8  124.6  22.2  112.4
 62.0 -12.1  120.4  21.8  110.6
 63.0 -12.5  116.3  21.3  109.2
 64.0 -13.0  112.5  20.9  107.9
 65.0 -13.4  109.0  20.5  106.9
 66.0 -13.9  106.1  20.0  105.9
 67.0 -14.4  103.7  19.6  105.0
 68.0 -14.9  101.9  19.2  104.1
 69.0 -15.4  100.8  18.7  103.3
 70.0 -16.0  100.2  18.3  102.4
 71.0 -16.5  100.1  17.8  101.6
 72.0 -17.0  100.3  17.4  100.9
 73.0 -17.4  100.9  17.0  100.3
 74.0 -17.8  101.6  16.5  100.1
 75.0 -18.3  102.4  16.0  100.2
 76.0 -18.7  103.3  15.4  100.8
 77.0 -19.2  104.1  14.9  101.9
 78.0 -19.6  105.0  14.4  103.7
 79.0 -20.0  105.9  13.9  106.1
 80.0 -20.5  106.9  13.4  109.0
 81.0 -20.9  107.9  13.0  112.5
 82.0 -21.3  109.2  12.5  116.3
 83.0 -21.8  110.6  12.1  120.4
 84.0 -22.2  112.4  11.8  124.6
 85.0 -22.7  114.4  11.5  128.7
 86.0 -23.1  116.9  11.2  132.8
 87.0 -23.5  119.7  10.9  136.5
 88.0 -23.9  122.9  10.7  139.9
 89.0 -24.3  126.3  10.5  142.9
 90.0 -24.7  130.0  10.4  145.3
 91.0 -25.0  133.8  10.2  147.2
 92.0 -25.3  137.6  10.1  148.6
 93.0 -25.6  141.3  10.0  149.3
 94.0 -25.8  144.8  10.0  149.5
 95.0 -26.1  148.1  9.9  149.2
 96.0 -26.2  150.9  9.9  148.4
 97.0 -26.4  153.4  10.0  147.2
 98.0 -26.6  155.3  9.9  145.6
 99.0 -26.8  156.7  10.0  143.8
 100.0 -26.8  157.5  10.1  141.8
 101.0 -26.9  157.8  10.3  139.9
 102.0 -26.9  157.6  10.5  138.2
 103.0 -26.9  156.9  10.7  136.9
 104.0 -27.0  155.8  10.9  136.1
 105.0 -26.9  154.5  11.3  136.0
 106.0 -26.7  153.0  11.6  136.9
 107.0 -26.6  151.6  12.0  138.6
 108.0 -26.3  150.4  12.4  141.3
 109.0 -26.1  149.8  12.7  144.8
 110.0 -25.7  149.8  13.0  149.0
 111.0 -25.5  150.6  13.2  153.7
 112.0 -25.2  152.4  13.5  158.7
 113.0 -24.8  155.0  13.7  163.8
 114.0 -24.5  158.4  13.9  168.9
 115.0 -24.2  162.4  14.1  173.7
 116.0 -24.0  166.7  14.3  178.3
 117.0 -23.9  171.3  14.4  182.6
 118.0 -23.7  175.8  14.5  186.5
 119.0 -23.5  180.2  14.7  190.0
 120.0 -23.3  184.2  14.8  193.0
 121.0 -23.2  187.8  15.0  195.7
 122.0 -23.1  190.8  15.2  198.0
 123.0 -23.0  193.3  15.2  200.0
 124.0 -22.9  195.2  15.4  201.7
 125.0 -22.8  196.5  15.6  203.2
 126.0 -22.6  197.1  15.8  204.5
 127.0 -22.5  197.3  16.0  205.7
 128.0 -22.3  196.9  16.2  206.9
 129.0 -22.2  196.2  16.4  208.0
 130.0 -22.1  195.1  16.5  209.2
 131.0 -21.9  194.0  16.7  210.3
 132.0 -21.7  192.8  16.9  211.4
 133.0 -21.5  191.7  17.1  212.5
 134.0 -21.2  190.8  17.3  213.4
 135.0 -21.0  190.3  17.5  214.2
 136.0 -20.9  190.2  17.6  214.8
 137.0 -20.6  190.6  17.8  215.1
 138.0 -20.4  191.4  17.9  215.1
 139.0 -20.2  192.6  18.1  214.8
 140.0 -19.9  194.3  18.3  214.2
 141.0 -19.7  196.3  18.4  213.1
 142.0 -19.6  198.6  18.5  211.7
 143.0 -19.4  201.0  18.7  210.0
 144.0 -19.2  203.4  18.8  208.0
 145.0 -19.0  205.8  19.0  205.8
