x z dist ED
 54.3 -35.6 -40.0  108.594342644
 54.3 -35.5 -39.9  118.432640098
 54.4 -35.4 -39.8  128.254147977
 54.4 -35.3 -39.7  138.052485816
 54.5 -35.3 -39.6  147.821212809
 54.5 -35.2 -39.5  157.553834165
 54.6 -35.1 -39.4  167.243807581
 54.6 -35.0 -39.3  176.884549842
 54.6 -34.9 -39.2  186.469443512
 54.7 -34.8 -39.1  195.991843744
 54.7 -34.7 -39.0  205.445085164
 54.8 -34.6 -38.9  214.822488855
 54.8 -34.5 -38.8  224.117369407
 54.9 -34.5 -38.7  233.323042042
 54.9 -34.4 -38.6  242.432829796
 55.0 -34.3 -38.5  251.44007075
 55.0 -34.2 -38.4  260.338125314
 55.1 -34.1 -38.3  269.12038353
 55.1 -34.0 -38.2  277.780272415
 55.1 -33.9 -38.1  286.311263314
 55.2 -33.8 -38.0  294.706879259
 55.2 -33.7 -37.9  302.960702329
 55.3 -33.7 -37.8  311.066381003
 55.3 -33.6 -37.7  319.017637486
 55.4 -33.5 -37.6  326.808275016
 55.4 -33.4 -37.5  334.432185122
 55.5 -33.3 -37.4  341.883354845
 55.5 -33.2 -37.3  349.155873898
 55.6 -33.1 -37.2  356.243941764
 55.6 -33.0 -37.1  363.141874713
 55.6 -32.9 -37.0  369.844112745
 55.7 -32.8 -36.9  376.345226436
 55.7 -32.8 -36.8  382.639923679
 55.8 -32.7 -36.7  388.723056325
 55.8 -32.6 -36.6  394.589626696
 55.9 -32.5 -36.5  400.234793974
 55.9 -32.4 -36.4  405.653880455
 56.0 -32.3 -36.3  410.84237766
 56.0 -32.2 -36.2  415.795952286
 56.1 -32.1 -36.1  420.510452007
 56.1 -32.0 -36.0  424.981911098
 56.1 -32.0 -35.9  429.206555889
 56.2 -31.9 -35.8  433.180810028
 56.2 -31.8 -35.7  436.901299557
 56.3 -31.7 -35.6  440.364857793
 56.3 -31.6 -35.5  443.568529996
 56.4 -31.5 -35.4  446.509577827
 56.4 -31.4 -35.3  449.185483593
 56.5 -31.3 -35.2  451.593954258
 56.5 -31.2 -35.1  453.732925232
 56.6 -31.2 -35.0  455.600563913
 56.6 -31.1 -34.9  457.195272999
 56.6 -31.0 -34.8  458.515693543
 56.7 -30.9 -34.7  459.560707755
 56.7 -30.8 -34.6  460.329441559
 56.8 -30.7 -34.5  460.821266875
 56.8 -30.6 -34.4  461.035803642
 56.9 -30.5 -34.3  460.972921572
 56.9 -30.4 -34.2  460.632741631
 57.0 -30.4 -34.1  460.015637247
 57.0 -30.3 -34.0  459.122235233
 57.1 -30.2 -33.9  457.953416438
 57.1 -30.1 -33.8  456.510316111
 57.1 -30.0 -33.7  454.794323981
 57.2 -29.9 -33.6  452.807084053
 57.2 -29.8 -33.5  450.550494117
 57.3 -29.7 -33.4  448.026704969
 57.3 -29.6 -33.3  445.238119343
 57.4 -29.6 -33.2  442.187390564
 57.4 -29.5 -33.1  438.877420903
 57.5 -29.4 -33.0  435.311359653
 57.5 -29.3 -32.9  431.492600918
 57.6 -29.2 -32.8  427.424781119
 57.6 -29.1 -32.7  423.111776218
 57.6 -29.0 -32.6  418.557698664
 57.7 -28.9 -32.5  413.766894058
 57.7 -28.8 -32.4  408.743937553
 57.8 -28.8 -32.3  403.493629973
 57.8 -28.7 -32.2  398.020993675
 57.9 -28.6 -32.1  392.331268138
 57.9 -28.5 -32.0  386.429905301
 58.0 -28.4 -31.9  380.322564648
 58.0 -28.3 -31.8  374.015108035
 58.1 -28.2 -31.7  367.513594283
 58.1 -28.1 -31.6  360.82427353
 58.2 -28.0 -31.5  353.953581345
 58.2 -28.0 -31.4  346.908132627
 58.2 -27.9 -31.3  339.694715273
 58.3 -27.8 -31.2  332.320283645
 58.3 -27.7 -31.1  324.79195182
 58.4 -27.6 -31.0  317.116986653
 58.4 -27.5 -30.9  309.302800638
 58.5 -27.4 -30.8  301.356944598
 58.5 -27.3 -30.7  293.287100193
 58.6 -27.2 -30.6  285.101072263
 58.6 -27.2 -30.5  276.806781015
 58.7 -27.1 -30.4  268.412254061
 58.7 -27.0 -30.3  259.925618318
 58.7 -26.9 -30.2  251.355091772
 58.8 -26.8 -30.1  242.708975129
 58.8 -26.7 -30.0  233.995643344
 58.9 -26.6 -29.9  225.223537061
 58.9 -26.5 -29.8  216.401153951
 59.0 -26.4 -29.7  207.53703997
 59.0 -26.4 -29.6  198.639780551
 59.1 -26.3 -29.5  189.717991725
 59.1 -26.2 -29.4  180.780311198
 59.2 -26.1 -29.3  171.835389385
 59.2 -26.0 -29.2  162.891880414
 59.2 -25.9 -29.1  153.958433106
 59.3 -25.8 -29.0  145.043681952
 59.3 -25.7 -28.9  136.156238089
 59.4 -25.6 -28.8  127.304680284
 59.4 -25.5 -28.7  118.497545945
 59.5 -25.5 -28.6  109.743322165
 59.5 -25.4 -28.5  101.050436805
 59.6 -25.3 -28.4  92.4272496397
 59.6 -25.2 -28.3  83.8820435569
 59.7 -25.1 -28.2  75.423015841
 59.7 -25.0 -28.1  67.058269538
 59.7 -24.9 -28.0  58.7958049163
 59.8 -24.8 -27.9  50.6435110339
 59.8 -24.7 -27.8  42.6091574216
 59.9 -24.7 -27.7  34.7003858908
 59.9 -24.6 -27.6  26.924702478
 60.0 -24.5 -27.5  19.2894695338
 60.0 -24.4 -27.4  11.8018979659
 60.1 -24.3 -27.3  4.46903964647
 60.1 -24.2 -27.2 -2.70222000799
 60.2 -24.1 -27.1 -9.70516927552
 60.2 -24.0 -27.0 -16.5332771771
 60.2 -23.9 -26.9 -23.1802003266
 60.3 -23.9 -26.8 -29.6397895742
 60.3 -23.8 -26.7 -35.9060964348
 60.4 -23.7 -26.6 -41.9733792947
 60.4 -23.6 -26.5 -47.8361093884
 60.5 -23.5 -26.4 -53.4889765387
 60.5 -23.4 -26.3 -58.9268946535
 60.6 -23.3 -26.2 -64.1450069721
 60.6 -23.2 -26.1 -69.1386910565
 60.7 -23.1 -26.0 -73.903563519
 60.7 -23.1 -25.9 -78.4354844834
 60.7 -23.0 -25.8 -82.7305617731
 60.8 -22.9 -25.7 -86.7851548208
 60.8 -22.8 -25.6 -90.595878297
 60.9 -22.7 -25.5 -94.1596054511
 60.9 -22.6 -25.4 -97.4734711624
 61.0 -22.5 -25.3 -100.534874697
 61.0 -22.4 -25.2 -103.34148217
 61.1 -22.3 -25.1 -105.891228702
 61.1 -22.3 -25.0 -108.182320281
 61.2 -22.2 -24.9 -110.213235315
 61.2 -22.1 -24.8 -111.982725883
 61.2 -22.0 -24.7 -113.48981867
 61.3 -21.9 -24.6 -114.733815609
 61.3 -21.8 -24.5 -115.714294198
 61.4 -21.7 -24.4 -116.431107523
 61.4 -21.6 -24.3 -116.884383961
 61.5 -21.5 -24.2 -117.074526584
 61.5 -21.5 -24.1 -117.002212252
 61.6 -21.4 -24.0 -116.668390399
 61.6 -21.3 -23.9 -116.074281522
 61.7 -21.2 -23.8 -115.221375365
 61.7 -21.1 -23.7 -114.111428799
 61.7 -21.0 -23.6 -112.746463416
 61.8 -20.9 -23.5 -111.128762827
 61.8 -20.8 -23.4 -109.260869663
 61.9 -20.7 -23.3 -107.145582304
 61.9 -20.7 -23.2 -104.785951317
 62.0 -20.6 -23.1 -102.185275624
 62.0 -20.5 -23.0 -99.347098396
 62.1 -20.4 -22.9 -96.2752026806
 62.1 -20.3 -22.8 -92.9736067731
 62.2 -20.2 -22.7 -89.4465593298
 62.2 -20.1 -22.6 -85.6985342353
 62.3 -20.0 -22.5 -81.7342252284
 62.3 -19.9 -22.4 -77.5585402928
 62.3 -19.9 -22.3 -73.1765958213
 62.4 -19.8 -22.2 -68.5937105601
 62.4 -19.7 -22.1 -63.8153993402
 62.5 -19.6 -22.0 -58.8473666058
 62.5 -19.5 -21.9 -53.6954997451
 62.6 -19.4 -21.8 -48.3658622347
 62.6 -19.3 -21.7 -42.8646866044
 62.7 -19.2 -21.6 -37.1983672315
 62.7 -19.1 -21.5 -31.3734529747
 62.8 -19.1 -21.4 -25.3966396549
 62.8 -19.0 -21.3 -19.2747623942
 62.8 -18.9 -21.2 -13.0147878215
 62.9 -18.8 -21.1 -6.62380615466
 62.9 -18.7 -21.0 -0.109023168771
 63.0 -18.6 -20.9  6.52224793868
 63.0 -18.5 -20.8  13.2625947768
 63.1 -18.4 -20.7  20.1045140738
 63.1 -18.3 -20.6  27.0404200623
 63.2 -18.2 -20.5  34.0626529284
 63.2 -18.2 -20.4  41.1634873131
 63.3 -18.1 -20.3  48.3351408557
 63.3 -18.0 -20.2  55.56978277
 63.3 -17.9 -20.1  62.8595424412
 63.4 -17.8 -20.0  70.1965180346
 63.4 -17.7 -19.9  77.5727851044
 63.5 -17.6 -19.8  84.9804051932
 63.5 -17.5 -19.7  92.4114344118
 63.6 -17.4 -19.6  99.8579319883
 63.6 -17.4 -19.5  107.311968777
 63.7 -17.3 -19.4  114.765635717
 63.7 -17.2 -19.3  122.211052229
 63.8 -17.1 -19.2  129.640374545
 63.8 -17.0 -19.1  137.045803953
 63.8 -16.9 -19.0  144.419594955
 63.9 -16.8 -18.9  151.754063325
 63.9 -16.7 -18.8  159.041594058
 64.0 -16.6 -18.7  166.274649202
 64.0 -16.6 -18.6  173.44577556
 64.1 -16.5 -18.5  180.54761226
 64.1 -16.4 -18.4  187.572898178
 64.2 -16.3 -18.3  194.514479212
 64.2 -16.2 -18.2  201.365315388
 64.3 -16.1 -18.1  208.118487805
 64.3 -16.0 -18.0  214.767205399
 64.3 -15.9 -17.9  221.304811525
 64.4 -15.8 -17.8  227.724790344
 64.4 -15.8 -17.7  234.02077302
 64.5 -15.7 -17.6  240.186543704
 64.5 -15.6 -17.5  246.216045313
 64.6 -15.5 -17.4  252.103385086
 64.6 -15.4 -17.3  257.842839927
 64.7 -15.3 -17.2  263.428861509
 64.7 -15.2 -17.1  268.856081155
 64.8 -15.1 -17.0  274.119314471
 64.8 -15.0 -16.9  279.213565747
 64.8 -15.0 -16.8  284.134032105
 64.9 -14.9 -16.7  288.876107397
 64.9 -14.8 -16.6  293.435385854
 65.0 -14.7 -16.5  297.807665475
 65.0 -14.6 -16.4  301.988951156
 65.1 -14.5 -16.3  305.975457559
 65.1 -14.4 -16.2  309.763611718
 65.2 -14.3 -16.1  313.350055379
 65.2 -14.2 -16.0  316.731647071
 65.3 -14.2 -15.9  319.905463913
 65.3 -14.1 -15.8  322.868803151
 65.3 -14.0 -15.7  325.619183426
 65.4 -13.9 -15.6  328.154345776
 65.4 -13.8 -15.5  330.472254368
 65.5 -13.7 -15.4  332.57109696
 65.5 -13.6 -15.3  334.449285109
 65.6 -13.5 -15.2  336.105454099
 65.6 -13.4 -15.1  337.538462617
 65.7 -13.4 -15.0  338.747392165
 65.7 -13.3 -14.9  339.731546216
 65.8 -13.2 -14.8  340.490449112
 65.8 -13.1 -14.7  341.023844715
 65.8 -13.0 -14.6  341.331694805
 65.9 -12.9 -14.5  341.414177238
 65.9 -12.8 -14.4  341.271683857
 66.0 -12.7 -14.3  340.904818179
 66.0 -12.6 -14.2  340.314392837
 66.1 -12.6 -14.1  339.501426805
 66.1 -12.5 -14.0  338.467142399
 66.2 -12.4 -13.9  337.212962065
 66.2 -12.3 -13.8  335.740504955
 66.3 -12.2 -13.7  334.051583297
 66.3 -12.1 -13.6  332.148198576
 66.4 -12.0 -13.5  330.032537519
 66.4 -11.9 -13.4  327.706967891
 66.4 -11.8 -13.3  325.174034128
 66.5 -11.8 -13.2  322.436452784
 66.5 -11.7 -13.1  319.497107828
 66.6 -11.6 -13.0  316.35904578
 66.6 -11.5 -12.9  313.025470703
 66.7 -11.4 -12.8  309.499739048
 66.7 -11.3 -12.7  305.785354381
 66.8 -11.2 -12.6  301.885961971
 66.8 -11.1 -12.5  297.805343278
 66.9 -11.0 -12.4  293.547410321
 66.9 -10.9 -12.3  289.116199955
 66.9 -10.9 -12.2  284.515868061
 67.0 -10.8 -12.1  279.750683641
 67.0 -10.7 -12.0  274.825022861
 67.1 -10.6 -11.9  269.74336301
 67.1 -10.5 -11.8  264.510276414
 67.2 -10.4 -11.7  259.130424306
 67.2 -10.3 -11.6  253.608550649
 67.3 -10.2 -11.5  247.949475938
 67.3 -10.1 -11.4  242.158090977
 67.4 -10.1 -11.3  236.239350648
 67.4 -10.0 -11.2  230.198267672
 67.4 -9.9 -11.1  224.03990638
 67.5 -9.8 -11.0  217.769376495
 67.5 -9.7 -10.9  211.39182694
 67.6 -9.6 -10.8  204.912439674
 67.6 -9.5 -10.7  198.336423565
 67.7 -9.4 -10.6  191.669008315
 67.7 -9.3 -10.5  184.91543844
 67.8 -9.3 -10.4  178.080967306
 67.8 -9.2 -10.3  171.170851243
 67.9 -9.1 -10.2  164.190343738
 67.9 -9.0 -10.1  157.144689704
 67.9 -8.9 -10.0  150.039119854
 68.0 -8.8 -9.9  142.878845165
 68.0 -8.7 -9.8  135.669051456
 68.1 -8.6 -9.7  128.414894074
 68.1 -8.5 -9.6  121.121492703
 68.2 -8.5 -9.5  113.793926297
 68.2 -8.4 -9.4  106.437228143
 68.3 -8.3 -9.3  99.0563810671
 68.3 -8.2 -9.2  91.656312779
 68.4 -8.1 -9.1  84.241891364
 68.4 -8.0 -9.0  76.8179209312
 68.4 -7.9 -8.9  69.3891374167
 68.5 -7.8 -8.8  61.9602045503
 68.5 -7.7 -8.7  54.5357099877
 68.6 -7.7 -8.6  47.1201616126
 68.6 -7.6 -8.5  39.7179840128
 68.7 -7.5 -8.4  32.3335151326
 68.7 -7.4 -8.3  24.9710031048
 68.8 -7.3 -8.2  17.6346032656
 68.8 -7.2 -8.1  10.3283753539
 68.9 -7.1 -8.0  3.05628089699
 68.9 -7.0 -7.9 -4.17781921473
 68.9 -6.9 -7.8 -11.3701669632
 69.0 -6.9 -7.7 -18.5171092472
 69.0 -6.8 -7.6 -25.6150997349
 69.1 -6.7 -7.5 -32.6607005243
 69.1 -6.6 -7.4 -39.65058361
 69.2 -6.5 -7.3 -46.5815321588
 69.2 -6.4 -7.2 -53.4504415923
 69.3 -6.3 -7.1 -60.254320478
 69.3 -6.2 -7.0 -66.9902912303
 69.4 -6.1 -6.9 -73.6555906221
 69.4 -6.1 -6.8 -80.2475701087
 69.4 -6.0 -6.7 -86.7636959663
 69.5 -5.9 -6.6 -93.2015492464
 69.5 -5.8 -6.5 -99.5588255493
 69.6 -5.7 -6.4 -105.83333462
 69.6 -5.6 -6.3 -112.022999765
 69.7 -5.5 -6.2 -118.125857104
 69.7 -5.4 -6.1 -124.140054644
 69.8 -5.3 -6.0 -130.063851196
 69.8 -5.3 -5.9 -135.895615125
 69.9 -5.2 -5.8 -141.633822947
 69.9 -5.1 -5.7 -147.277057773
 69.9 -5.0 -5.6 -152.824007603
 70.0 -4.9 -5.5 -158.273463477
 70.0 -4.8 -5.4 -163.624317497
 70.1 -4.7 -5.3 -168.875560699
 70.1 -4.6 -5.2 -174.026280818
 70.2 -4.5 -5.1 -179.075659917
 70.2 -4.5 -5.0 -184.022971908
 70.3 -4.4 -4.9 -188.867579957
 70.3 -4.3 -4.8 -193.608933795
 70.4 -4.2 -4.7 -198.246566922
 70.4 -4.1 -4.6 -202.780093725
 70.5 -4.0 -4.5 -207.209206512
 70.5 -3.9 -4.4 -211.533672467
 70.5 -3.8 -4.3 -215.75333053
 70.6 -3.7 -4.2 -219.868088223
 70.6 -3.6 -4.1 -223.877918405
 70.7 -3.6 -4.0 -227.782855986
 70.7 -3.5 -3.9 -231.582994594
 70.8 -3.4 -3.8 -235.278483205
 70.8 -3.3 -3.7 -238.869522741
 70.9 -3.2 -3.6 -242.356362651
 70.9 -3.1 -3.5 -245.739297469
 71.0 -3.0 -3.4 -249.018663369
 71.0 -2.9 -3.3 -252.194834713
 71.0 -2.8 -3.2 -255.268220607
 71.1 -2.8 -3.1 -258.23926147
 71.1 -2.7 -3.0 -261.108425617
 71.2 -2.6 -2.9 -263.876205871
 71.2 -2.5 -2.8 -266.543116206
 71.3 -2.4 -2.7 -269.109688429
 71.3 -2.3 -2.6 -271.576468906
 71.4 -2.2 -2.5 -273.944015342
 71.4 -2.1 -2.4 -276.212893614
 71.5 -2.0 -2.3 -278.383674674
 71.5 -2.0 -2.2 -280.456931516
 71.5 -1.9 -2.1 -282.433236222
 71.6 -1.8 -2.0 -284.31315709
 71.6 -1.7 -1.9 -286.097255845
 71.7 -1.6 -1.8 -287.786084945
 71.7 -1.5 -1.7 -289.380184984
 71.8 -1.4 -1.6 -290.880082197
 71.8 -1.3 -1.5 -292.286286073
 71.9 -1.2 -1.4 -293.599287074
 71.9 -1.2 -1.3 -294.819554477
 72.0 -1.1 -1.2 -295.947534333
 72.0 -1.0 -1.1 -296.983647549
 72.0 -0.9 -1.0 -297.928288094
 72.1 -0.8 -0.9 -298.781821344
 72.1 -0.7 -0.8 -299.544582555
 72.2 -0.6 -0.7 -300.216875469
 72.2 -0.5 -0.6 -300.79897107
 72.3 -0.4 -0.5 -301.291106472
 72.3 -0.4 -0.4 -301.693483953
 72.4 -0.3 -0.3 -302.006270137
 72.4 -0.2 -0.2 -302.22959532
 72.5 -0.1 -0.1 -302.363552947
 72.5  0.0  0.0 -302.408199234
 72.5  0.1  0.1 -302.363552947
 72.6  0.2  0.2 -302.22959532
 72.6  0.3  0.3 -302.006270137
 72.7  0.4  0.4 -301.693483953
 72.7  0.4  0.5 -301.291106472
 72.8  0.5  0.6 -300.79897107
 72.8  0.6  0.7 -300.216875469
 72.9  0.7  0.8 -299.544582555
 72.9  0.8  0.9 -298.781821344
 73.0  0.9  1.0 -297.928288094
 73.0  1.0  1.1 -296.983647549
 73.0  1.1  1.2 -295.947534333
 73.1  1.2  1.3 -294.819554477
 73.1  1.2  1.4 -293.599287074
 73.2  1.3  1.5 -292.286286073
 73.2  1.4  1.6 -290.880082197
 73.3  1.5  1.7 -289.380184984
 73.3  1.6  1.8 -287.786084945
 73.4  1.7  1.9 -286.097255845
 73.4  1.8  2.0 -284.31315709
 73.5  1.9  2.1 -282.433236222
 73.5  2.0  2.2 -280.456931516
 73.5  2.0  2.3 -278.383674674
 73.6  2.1  2.4 -276.212893614
 73.6  2.2  2.5 -273.944015342
 73.7  2.3  2.6 -271.576468906
 73.7  2.4  2.7 -269.109688429
 73.8  2.5  2.8 -266.543116206
 73.8  2.6  2.9 -263.876205871
 73.9  2.7  3.0 -261.108425617
 73.9  2.8  3.1 -258.23926147
 74.0  2.8  3.2 -255.268220607
 74.0  2.9  3.3 -252.194834713
 74.0  3.0  3.4 -249.018663369
 74.1  3.1  3.5 -245.739297469
 74.1  3.2  3.6 -242.356362651
 74.2  3.3  3.7 -238.869522741
 74.2  3.4  3.8 -235.278483205
 74.3  3.5  3.9 -231.582994594
 74.3  3.6  4.0 -227.782855986
 74.4  3.6  4.1 -223.877918405
 74.4  3.7  4.2 -219.868088223
 74.5  3.8  4.3 -215.75333053
 74.5  3.9  4.4 -211.533672467
 74.5  4.0  4.5 -207.209206512
 74.6  4.1  4.6 -202.780093725
 74.6  4.2  4.7 -198.246566922
 74.7  4.3  4.8 -193.608933795
 74.7  4.4  4.9 -188.867579957
 74.8  4.5  5.0 -184.022971908
 74.8  4.5  5.1 -179.075659917
 74.9  4.6  5.2 -174.026280818
 74.9  4.7  5.3 -168.875560699
 75.0  4.8  5.4 -163.624317497
 75.0  4.9  5.5 -158.273463477
 75.1  5.0  5.6 -152.824007603
 75.1  5.1  5.7 -147.277057773
 75.1  5.2  5.8 -141.633822947
 75.2  5.3  5.9 -135.895615125
 75.2  5.3  6.0 -130.063851196
 75.3  5.4  6.1 -124.140054644
 75.3  5.5  6.2 -118.125857104
 75.4  5.6  6.3 -112.022999765
 75.4  5.7  6.4 -105.83333462
 75.5  5.8  6.5 -99.5588255493
 75.5  5.9  6.6 -93.2015492464
 75.6  6.0  6.7 -86.7636959663
 75.6  6.1  6.8 -80.2475701087
 75.6  6.1  6.9 -73.6555906221
 75.7  6.2  7.0 -66.9902912303
 75.7  6.3  7.1 -60.254320478
 75.8  6.4  7.2 -53.4504415923
 75.8  6.5  7.3 -46.5815321588
 75.9  6.6  7.4 -39.65058361
 75.9  6.7  7.5 -32.6607005243
 76.0  6.8  7.6 -25.6150997349
 76.0  6.9  7.7 -18.5171092472
 76.1  6.9  7.8 -11.3701669632
 76.1  7.0  7.9 -4.17781921473
 76.1  7.1  8.0  3.05628089699
 76.2  7.2  8.1  10.3283753539
 76.2  7.3  8.2  17.6346032656
 76.3  7.4  8.3  24.9710031048
 76.3  7.5  8.4  32.3335151326
 76.4  7.6  8.5  39.7179840128
 76.4  7.7  8.6  47.1201616126
 76.5  7.7  8.7  54.5357099877
 76.5  7.8  8.8  61.9602045503
 76.6  7.9  8.9  69.3891374167
 76.6  8.0  9.0  76.8179209312
 76.6  8.1  9.1  84.241891364
 76.7  8.2  9.2  91.656312779
 76.7  8.3  9.3  99.0563810671
 76.8  8.4  9.4  106.437228143
 76.8  8.5  9.5  113.793926297
 76.9  8.5  9.6  121.121492703
 76.9  8.6  9.7  128.414894074
 77.0  8.7  9.8  135.669051456
 77.0  8.8  9.9  142.878845165
 77.1  8.9  10.0  150.039119854
 77.1  9.0  10.1  157.144689704
 77.1  9.1  10.2  164.190343738
 77.2  9.2  10.3  171.170851243
 77.2  9.3  10.4  178.080967306
 77.3  9.3  10.5  184.91543844
 77.3  9.4  10.6  191.669008315
 77.4  9.5  10.7  198.336423565
 77.4  9.6  10.8  204.912439674
 77.5  9.7  10.9  211.39182694
 77.5  9.8  11.0  217.769376495
 77.6  9.9  11.1  224.03990638
 77.6  10.0  11.2  230.198267672
 77.6  10.1  11.3  236.239350648
 77.7  10.1  11.4  242.158090977
 77.7  10.2  11.5  247.949475938
 77.8  10.3  11.6  253.608550649
 77.8  10.4  11.7  259.130424306
 77.9  10.5  11.8  264.510276414
 77.9  10.6  11.9  269.74336301
 78.0  10.7  12.0  274.825022861
 78.0  10.8  12.1  279.750683641
 78.1  10.9  12.2  284.515868061
 78.1  10.9  12.3  289.116199955
 78.1  11.0  12.4  293.547410321
 78.2  11.1  12.5  297.805343278
 78.2  11.2  12.6  301.885961971
 78.3  11.3  12.7  305.785354381
 78.3  11.4  12.8  309.499739048
 78.4  11.5  12.9  313.025470703
 78.4  11.6  13.0  316.35904578
 78.5  11.7  13.1  319.497107828
 78.5  11.8  13.2  322.436452784
 78.6  11.8  13.3  325.174034128
 78.6  11.9  13.4  327.706967891
 78.6  12.0  13.5  330.032537519
 78.7  12.1  13.6  332.148198576
 78.7  12.2  13.7  334.051583297
 78.8  12.3  13.8  335.740504955
 78.8  12.4  13.9  337.212962065
 78.9  12.5  14.0  338.467142399
 78.9  12.6  14.1  339.501426805
 79.0  12.6  14.2  340.314392837
 79.0  12.7  14.3  340.904818179
 79.1  12.8  14.4  341.271683857
 79.1  12.9  14.5  341.414177238
 79.2  13.0  14.6  341.331694805
 79.2  13.1  14.7  341.023844715
 79.2  13.2  14.8  340.490449112
 79.3  13.3  14.9  339.731546216
 79.3  13.4  15.0  338.747392165
 79.4  13.4  15.1  337.538462617
 79.4  13.5  15.2  336.105454099
 79.5  13.6  15.3  334.449285109
 79.5  13.7  15.4  332.57109696
 79.6  13.8  15.5  330.472254368
 79.6  13.9  15.6  328.154345776
 79.7  14.0  15.7  325.619183426
 79.7  14.1  15.8  322.868803151
 79.7  14.2  15.9  319.905463913
 79.8  14.2  16.0  316.731647071
 79.8  14.3  16.1  313.350055379
 79.9  14.4  16.2  309.763611718
 79.9  14.5  16.3  305.975457559
 80.0  14.6  16.4  301.988951156
 80.0  14.7  16.5  297.807665475
 80.1  14.8  16.6  293.435385854
 80.1  14.9  16.7  288.876107397
 80.2  15.0  16.8  284.134032105
 80.2  15.0  16.9  279.213565747
 80.2  15.1  17.0  274.119314471
 80.3  15.2  17.1  268.856081155
 80.3  15.3  17.2  263.428861509
 80.4  15.4  17.3  257.842839927
 80.4  15.5  17.4  252.103385086
 80.5  15.6  17.5  246.216045313
 80.5  15.7  17.6  240.186543704
 80.6  15.8  17.7  234.02077302
 80.6  15.8  17.8  227.724790344
 80.7  15.9  17.9  221.304811525
 80.7  16.0  18.0  214.767205399
 80.7  16.1  18.1  208.118487805
 80.8  16.2  18.2  201.365315388
 80.8  16.3  18.3  194.514479212
 80.9  16.4  18.4  187.572898178
 80.9  16.5  18.5  180.54761226
 81.0  16.6  18.6  173.44577556
 81.0  16.6  18.7  166.274649202
 81.1  16.7  18.8  159.041594058
 81.1  16.8  18.9  151.754063325
 81.2  16.9  19.0  144.419594955
 81.2  17.0  19.1  137.045803953
 81.2  17.1  19.2  129.640374545
 81.3  17.2  19.3  122.211052229
 81.3  17.3  19.4  114.765635717
 81.4  17.4  19.5  107.311968777
 81.4  17.4  19.6  99.8579319883
 81.5  17.5  19.7  92.4114344118
 81.5  17.6  19.8  84.9804051932
 81.6  17.7  19.9  77.5727851044
 81.6  17.8  20.0  70.1965180346
 81.7  17.9  20.1  62.8595424412
 81.7  18.0  20.2  55.56978277
 81.7  18.1  20.3  48.3351408557
 81.8  18.2  20.4  41.1634873131
 81.8  18.2  20.5  34.0626529284
 81.9  18.3  20.6  27.0404200623
 81.9  18.4  20.7  20.1045140738
 82.0  18.5  20.8  13.2625947768
 82.0  18.6  20.9  6.52224793869
 82.1  18.7  21.0 -0.10902316877
 82.1  18.8  21.1 -6.62380615466
 82.2  18.9  21.2 -13.0147878215
 82.2  19.0  21.3 -19.2747623942
 82.2  19.1  21.4 -25.3966396549
 82.3  19.1  21.5 -31.3734529747
 82.3  19.2  21.6 -37.1983672315
 82.4  19.3  21.7 -42.8646866044
 82.4  19.4  21.8 -48.3658622347
 82.5  19.5  21.9 -53.6954997451
 82.5  19.6  22.0 -58.8473666058
 82.6  19.7  22.1 -63.8153993402
 82.6  19.8  22.2 -68.5937105601
 82.7  19.9  22.3 -73.1765958213
 82.7  19.9  22.4 -77.5585402928
 82.7  20.0  22.5 -81.7342252284
 82.8  20.1  22.6 -85.6985342353
 82.8  20.2  22.7 -89.4465593298
 82.9  20.3  22.8 -92.9736067731
 82.9  20.4  22.9 -96.2752026806
 83.0  20.5  23.0 -99.347098396
 83.0  20.6  23.1 -102.185275624
 83.1  20.7  23.2 -104.785951317
 83.1  20.7  23.3 -107.145582304
 83.2  20.8  23.4 -109.260869663
 83.2  20.9  23.5 -111.128762827
 83.3  21.0  23.6 -112.746463416
 83.3  21.1  23.7 -114.111428799
 83.3  21.2  23.8 -115.221375365
 83.4  21.3  23.9 -116.074281522
 83.4  21.4  24.0 -116.668390399
 83.5  21.5  24.1 -117.002212252
 83.5  21.5  24.2 -117.074526584
 83.6  21.6  24.3 -116.884383961
 83.6  21.7  24.4 -116.431107523
 83.7  21.8  24.5 -115.714294198
 83.7  21.9  24.6 -114.733815609
 83.8  22.0  24.7 -113.48981867
 83.8  22.1  24.8 -111.982725883
 83.8  22.2  24.9 -110.213235315
 83.9  22.3  25.0 -108.182320281
 83.9  22.3  25.1 -105.891228702
 84.0  22.4  25.2 -103.34148217
 84.0  22.5  25.3 -100.534874697
 84.1  22.6  25.4 -97.4734711624
 84.1  22.7  25.5 -94.1596054511
 84.2  22.8  25.6 -90.595878297
 84.2  22.9  25.7 -86.7851548208
 84.3  23.0  25.8 -82.7305617731
 84.3  23.1  25.9 -78.4354844834
 84.3  23.1  26.0 -73.903563519
 84.4  23.2  26.1 -69.1386910565
 84.4  23.3  26.2 -64.1450069722
 84.5  23.4  26.3 -58.9268946535
 84.5  23.5  26.4 -53.4889765387
 84.6  23.6  26.5 -47.8361093884
 84.6  23.7  26.6 -41.9733792947
 84.7  23.8  26.7 -35.9060964348
 84.7  23.9  26.8 -29.6397895742
 84.8  23.9  26.9 -23.1802003266
 84.8  24.0  27.0 -16.5332771771
 84.8  24.1  27.1 -9.70516927552
 84.9  24.2  27.2 -2.70222000799
 84.9  24.3  27.3  4.46903964647
 85.0  24.4  27.4  11.8018979659
 85.0  24.5  27.5  19.2894695338
 85.1  24.6  27.6  26.924702478
 85.1  24.7  27.7  34.7003858908
 85.2  24.7  27.8  42.6091574216
 85.2  24.8  27.9  50.6435110339
 85.3  24.9  28.0  58.7958049163
 85.3  25.0  28.1  67.058269538
 85.3  25.1  28.2  75.423015841
 85.4  25.2  28.3  83.8820435569
 85.4  25.3  28.4  92.4272496397
 85.5  25.4  28.5  101.050436805
 85.5  25.5  28.6  109.743322165
 85.6  25.5  28.7  118.497545945
 85.6  25.6  28.8  127.304680284
 85.7  25.7  28.9  136.156238089
 85.7  25.8  29.0  145.043681952
 85.8  25.9  29.1  153.958433106
 85.8  26.0  29.2  162.891880414
 85.8  26.1  29.3  171.835389385
 85.9  26.2  29.4  180.780311198
 85.9  26.3  29.5  189.717991725
 86.0  26.4  29.6  198.639780551
 86.0  26.4  29.7  207.53703997
 86.1  26.5  29.8  216.401153951
 86.1  26.6  29.9  225.223537061
 86.2  26.7  30.0  233.995643344
 86.2  26.8  30.1  242.708975129
 86.3  26.9  30.2  251.355091772
 86.3  27.0  30.3  259.925618318
 86.3  27.1  30.4  268.412254061
 86.4  27.2  30.5  276.806781015
 86.4  27.2  30.6  285.101072263
 86.5  27.3  30.7  293.287100193
 86.5  27.4  30.8  301.356944598
 86.6  27.5  30.9  309.302800638
 86.6  27.6  31.0  317.116986653
 86.7  27.7  31.1  324.79195182
 86.7  27.8  31.2  332.320283645
 86.8  27.9  31.3  339.694715273
 86.8  28.0  31.4  346.908132627
 86.8  28.0  31.5  353.953581345
 86.9  28.1  31.6  360.82427353
 86.9  28.2  31.7  367.513594283
 87.0  28.3  31.8  374.015108035
 87.0  28.4  31.9  380.322564648
 87.1  28.5  32.0  386.429905301
 87.1  28.6  32.1  392.331268138
 87.2  28.7  32.2  398.020993675
 87.2  28.8  32.3  403.493629973
 87.3  28.8  32.4  408.743937553
 87.3  28.9  32.5  413.766894058
 87.4  29.0  32.6  418.557698664
 87.4  29.1  32.7  423.111776218
 87.4  29.2  32.8  427.424781119
 87.5  29.3  32.9  431.492600918
 87.5  29.4  33.0  435.311359653
 87.6  29.5  33.1  438.877420903
 87.6  29.6  33.2  442.187390564
 87.7  29.6  33.3  445.238119343
 87.7  29.7  33.4  448.026704969
 87.8  29.8  33.5  450.550494117
 87.8  29.9  33.6  452.807084053
 87.9  30.0  33.7  454.794323981
 87.9  30.1  33.8  456.510316111
 87.9  30.2  33.9  457.953416438
 88.0  30.3  34.0  459.122235233
 88.0  30.4  34.1  460.015637247
 88.1  30.4  34.2  460.632741631
 88.1  30.5  34.3  460.972921572
 88.2  30.6  34.4  461.035803642
 88.2  30.7  34.5  460.821266875
 88.3  30.8  34.6  460.329441559
 88.3  30.9  34.7  459.560707755
 88.4  31.0  34.8  458.515693543
 88.4  31.1  34.9  457.195272999
 88.4  31.2  35.0  455.600563913
 88.5  31.2  35.1  453.732925232
 88.5  31.3  35.2  451.593954258
 88.6  31.4  35.3  449.185483593
 88.6  31.5  35.4  446.509577827
 88.7  31.6  35.5  443.568529996
 88.7  31.7  35.6  440.364857793
 88.8  31.8  35.7  436.901299557
 88.8  31.9  35.8  433.180810028
 88.9  32.0  35.9  429.206555889
 88.9  32.0  36.0  424.981911098
 88.9  32.1  36.1  420.510452007
 89.0  32.2  36.2  415.795952286
 89.0  32.3  36.3  410.84237766
 89.1  32.4  36.4  405.653880455
 89.1  32.5  36.5  400.234793974
 89.2  32.6  36.6  394.589626696
 89.2  32.7  36.7  388.723056325
 89.3  32.8  36.8  382.639923679
 89.3  32.8  36.9  376.345226436
 89.4  32.9  37.0  369.844112745
 89.4  33.0  37.1  363.141874713
 89.4  33.1  37.2  356.243941764
 89.5  33.2  37.3  349.155873898
 89.5  33.3  37.4  341.883354845
 89.6  33.4  37.5  334.432185122
 89.6  33.5  37.6  326.808275016
 89.7  33.6  37.7  319.017637486
 89.7  33.7  37.8  311.066381003
 89.8  33.7  37.9  302.960702329
 89.8  33.8  38.0  294.706879259
 89.9  33.9  38.1  286.311263314
 89.9  34.0  38.2  277.780272415
 89.9  34.1  38.3  269.12038353
 90.0  34.2  38.4  260.338125314
 90.0  34.3  38.5  251.44007075
 90.1  34.4  38.6  242.432829796
 90.1  34.5  38.7  233.323042042
 90.2  34.5  38.8  224.117369407
 90.2  34.6  38.9  214.822488855
 90.3  34.7  39.0  205.445085164
 90.3  34.8  39.1  195.991843744
 90.4  34.9  39.2  186.469443512
 90.4  35.0  39.3  176.884549842
 90.4  35.1  39.4  167.243807581
 90.5  35.2  39.5  157.553834165
 90.5  35.3  39.6  147.821212809
 90.6  35.3  39.7  138.052485816
 90.6  35.4  39.8  128.254147977
 90.7  35.5  39.9  118.432640098
 90.7  35.6  40.0  108.594342644
