x lower upper
-145.0 -21.5  21.5
-144.0 -21.3  21.7
-143.0 -21.1  21.8
-142.0 -20.9  22.0
-141.0 -20.7  22.2
-140.0 -20.4  22.3
-139.0 -20.2  22.5
-138.0 -19.9  22.7
-137.0 -19.5  23.0
-136.0 -19.2  23.2
-135.0 -18.9  23.4
-134.0 -18.6  23.7
-133.0 -18.3  24.0
-132.0 -18.1  24.3
-131.0 -17.9  24.6
-130.0 -17.7  24.9
-129.0 -17.5  25.1
-128.0 -17.4  25.4
-127.0 -17.2  25.6
-126.0 -17.0  25.8
-125.0 -16.8  26.0
-124.0 -16.6  26.2
-123.0 -16.3  26.3
-122.0 -15.9  26.6
-121.0 -15.6  26.7
-120.0 -15.2  26.8
-119.0 -14.8  26.9
-118.0 -14.4  27.0
-117.0 -14.2  27.1
-116.0 -13.9  27.2
-115.0 -13.7  27.2
-114.0 -13.6  27.3
-113.0 -13.5  27.4
-112.0 -13.4  27.5
-111.0 -13.3  27.6
-110.0 -13.2  27.7
-109.0 -13.1  27.8
-108.0 -13.0  28.0
-107.0 -12.8  28.2
-106.0 -12.7  28.4
-105.0 -12.6  28.6
-104.0 -12.5  28.7
-103.0 -12.3  28.9
-102.0 -12.1  29.0
-101.0 -11.9  29.0
-100.0 -11.7  29.0
-99.0 -11.4  28.9
-98.0 -11.1  28.8
-97.0 -10.8  28.7
-96.0 -10.5  28.5
-95.0 -10.3  28.3
-94.0 -10.1  28.2
-93.0 -10.0  28.0
-92.0 -10.0  27.7
-91.0 -10.0  27.4
-90.0 -9.9  27.1
-89.0 -10.0  26.7
-88.0 -10.1  26.3
-87.0 -10.3  25.8
-86.0 -10.4  25.5
-85.0 -10.6  25.2
-84.0 -11.1  24.8
-83.0 -11.7  24.5
-82.0 -12.4  24.2
-81.0 -13.0  23.7
-80.0 -13.5  23.2
-79.0 -13.8  21.8
-78.0 -14.0  20.5
-77.0 -14.2  19.9
-76.0 -14.4  19.3
-75.0 -14.6  18.7
-74.0 -14.7  17.8
-73.0 -14.9  15.2
-72.0 -15.2  14.9
-71.0 -17.8  14.7
-70.0 -18.7  14.6
-69.0 -19.3  14.4
-68.0 -19.9  14.2
-67.0 -20.5  14.0
-66.0 -21.8  13.8
-65.0 -23.2  13.5
-64.0 -23.7  13.0
-63.0 -24.2  12.4
-62.0 -24.5  11.7
-61.0 -24.8  11.1
-60.0 -25.2  10.6
-59.0 -25.5  10.4
-58.0 -25.8  10.3
-57.0 -26.3  10.1
-56.0 -26.7  10.0
-55.0 -27.1  9.9
-54.0 -27.4  10.0
-53.0 -27.7  10.0
-52.0 -28.0  10.0
-51.0 -28.2  10.1
-50.0 -28.3  10.3
-49.0 -28.5  10.5
-48.0 -28.7  10.8
-47.0 -28.8  11.1
-46.0 -28.9  11.4
-45.0 -29.0  11.7
-44.0 -29.0  11.9
-43.0 -29.0  12.1
-42.0 -28.9  12.3
-41.0 -28.7  12.5
-40.0 -28.6  12.6
-39.0 -28.4  12.7
-38.0 -28.2  12.8
-37.0 -28.0  13.0
-36.0 -27.8  13.1
-35.0 -27.7  13.2
-34.0 -27.6  13.3
-33.0 -27.5  13.4
-32.0 -27.4  13.5
-31.0 -27.3  13.6
-30.0 -27.2  13.7
-29.0 -27.2  13.9
-28.0 -27.1  14.2
-27.0 -27.0  14.4
-26.0 -26.9  14.8
-25.0 -26.8  15.2
-24.0 -26.7  15.6
-23.0 -26.6  15.9
-22.0 -26.3  16.3
-21.0 -26.2  16.6
-20.0 -26.0  16.8
-19.0 -25.8  17.0
-18.0 -25.6  17.2
-17.0 -25.4  17.4
-16.0 -25.1  17.5
-15.0 -24.9  17.7
-14.0 -24.6  17.9
-13.0 -24.3  18.1
-12.0 -24.0  18.3
-11.0 -23.7  18.6
-10.0 -23.4  18.9
-9.0 -23.2  19.2
-8.0 -23.0  19.5
-7.0 -22.7  19.9
-6.0 -22.5  20.2
-5.0 -22.3  20.4
-4.0 -22.2  20.7
-3.0 -22.0  20.9
-2.0 -21.8  21.1
-1.0 -21.7  21.3
 0.0 -21.5  21.5
 1.0 -21.3  21.7
 2.0 -21.1  21.8
 3.0 -20.9  22.0
 4.0 -20.7  22.2
 5.0 -20.4  22.3
 6.0 -20.2  22.5
 7.0 -19.9  22.7
 8.0 -19.5  23.0
 9.0 -19.2  23.2
 10.0 -18.9  23.4
 11.0 -18.6  23.7
 12.0 -18.3  24.0
 13.0 -18.1  24.3
 14.0 -17.9  24.6
 15.0 -17.7  24.9
 16.0 -17.5  25.1
 17.0 -17.4  25.4
 18.0 -17.2  25.6
 19.0 -17.0  25.8
 20.0 -16.8  26.0
 21.0 -16.6  26.2
 22.0 -16.3  26.3
 23.0 -15.9  26.6
 24.0 -15.6  26.7
 25.0 -15.2  26.8
 26.0 -14.8  26.9
 27.0 -14.4  27.0
 28.0 -14.2  27.1
 29.0 -13.9  27.2
 30.0 -13.7  27.2
 31.0 -13.6  27.3
 32.0 -13.5  27.4
 33.0 -13.4  27.5
 34.0 -13.3  27.6
 35.0 -13.2  27.7
 36.0 -13.1  27.8
 37.0 -13.0  28.0
 38.0 -12.8  28.2
 39.0 -12.7  28.4
 40.0 -12.6  28.6
 41.0 -12.5  28.7
 42.0 -12.3  28.9
 43.0 -12.1  29.0
 44.0 -11.9  29.0
 45.0 -11.7  29.0
 46.0 -11.4  28.9
 47.0 -11.1  28.8
 48.0 -10.8  28.7
 49.0 -10.5  28.5
 50.0 -10.3  28.3
 51.0 -10.1  28.2
 52.0 -10.0  28.0
 53.0 -10.0  27.7
 54.0 -10.0  27.4
 55.0 -9.9  27.1
 56.0 -10.0  26.7
 57.0 -10.1  26.3
 58.0 -10.3  25.8
 59.0 -10.4  25.5
 60.0 -10.6  25.2
 61.0 -11.1  24.8
 62.0 -11.7  24.5
 63.0 -12.4  24.2
 64.0 -13.0  23.7
 65.0 -13.5  23.2
 66.0 -13.8  21.8
 67.0 -14.0  20.5
 68.0 -14.2  19.9
 69.0 -14.4  19.3
 70.0 -14.6  18.7
 71.0 -14.7  17.8
 72.0 -14.9  15.2
 73.0 -15.2  14.9
 74.0 -17.8  14.7
 75.0 -18.7  14.6
 76.0 -19.3  14.4
 77.0 -19.9  14.2
 78.0 -20.5  14.0
 79.0 -21.8  13.8
 80.0 -23.2  13.5
 81.0 -23.7  13.0
 82.0 -24.2  12.4
 83.0 -24.5  11.7
 84.0 -24.8  11.1
 85.0 -25.2  10.6
 86.0 -25.5  10.4
 87.0 -25.8  10.3
 88.0 -26.3  10.1
 89.0 -26.7  10.0
 90.0 -27.1  9.9
 91.0 -27.4  10.0
 92.0 -27.7  10.0
 93.0 -28.0  10.0
 94.0 -28.2  10.1
 95.0 -28.3  10.3
 96.0 -28.5  10.5
 97.0 -28.7  10.8
 98.0 -28.8  11.1
 99.0 -28.9  11.4
 100.0 -29.0  11.7
 101.0 -29.0  11.9
 102.0 -29.0  12.1
 103.0 -28.9  12.3
 104.0 -28.7  12.5
 105.0 -28.6  12.6
 106.0 -28.4  12.7
 107.0 -28.2  12.8
 108.0 -28.0  13.0
 109.0 -27.8  13.1
 110.0 -27.7  13.2
 111.0 -27.6  13.3
 112.0 -27.5  13.4
 113.0 -27.4  13.5
 114.0 -27.3  13.6
 115.0 -27.2  13.7
 116.0 -27.2  13.9
 117.0 -27.1  14.2
 118.0 -27.0  14.4
 119.0 -26.9  14.8
 120.0 -26.8  15.2
 121.0 -26.7  15.6
 122.0 -26.6  15.9
 123.0 -26.3  16.3
 124.0 -26.2  16.6
 125.0 -26.0  16.8
 126.0 -25.8  17.0
 127.0 -25.6  17.2
 128.0 -25.4  17.4
 129.0 -25.1  17.5
 130.0 -24.9  17.7
 131.0 -24.6  17.9
 132.0 -24.3  18.1
 133.0 -24.0  18.3
 134.0 -23.7  18.6
 135.0 -23.4  18.9
 136.0 -23.2  19.2
 137.0 -23.0  19.5
 138.0 -22.7  19.9
 139.0 -22.5  20.2
 140.0 -22.3  20.4
 141.0 -22.2  20.7
 142.0 -22.0  20.9
 143.0 -21.8  21.1
 144.0 -21.7  21.3
 145.0 -21.5  21.5
