x lower upper
-145.0 -21.0  21.0
-144.0 -20.8  21.3
-143.0 -20.5  21.6
-142.0 -20.3  22.0
-141.0 -20.1  22.3
-140.0 -19.9  22.7
-139.0 -19.8  23.0
-138.0 -19.6  23.3
-137.0 -19.4  23.6
-136.0 -19.2  23.8
-135.0 -19.0  24.0
-134.0 -18.8  24.2
-133.0 -18.6  24.4
-132.0 -18.4  24.5
-131.0 -18.2  24.7
-130.0 -17.9  25.0
-129.0 -17.7  25.1
-128.0 -17.5  25.3
-127.0 -17.3  25.4
-126.0 -17.1  25.6
-125.0 -16.8  25.7
-124.0 -16.6  25.9
-123.0 -16.3  26.1
-122.0 -16.1  26.2
-121.0 -15.8  26.4
-120.0 -15.4  26.6
-119.0 -15.1  26.7
-118.0 -14.7  26.8
-117.0 -14.4  27.0
-116.0 -14.0  27.1
-115.0 -13.7  27.2
-114.0 -13.5  27.3
-113.0 -13.3  27.4
-112.0 -13.1  27.5
-111.0 -13.0  27.6
-110.0 -12.8  27.7
-109.0 -12.7  27.8
-108.0 -12.6  27.8
-107.0 -12.5  28.0
-106.0 -12.3  28.1
-105.0 -12.2  28.2
-104.0 -12.1  28.3
-103.0 -11.9  28.4
-102.0 -11.7  28.6
-101.0 -11.5  28.7
-100.0 -11.4  28.7
-99.0 -11.2  28.7
-98.0 -11.0  28.6
-97.0 -10.9  28.5
-96.0 -10.8  28.3
-95.0 -10.7  28.2
-94.0 -10.6  28.0
-93.0 -10.5  27.8
-92.0 -10.5  27.5
-91.0 -10.5  27.3
-90.0 -10.6  26.9
-89.0 -10.6  26.5
-88.0 -10.8  26.2
-87.0 -10.9  25.8
-86.0 -11.2  25.4
-85.0 -11.5  25.1
-84.0 -12.0  24.8
-83.0 -12.5  24.6
-82.0 -12.9  24.4
-81.0 -13.4  24.0
-80.0 -13.7  23.7
-79.0 -13.9  20.4
-78.0 -14.1  19.4
-77.0 -14.3  18.6
-76.0 -14.4  15.1
-75.0 -14.5  15.0
-74.0 -14.6  14.9
-73.0 -14.7  14.8
-72.0 -14.8  14.7
-71.0 -14.9  14.6
-70.0 -15.0  14.5
-69.0 -15.1  14.4
-68.0 -18.6  14.3
-67.0 -19.4  14.1
-66.0 -20.4  13.9
-65.0 -23.7  13.7
-64.0 -24.0  13.4
-63.0 -24.4  12.9
-62.0 -24.6  12.5
-61.0 -24.8  12.0
-60.0 -25.1  11.5
-59.0 -25.4  11.2
-58.0 -25.8  10.9
-57.0 -26.2  10.8
-56.0 -26.5  10.6
-55.0 -26.9  10.6
-54.0 -27.3  10.5
-53.0 -27.5  10.5
-52.0 -27.8  10.5
-51.0 -28.0  10.6
-50.0 -28.2  10.7
-49.0 -28.3  10.8
-48.0 -28.5  10.9
-47.0 -28.6  11.0
-46.0 -28.7  11.2
-45.0 -28.7  11.4
-44.0 -28.7  11.5
-43.0 -28.6  11.7
-42.0 -28.4  11.9
-41.0 -28.3  12.1
-40.0 -28.2  12.2
-39.0 -28.1  12.3
-38.0 -28.0  12.5
-37.0 -27.8  12.6
-36.0 -27.8  12.7
-35.0 -27.7  12.8
-34.0 -27.6  13.0
-33.0 -27.5  13.1
-32.0 -27.4  13.3
-31.0 -27.3  13.5
-30.0 -27.2  13.7
-29.0 -27.1  14.0
-28.0 -27.0  14.4
-27.0 -26.8  14.7
-26.0 -26.7  15.1
-25.0 -26.6  15.4
-24.0 -26.4  15.8
-23.0 -26.2  16.1
-22.0 -26.1  16.3
-21.0 -25.9  16.6
-20.0 -25.7  16.8
-19.0 -25.6  17.1
-18.0 -25.4  17.3
-17.0 -25.3  17.5
-16.0 -25.1  17.7
-15.0 -25.0  17.9
-14.0 -24.7  18.2
-13.0 -24.5  18.4
-12.0 -24.4  18.6
-11.0 -24.2  18.8
-10.0 -24.0  19.0
-9.0 -23.8  19.2
-8.0 -23.6  19.4
-7.0 -23.3  19.6
-6.0 -23.0  19.8
-5.0 -22.7  19.9
-4.0 -22.3  20.1
-3.0 -22.0  20.3
-2.0 -21.6  20.5
-1.0 -21.3  20.8
 0.0 -21.0  21.0
 1.0 -20.8  21.3
 2.0 -20.5  21.6
 3.0 -20.3  22.0
 4.0 -20.1  22.3
 5.0 -19.9  22.7
 6.0 -19.8  23.0
 7.0 -19.6  23.3
 8.0 -19.4  23.6
 9.0 -19.2  23.8
 10.0 -19.0  24.0
 11.0 -18.8  24.2
 12.0 -18.6  24.4
 13.0 -18.4  24.5
 14.0 -18.2  24.7
 15.0 -17.9  25.0
 16.0 -17.7  25.1
 17.0 -17.5  25.3
 18.0 -17.3  25.4
 19.0 -17.1  25.6
 20.0 -16.8  25.7
 21.0 -16.6  25.9
 22.0 -16.3  26.1
 23.0 -16.1  26.2
 24.0 -15.8  26.4
 25.0 -15.4  26.6
 26.0 -15.1  26.7
 27.0 -14.7  26.8
 28.0 -14.4  27.0
 29.0 -14.0  27.1
 30.0 -13.7  27.2
 31.0 -13.5  27.3
 32.0 -13.3  27.4
 33.0 -13.1  27.5
 34.0 -13.0  27.6
 35.0 -12.8  27.7
 36.0 -12.7  27.8
 37.0 -12.6  27.8
 38.0 -12.5  28.0
 39.0 -12.3  28.1
 40.0 -12.2  28.2
 41.0 -12.1  28.3
 42.0 -11.9  28.4
 43.0 -11.7  28.6
 44.0 -11.5  28.7
 45.0 -11.4  28.7
 46.0 -11.2  28.7
 47.0 -11.0  28.6
 48.0 -10.9  28.5
 49.0 -10.8  28.3
 50.0 -10.7  28.2
 51.0 -10.6  28.0
 52.0 -10.5  27.8
 53.0 -10.5  27.5
 54.0 -10.5  27.3
 55.0 -10.6  26.9
 56.0 -10.6  26.5
 57.0 -10.8  26.2
 58.0 -10.9  25.8
 59.0 -11.2  25.4
 60.0 -11.5  25.1
 61.0 -12.0  24.8
 62.0 -12.5  24.6
 63.0 -12.9  24.4
 64.0 -13.4  24.0
 65.0 -13.7  23.7
 66.0 -13.9  20.4
 67.0 -14.1  19.4
 68.0 -14.3  18.6
 69.0 -14.4  15.1
 70.0 -14.5  15.0
 71.0 -14.6  14.9
 72.0 -14.7  14.8
 73.0 -14.8  14.7
 74.0 -14.9  14.6
 75.0 -15.0  14.5
 76.0 -15.1  14.4
 77.0 -18.6  14.3
 78.0 -19.4  14.1
 79.0 -20.4  13.9
 80.0 -23.7  13.7
 81.0 -24.0  13.4
 82.0 -24.4  12.9
 83.0 -24.6  12.5
 84.0 -24.8  12.0
 85.0 -25.1  11.5
 86.0 -25.4  11.2
 87.0 -25.8  10.9
 88.0 -26.2  10.8
 89.0 -26.5  10.6
 90.0 -26.9  10.6
 91.0 -27.3  10.5
 92.0 -27.5  10.5
 93.0 -27.8  10.5
 94.0 -28.0  10.6
 95.0 -28.2  10.7
 96.0 -28.3  10.8
 97.0 -28.5  10.9
 98.0 -28.6  11.0
 99.0 -28.7  11.2
 100.0 -28.7  11.4
 101.0 -28.7  11.5
 102.0 -28.6  11.7
 103.0 -28.4  11.9
 104.0 -28.3  12.1
 105.0 -28.2  12.2
 106.0 -28.1  12.3
 107.0 -28.0  12.5
 108.0 -27.8  12.6
 109.0 -27.8  12.7
 110.0 -27.7  12.8
 111.0 -27.6  13.0
 112.0 -27.5  13.1
 113.0 -27.4  13.3
 114.0 -27.3  13.5
 115.0 -27.2  13.7
 116.0 -27.1  14.0
 117.0 -27.0  14.4
 118.0 -26.8  14.7
 119.0 -26.7  15.1
 120.0 -26.6  15.4
 121.0 -26.4  15.8
 122.0 -26.2  16.1
 123.0 -26.1  16.3
 124.0 -25.9  16.6
 125.0 -25.7  16.8
 126.0 -25.6  17.1
 127.0 -25.4  17.3
 128.0 -25.3  17.5
 129.0 -25.1  17.7
 130.0 -25.0  17.9
 131.0 -24.7  18.2
 132.0 -24.5  18.4
 133.0 -24.4  18.6
 134.0 -24.2  18.8
 135.0 -24.0  19.0
 136.0 -23.8  19.2
 137.0 -23.6  19.4
 138.0 -23.3  19.6
 139.0 -23.0  19.8
 140.0 -22.7  19.9
 141.0 -22.3  20.1
 142.0 -22.0  20.3
 143.0 -21.6  20.5
 144.0 -21.3  20.8
 145.0 -21.0  21.0
