x z dist ED
 49.7 -44.5 -50.0 -338.554445585
 49.8 -44.4 -49.9 -332.933976195
 49.8 -44.3 -49.8 -327.587231139
 49.9 -44.2 -49.7 -322.508336131
 49.9 -44.2 -49.6 -317.690665961
 50.0 -44.1 -49.5 -313.126905536
 50.0 -44.0 -49.4 -308.809112226
 50.0 -43.9 -49.3 -304.728779103
 50.1 -43.8 -49.2 -300.87689868
 50.1 -43.7 -49.1 -297.244026758
 50.2 -43.6 -49.0 -293.820345985
 50.2 -43.5 -48.9 -290.59572875
 50.3 -43.4 -48.8 -287.559799042
 50.3 -43.4 -48.7 -284.701992925
 50.4 -43.3 -48.6 -282.011617273
 50.4 -43.2 -48.5 -279.477906465
 50.5 -43.1 -48.4 -277.090076722
 50.5 -43.0 -48.3 -274.837377809
 50.5 -42.9 -48.2 -272.709141845
 50.6 -42.8 -48.1 -270.694828991
 50.6 -42.7 -48.0 -268.784069798
 50.7 -42.6 -47.9 -266.966704051
 50.7 -42.6 -47.8 -265.232815938
 50.8 -42.5 -47.7 -263.572765431
 50.8 -42.4 -47.6 -261.977215782
 50.9 -42.3 -47.5 -260.437157064
 50.9 -42.2 -47.4 -258.943925728
 51.0 -42.1 -47.3 -257.489220159
 51.0 -42.0 -47.2 -256.065112263
 51.0 -41.9 -47.1 -254.664055133
 51.1 -41.8 -47.0 -253.278886867
 51.1 -41.8 -46.9 -251.902830655
 51.2 -41.7 -46.8 -250.529491262
 51.2 -41.6 -46.7 -249.152848061
 51.3 -41.5 -46.6 -247.767244805
 51.3 -41.4 -46.5 -246.367376335
 51.4 -41.3 -46.4 -244.948272453
 51.4 -41.2 -46.3 -243.505279194
 51.5 -41.1 -46.2 -242.03403777
 51.5 -41.0 -46.1 -240.53046144
 51.5 -40.9 -46.0 -238.99071061
 51.6 -40.9 -45.9 -237.411166449
 51.6 -40.8 -45.8 -235.788403327
 51.7 -40.7 -45.7 -234.119160388
 51.7 -40.6 -45.6 -232.400312563
 51.8 -40.5 -45.5 -230.628841348
 51.8 -40.4 -45.4 -228.801805648
 51.9 -40.3 -45.3 -226.916313003
 51.9 -40.2 -45.2 -224.969491497
 52.0 -40.1 -45.1 -222.958462637
 52.0 -40.1 -45.0 -220.880315499
 52.0 -40.0 -44.9 -218.732082393
 52.1 -39.9 -44.8 -216.510716323
 52.1 -39.8 -44.7 -214.21307046
 52.2 -39.7 -44.6 -211.835879869
 52.2 -39.6 -44.5 -209.375745673
 52.3 -39.5 -44.4 -206.829121842
 52.3 -39.4 -44.3 -204.192304766
 52.4 -39.3 -44.2 -201.461425729
 52.4 -39.3 -44.1 -198.632446411
 52.5 -39.2 -44.0 -195.701157484
 52.5 -39.1 -43.9 -192.663180362
 52.5 -39.0 -43.8 -189.513972131
 52.6 -38.9 -43.7 -186.248833666
 52.6 -38.8 -43.6 -182.862920895
 52.7 -38.7 -43.5 -179.351259177
 52.7 -38.6 -43.4 -175.708760692
 52.8 -38.5 -43.3 -171.930244757
 52.8 -38.5 -43.2 -168.010460923
 52.9 -38.4 -43.1 -163.94411471
 52.9 -38.3 -43.0 -159.725895788
 53.0 -38.2 -42.9 -155.350508428
 53.0 -38.1 -42.8 -150.812703971
 53.0 -38.0 -42.7 -146.10731511
 53.1 -37.9 -42.6 -141.229291708
 53.1 -37.8 -42.5 -136.173737888
 53.2 -37.7 -42.4 -130.935950121
 53.2 -37.7 -42.3 -125.511456004
 53.3 -37.6 -42.2 -119.896053436
 53.3 -37.5 -42.1 -114.085849886
 53.4 -37.4 -42.0 -108.077301428
 53.4 -37.3 -41.9 -101.867251246
 53.5 -37.2 -41.8 -95.4529672796
 53.5 -37.1 -41.7 -88.8321787124
 53.5 -37.0 -41.6 -82.003110993
 53.6 -36.9 -41.5 -74.9645190925
 53.6 -36.9 -41.4 -67.7157187117
 53.7 -36.8 -41.3 -60.2566151635
 53.7 -36.7 -41.2 -52.5877296715
 53.8 -36.6 -41.1 -44.7102228384
 53.8 -36.5 -41.0 -36.6259150611
 53.9 -36.4 -40.9 -28.3373036856
 53.9 -36.3 -40.8 -19.8475767182
 54.0 -36.2 -40.7 -11.1606229331
 54.0 -36.1 -40.6 -2.28103823889
 54.1 -36.1 -40.5  6.78587180499
 54.1 -36.0 -40.4  16.0340934061
 54.1 -35.9 -40.3  25.456909948
 54.2 -35.8 -40.2  35.0469114174
 54.2 -35.7 -40.1  44.7960078511
 54.3 -35.6 -40.0  54.6954467722
 54.3 -35.5 -39.9  64.7358345599
 54.4 -35.4 -39.8  74.9071616663
 54.4 -35.3 -39.7  85.1988315673
 54.5 -35.3 -39.6  95.5996933072
 54.5 -35.2 -39.5  106.098077469
 54.6 -35.1 -39.4  116.681835381
 54.6 -35.0 -39.3  127.338381335
 54.6 -34.9 -39.2  138.054737593
 54.7 -34.8 -39.1  148.8175819
 54.7 -34.7 -39.0  159.613297247
 54.8 -34.6 -38.9  170.428023566
 54.8 -34.5 -38.8  181.247711056
 54.9 -34.5 -38.7  192.058174816
 54.9 -34.4 -38.6  202.845150432
 55.0 -34.3 -38.5  213.594350195
 55.0 -34.2 -38.4  224.291519575
 55.1 -34.1 -38.3  234.922493612
 55.1 -34.0 -38.2  245.473252848
 55.1 -33.9 -38.1  255.929978466
 55.2 -33.8 -38.0  266.279106257
 55.2 -33.7 -37.9  276.50737909
 55.3 -33.7 -37.8  286.601897529
 55.3 -33.6 -37.7  296.550168278
 55.4 -33.5 -37.6  306.340150139
 55.4 -33.4 -37.5  315.960297182
 55.5 -33.3 -37.4  325.399598836
 55.5 -33.2 -37.3  334.647616664
 55.6 -33.1 -37.2  343.694517555
 55.6 -33.0 -37.1  352.531103129
 55.6 -32.9 -37.0  361.148835169
 55.7 -32.8 -36.9  369.539856899
 55.7 -32.8 -36.8  377.697009987
 55.8 -32.7 -36.7  385.613847153
 55.8 -32.6 -36.6  393.284640316
 55.9 -32.5 -36.5  400.704384208
 55.9 -32.4 -36.4  407.868795475
 56.0 -32.3 -36.3  414.774307239
 56.0 -32.2 -36.2  421.41805919
 56.1 -32.1 -36.1  427.797883287
 56.1 -32.0 -36.0  433.912285149
 56.1 -32.0 -35.9  439.760421306
 56.2 -31.9 -35.8  445.342072442
 56.2 -31.8 -35.7  450.657612856
 56.3 -31.7 -35.6  455.707976333
 56.3 -31.6 -35.5  460.494618688
 56.4 -31.5 -35.4  465.019477247
 56.4 -31.4 -35.3  469.284927556
 56.5 -31.3 -35.2  473.293737635
 56.5 -31.2 -35.1  477.049020091
 56.6 -31.2 -35.0  480.554182462
 56.6 -31.1 -34.9  483.812876118
 56.6 -31.0 -34.8  486.828944121
 56.7 -30.9 -34.7  489.606368397
 56.7 -30.8 -34.6  492.149216617
 56.8 -30.7 -34.5  494.46158917
 56.8 -30.6 -34.4  496.547566622
 56.9 -30.5 -34.3  498.411158035
 56.9 -30.4 -34.2  500.056250543
 57.0 -30.4 -34.1  501.486560537
 57.0 -30.3 -34.0  502.705586853
 57.1 -30.2 -33.9  503.716566282
 57.1 -30.1 -33.8  504.522431761
 57.1 -30.0 -33.7  505.125773561
 57.2 -29.9 -33.6  505.528803756
 57.2 -29.8 -33.5  505.733324274
 57.3 -29.7 -33.4  505.740698762
 57.3 -29.6 -33.3  505.551828518
 57.4 -29.6 -33.2  505.167132664
 57.4 -29.5 -33.1  504.58653276
 57.5 -29.4 -33.0  503.809441979
 57.5 -29.3 -32.9  502.834758981
 57.6 -29.2 -32.8  501.660866539
 57.6 -29.1 -32.7  500.285634987
 57.6 -29.0 -32.6  498.706430499
 57.7 -28.9 -32.5  496.920128181
 57.7 -28.8 -32.4  494.923129921
 57.8 -28.8 -32.3  492.711386926
 57.8 -28.7 -32.2  490.280426825
 57.9 -28.6 -32.1  487.625385186
 57.9 -28.5 -32.0  484.741041277
 58.0 -28.4 -31.9  481.621857869
 58.0 -28.3 -31.8  478.262024831
 58.1 -28.2 -31.7  474.655506268
 58.1 -28.1 -31.6  470.796090914
 58.2 -28.0 -31.5  466.677445468
 58.2 -28.0 -31.4  462.293170541
 58.2 -27.9 -31.3  457.636858867
 58.3 -27.8 -31.2  452.702155414
 58.3 -27.7 -31.1  447.48281901
 58.4 -27.6 -31.0  441.97278509
 58.4 -27.5 -30.9  436.166229174
 58.5 -27.4 -30.8  430.057630653
 58.5 -27.3 -30.7  423.641836482
 58.6 -27.2 -30.6  416.914124365
 58.6 -27.2 -30.5  409.870265012
 58.7 -27.1 -30.4  402.506583075
 58.7 -27.0 -30.3  394.820016352
 58.7 -26.9 -30.2  386.808172872
 58.8 -26.8 -30.1  378.469385483
 58.8 -26.7 -30.0  369.802763572
 58.9 -26.6 -29.9  360.808241583
 58.9 -26.5 -29.8  351.486623994
 59.0 -26.4 -29.7  341.839626441
 59.0 -26.4 -29.6  331.869912729
 59.1 -26.3 -29.5  321.58112744
 59.1 -26.2 -29.4  310.977923927
 59.2 -26.1 -29.3  300.065987488
 59.2 -26.0 -29.2  288.852053533
 59.2 -25.9 -29.1  277.343920614
 59.3 -25.8 -29.0  265.550458199
 59.3 -25.7 -28.9  253.481609103
 59.4 -25.6 -28.8  241.148386537
 59.4 -25.5 -28.7  228.562865759
 59.5 -25.5 -28.6  215.738170328
 59.5 -25.4 -28.5  202.688453029
 59.6 -25.3 -28.4  189.428871539
 59.6 -25.2 -28.3  175.975558945
 59.7 -25.1 -28.2  162.345589263
 59.7 -25.0 -28.1  148.556938118
 59.7 -24.9 -28.0  134.628438796
 59.8 -24.8 -27.9  120.579733892
 59.8 -24.7 -27.8  106.43122279
 59.9 -24.7 -27.7  92.2040052771
 59.9 -24.6 -27.6  77.9198215575
 60.0 -24.5 -27.5  63.6009890053
 60.0 -24.4 -27.4  49.2703359731
 60.1 -24.3 -27.3  34.9511330112
 60.1 -24.2 -27.2  20.6670218544
 60.2 -24.1 -27.1  6.44194254735
 60.2 -24.0 -27.0 -7.69994091364
 60.2 -23.9 -26.9 -21.7343160399
 60.3 -23.9 -26.8 -35.6367980235
 60.3 -23.8 -26.7 -49.3830062395
 60.4 -23.7 -26.6 -62.9486406908
 60.4 -23.6 -26.5 -76.3095580189
 60.5 -23.5 -26.4 -89.4418467046
 60.5 -23.4 -26.3 -102.321901098
 60.6 -23.3 -26.2 -114.926493926
 60.6 -23.2 -26.1 -127.232846934
 60.7 -23.1 -26.0 -139.218699344
 60.7 -23.1 -25.9 -150.862373831
 60.7 -23.0 -25.8 -162.142839705
 60.8 -22.9 -25.7 -173.039773076
 60.8 -22.8 -25.6 -183.533613709
 60.9 -22.7 -25.5 -193.605618402
 60.9 -22.6 -25.4 -203.237910641
 61.0 -22.5 -25.3 -212.413526406
 61.0 -22.4 -25.2 -221.116455956
 61.1 -22.3 -25.1 -229.331681488
 61.1 -22.3 -25.0 -237.045210582
 61.2 -22.2 -24.9 -244.24410536
 61.2 -22.1 -24.8 -250.916507333
 61.2 -22.0 -24.7 -257.051657926
 61.3 -21.9 -24.6 -262.639914685
 61.3 -21.8 -24.5 -267.672763233
 61.4 -21.7 -24.4 -272.142825013
 61.4 -21.6 -24.3 -276.043860942
 61.5 -21.5 -24.2 -279.370771057
 61.5 -21.5 -24.1 -282.119590316
 61.6 -21.4 -24.0 -284.287480687
 61.6 -21.3 -23.9 -285.872719718
 61.7 -21.2 -23.8 -286.874685764
 61.7 -21.1 -23.7 -287.293840077
 61.7 -21.0 -23.6 -287.131705986
 61.8 -20.9 -23.5 -286.390845388
 61.8 -20.8 -23.4 -285.074832789
 61.9 -20.7 -23.3 -283.188227142
 61.9 -20.7 -23.2 -280.736541729
 62.0 -20.6 -23.1 -277.726212347
 62.0 -20.5 -23.0 -274.16456404
 62.1 -20.4 -22.9 -270.059776642
 62.1 -20.3 -22.8 -265.420849369
 62.2 -20.2 -22.7 -260.257564721
 62.2 -20.1 -22.6 -254.580451909
 62.3 -20.0 -22.5 -248.400750054
 62.3 -19.9 -22.4 -241.730371377
 62.3 -19.9 -22.3 -234.581864573
 62.4 -19.8 -22.2 -226.968378575
 62.4 -19.7 -22.1 -218.903626881
 62.5 -19.6 -22.0 -210.401852617
 62.5 -19.5 -21.9 -201.477794465
 62.6 -19.4 -21.8 -192.146653606
 62.6 -19.3 -21.7 -182.424061774
 62.7 -19.2 -21.6 -172.326050517
 62.7 -19.1 -21.5 -161.869021744
 62.8 -19.1 -21.4 -151.069719603
 62.8 -19.0 -21.3 -139.945203727
 62.8 -18.9 -21.2 -128.512823875
 62.9 -18.8 -21.1 -116.790195938
 62.9 -18.7 -21.0 -104.795179321
 63.0 -18.6 -20.9 -92.5458556339
 63.0 -18.5 -20.8 -80.0605086535
 63.1 -18.4 -20.7 -67.3576054717
 63.1 -18.3 -20.6 -54.4557787532
 63.2 -18.2 -20.5 -41.3738099953
 63.2 -18.2 -20.4 -28.1306136811
 63.3 -18.1 -20.3 -14.7452221995
 63.3 -18.0 -20.2 -1.23677140227
 63.3 -17.9 -20.1  12.3755133446
 63.4 -17.8 -20.0  26.0723307601
 63.4 -17.7 -19.9  39.8343170494
 63.5 -17.6 -19.8  53.6420592596
 63.5 -17.5 -19.7  67.4761087445
 63.6 -17.4 -19.6  81.3169948902
 63.6 -17.4 -19.5  95.1452392524
 63.7 -17.3 -19.4  108.94137025
 63.7 -17.2 -19.3  122.685938556
 63.8 -17.1 -19.2  136.359533309
 63.8 -17.0 -19.1  149.942799281
 63.8 -16.9 -19.0  163.416455099
 63.9 -16.8 -18.9  176.761312624
 63.9 -16.7 -18.8  189.958297569
 64.0 -16.6 -18.7  202.988471428
 64.0 -16.6 -18.6  215.833054773
 64.1 -16.5 -18.5  228.473451944
 64.1 -16.4 -18.4  240.89127716
 64.2 -16.3 -18.3  253.068382052
 64.2 -16.2 -18.2  264.986884595
 64.3 -16.1 -18.1  276.629199403
 64.3 -16.0 -18.0  287.978069334
 64.3 -15.9 -17.9  299.01659833
 64.4 -15.8 -17.8  309.728285387
 64.4 -15.8 -17.7  320.097059566
 64.5 -15.7 -17.6  330.107315887
 64.5 -15.6 -17.5  339.743951978
 64.6 -15.5 -17.4  348.992405313
 64.6 -15.4 -17.3  357.838690847
 64.7 -15.3 -17.2  366.269438879
 64.7 -15.2 -17.1  374.271932915
 64.8 -15.1 -17.0  381.834147324
 64.8 -15.0 -16.9  388.944784566
 64.8 -15.0 -16.8  395.59331175
 64.9 -14.9 -16.7  401.769996286
 64.9 -14.8 -16.6  407.465940384
 65.0 -14.7 -16.5  412.673114155
 65.0 -14.6 -16.4  417.384387071
 65.1 -14.5 -16.3  421.593557524
 65.1 -14.4 -16.2  425.295380259
 65.2 -14.3 -16.1  428.485591437
 65.2 -14.2 -16.0  431.160931095
 65.3 -14.2 -15.9  433.319162784
 65.3 -14.1 -15.8  434.959090191
 65.3 -14.0 -15.7  436.080570527
 65.4 -13.9 -15.6  436.684524518
 65.4 -13.8 -15.5  436.772942835
 65.5 -13.7 -15.4  436.348888811
 65.5 -13.6 -15.3  435.416497319
 65.6 -13.5 -15.2  433.980969726
 65.6 -13.4 -15.1  432.048564815
 65.7 -13.4 -15.0  429.62658564
 65.7 -13.3 -14.9  426.723362265
 65.8 -13.2 -14.8  423.348230393
 65.8 -13.1 -14.7  419.511505886
 65.8 -13.0 -14.6  415.224455234
 65.9 -12.9 -14.5  410.499262034
 65.9 -12.8 -14.4  405.348989577
 66.0 -12.7 -14.3  399.787539665
 66.0 -12.6 -14.2  393.829607798
 66.1 -12.6 -14.1  387.490634917
 66.1 -12.5 -14.0  380.786755879
 66.2 -12.4 -13.9  373.734744902
 66.2 -12.3 -13.8  366.351958204
 66.3 -12.2 -13.7  358.65627411
 66.3 -12.1 -13.6  350.666030894
 66.4 -12.0 -13.5  342.39996267
 66.4 -11.9 -13.4  333.877133626
 66.4 -11.8 -13.3  325.116870942
 66.5 -11.8 -13.2  316.138696727
 66.5 -11.7 -13.1  306.962259317
 66.6 -11.6 -13.0  297.607264301
 66.6 -11.5 -12.9  288.093405617
 66.7 -11.4 -12.8  278.440297107
 66.7 -11.3 -12.7  268.667404864
 66.8 -11.2 -12.6  258.793980759
 66.8 -11.1 -12.5  248.838997485
 66.9 -11.0 -12.4  238.821085481
 66.9 -10.9 -12.3  228.758472063
 66.9 -10.9 -12.2  218.668923107
 67.0 -10.8 -12.1  208.569687578
 67.0 -10.7 -12.0  198.477445223
 67.1 -10.6 -11.9  188.40825769
 67.1 -10.5 -11.8  178.37752335
 67.2 -10.4 -11.7  168.399936045
 67.2 -10.3 -11.6  158.489447979
 67.3 -10.2 -11.5  148.659236953
 67.3 -10.1 -11.4  138.921678085
 67.4 -10.1 -11.3  129.28832016
 67.4 -10.0 -11.2  119.76986672
 67.4 -9.9 -11.1  110.37616196
 67.5 -9.8 -11.0  101.116181468
 67.5 -9.7 -10.9  91.9980278465
 67.6 -9.6 -10.8  83.0289311721
 67.6 -9.5 -10.7  74.2152542606
 67.7 -9.4 -10.6  65.5625026528
 67.7 -9.3 -10.5  57.0753392134
 67.8 -9.3 -10.4  48.7576032031
 67.8 -9.2 -10.3  40.6123336567
 67.9 -9.1 -10.2  32.6417968714
 67.9 -9.0 -10.1  24.8475177839
 67.9 -8.9 -10.0  17.2303149892
 68.0 -8.8 -9.9  9.79033913109
 68.0 -8.7 -9.8  2.52711437313
 68.1 -8.6 -9.7 -4.56041736146
 68.1 -8.5 -9.6 -11.473849709
 68.2 -8.5 -9.5 -18.2152630875
 68.2 -8.4 -9.4 -24.7871741778
 68.3 -8.3 -9.3 -31.1924840317
 68.3 -8.2 -9.2 -37.4344251792
 68.4 -8.1 -9.1 -43.5165081184
 68.4 -8.0 -9.0 -49.4424675663
 68.4 -7.9 -8.9 -55.2162088571
 68.5 -7.8 -8.8 -60.8417548646
 68.5 -7.7 -8.7 -66.3231938251
 68.6 -7.7 -8.6 -71.6646284257
 68.6 -7.6 -8.5 -76.8701265162
 68.7 -7.5 -8.4 -81.9436737849
 68.7 -7.4 -8.3 -86.8891287277
 68.8 -7.3 -8.2 -91.7101802201
 68.8 -7.2 -8.1 -96.4103079808
 68.9 -7.1 -8.0 -100.992746197
 68.9 -7.0 -7.9 -105.460450551
 68.9 -6.9 -7.8 -109.816068879
 69.0 -6.9 -7.7 -114.061915629
 69.0 -6.8 -7.6 -118.199950314
 69.1 -6.7 -7.5 -122.231760063
 69.1 -6.6 -7.4 -126.158546393
 69.2 -6.5 -7.3 -129.981116263
 69.2 -6.4 -7.2 -133.69987746
 69.3 -6.3 -7.1 -137.314838307
 69.3 -6.2 -7.0 -140.825611689
 69.4 -6.1 -6.9 -144.231423331
 69.4 -6.1 -6.8 -147.531124233
 69.4 -6.0 -6.7 -150.723207162
 69.5 -5.9 -6.6 -153.805827029
 69.5 -5.8 -6.5 -156.776824996
 69.6 -5.7 -6.4 -159.633756087
 69.6 -5.6 -6.3 -162.37392009
 69.7 -5.5 -6.2 -164.994395476
 69.7 -5.4 -6.1 -167.492076066
 69.8 -5.3 -6.0 -169.863710154
 69.8 -5.3 -5.9 -172.10594174
 69.9 -5.2 -5.8 -174.215353574
 69.9 -5.1 -5.7 -176.188511636
 69.9 -5.0 -5.6 -178.022010701
 70.0 -4.9 -5.5 -179.712520623
 70.0 -4.8 -5.4 -181.256832962
 70.1 -4.7 -5.3 -182.65190757
 70.1 -4.6 -5.2 -183.894918772
 70.2 -4.5 -5.1 -184.983300744
 70.2 -4.5 -5.0 -185.914791741
 70.3 -4.4 -4.9 -186.687476789
 70.3 -4.3 -4.8 -187.299828506
 70.4 -4.2 -4.7 -187.750745693
 70.4 -4.1 -4.6 -188.03958939
 70.5 -4.0 -4.5 -188.166216071
 70.5 -3.9 -4.4 -188.131007698
 70.5 -3.8 -4.3 -187.934898372
 70.6 -3.7 -4.2 -187.579397335
 70.6 -3.6 -4.1 -187.066608104
 70.7 -3.6 -4.0 -186.399243557
 70.7 -3.5 -3.9 -185.580636806
 70.8 -3.4 -3.8 -184.614747729
 70.8 -3.3 -3.7 -183.506165067
 70.9 -3.2 -3.6 -182.260104012
 70.9 -3.1 -3.5 -180.882399257
 71.0 -3.0 -3.4 -179.379493512
 71.0 -2.9 -3.3 -177.758421508
 71.0 -2.8 -3.2 -176.026789559
 71.1 -2.8 -3.1 -174.192750783
 71.1 -2.7 -3.0 -172.264976099
 71.2 -2.6 -2.9 -170.252621172
 71.2 -2.5 -2.8 -168.165289491
 71.3 -2.4 -2.7 -166.012991791
 71.3 -2.3 -2.6 -163.806102072
 71.4 -2.2 -2.5 -161.555310488
 71.4 -2.1 -2.4 -159.271573384
 71.5 -2.0 -2.3 -156.96606081
 71.5 -2.0 -2.2 -154.650101849
 71.5 -1.9 -2.1 -152.335128088
 71.6 -1.8 -2.0 -150.032615626
 71.6 -1.7 -1.9 -147.754025973
 71.7 -1.6 -1.8 -145.510746243
 71.7 -1.5 -1.7 -143.31402902
 71.8 -1.4 -1.6 -141.174932305
 71.8 -1.3 -1.5 -139.104259935
 71.9 -1.2 -1.4 -137.112502872
 71.9 -1.2 -1.3 -135.209781753
 72.0 -1.1 -1.2 -133.405791083
 72.0 -1.0 -1.1 -131.709745448
 72.0 -0.9 -1.0 -130.130328106
 72.1 -0.8 -0.9 -128.675642299
 72.1 -0.7 -0.8 -127.353165618
 72.2 -0.6 -0.7 -126.169707731
 72.2 -0.5 -0.6 -125.131371748
 72.3 -0.4 -0.5 -124.243519496
 72.3 -0.4 -0.4 -123.510740929
 72.4 -0.3 -0.3 -122.936827891
 72.4 -0.2 -0.2 -122.5247524
 72.5 -0.1 -0.1 -122.276649599
 72.5  0.0  0.0 -122.193805501
 72.5  0.1  0.1 -122.276649599
 72.6  0.2  0.2 -122.5247524
 72.6  0.3  0.3 -122.936827891
 72.7  0.4  0.4 -123.510740929
 72.7  0.4  0.5 -124.243519496
 72.8  0.5  0.6 -125.131371748
 72.8  0.6  0.7 -126.169707731
 72.9  0.7  0.8 -127.353165618
 72.9  0.8  0.9 -128.675642299
 73.0  0.9  1.0 -130.130328106
 73.0  1.0  1.1 -131.709745448
 73.0  1.1  1.2 -133.405791083
 73.1  1.2  1.3 -135.209781753
 73.1  1.2  1.4 -137.112502872
 73.2  1.3  1.5 -139.104259935
 73.2  1.4  1.6 -141.174932305
 73.3  1.5  1.7 -143.31402902
 73.3  1.6  1.8 -145.510746243
 73.4  1.7  1.9 -147.754025973
 73.4  1.8  2.0 -150.032615626
 73.5  1.9  2.1 -152.335128088
 73.5  2.0  2.2 -154.650101849
 73.5  2.0  2.3 -156.96606081
 73.6  2.1  2.4 -159.271573384
 73.6  2.2  2.5 -161.555310488
 73.7  2.3  2.6 -163.806102072
 73.7  2.4  2.7 -166.012991791
 73.8  2.5  2.8 -168.165289491
 73.8  2.6  2.9 -170.252621172
 73.9  2.7  3.0 -172.264976099
 73.9  2.8  3.1 -174.192750783
 74.0  2.8  3.2 -176.026789559
 74.0  2.9  3.3 -177.758421508
 74.0  3.0  3.4 -179.379493512
 74.1  3.1  3.5 -180.882399257
 74.1  3.2  3.6 -182.260104012
 74.2  3.3  3.7 -183.506165067
 74.2  3.4  3.8 -184.614747729
 74.3  3.5  3.9 -185.580636806
 74.3  3.6  4.0 -186.399243557
 74.4  3.6  4.1 -187.066608104
 74.4  3.7  4.2 -187.579397335
 74.5  3.8  4.3 -187.934898372
 74.5  3.9  4.4 -188.131007698
 74.5  4.0  4.5 -188.166216071
 74.6  4.1  4.6 -188.03958939
 74.6  4.2  4.7 -187.750745693
 74.7  4.3  4.8 -187.299828506
 74.7  4.4  4.9 -186.687476789
 74.8  4.5  5.0 -185.914791741
 74.8  4.5  5.1 -184.983300744
 74.9  4.6  5.2 -183.894918772
 74.9  4.7  5.3 -182.65190757
 75.0  4.8  5.4 -181.256832962
 75.0  4.9  5.5 -179.712520623
 75.1  5.0  5.6 -178.022010701
 75.1  5.1  5.7 -176.188511636
 75.1  5.2  5.8 -174.215353574
 75.2  5.3  5.9 -172.10594174
 75.2  5.3  6.0 -169.863710154
 75.3  5.4  6.1 -167.492076066
 75.3  5.5  6.2 -164.994395476
 75.4  5.6  6.3 -162.37392009
 75.4  5.7  6.4 -159.633756087
 75.5  5.8  6.5 -156.776824996
 75.5  5.9  6.6 -153.805827029
 75.6  6.0  6.7 -150.723207162
 75.6  6.1  6.8 -147.531124233
 75.6  6.1  6.9 -144.231423331
 75.7  6.2  7.0 -140.825611689
 75.7  6.3  7.1 -137.314838307
 75.8  6.4  7.2 -133.69987746
 75.8  6.5  7.3 -129.981116263
 75.9  6.6  7.4 -126.158546393
 75.9  6.7  7.5 -122.231760063
 76.0  6.8  7.6 -118.199950314
 76.0  6.9  7.7 -114.061915629
 76.1  6.9  7.8 -109.816068879
 76.1  7.0  7.9 -105.460450551
 76.1  7.1  8.0 -100.992746197
 76.2  7.2  8.1 -96.4103079808
 76.2  7.3  8.2 -91.7101802201
 76.3  7.4  8.3 -86.8891287277
 76.3  7.5  8.4 -81.9436737849
 76.4  7.6  8.5 -76.8701265162
 76.4  7.7  8.6 -71.6646284257
 76.5  7.7  8.7 -66.3231938251
 76.5  7.8  8.8 -60.8417548646
 76.6  7.9  8.9 -55.2162088571
 76.6  8.0  9.0 -49.4424675663
 76.6  8.1  9.1 -43.5165081184
 76.7  8.2  9.2 -37.4344251792
 76.7  8.3  9.3 -31.1924840317
 76.8  8.4  9.4 -24.7871741778
 76.8  8.5  9.5 -18.2152630875
 76.9  8.5  9.6 -11.473849709
 76.9  8.6  9.7 -4.56041736147
 77.0  8.7  9.8  2.52711437313
 77.0  8.8  9.9  9.79033913109
 77.1  8.9  10.0  17.2303149892
 77.1  9.0  10.1  24.8475177839
 77.1  9.1  10.2  32.6417968714
 77.2  9.2  10.3  40.6123336567
 77.2  9.3  10.4  48.7576032031
 77.3  9.3  10.5  57.0753392134
 77.3  9.4  10.6  65.5625026528
 77.4  9.5  10.7  74.2152542606
 77.4  9.6  10.8  83.0289311721
 77.5  9.7  10.9  91.9980278464
 77.5  9.8  11.0  101.116181468
 77.6  9.9  11.1  110.37616196
 77.6  10.0  11.2  119.76986672
 77.6  10.1  11.3  129.28832016
 77.7  10.1  11.4  138.921678085
 77.7  10.2  11.5  148.659236953
 77.8  10.3  11.6  158.489447979
 77.8  10.4  11.7  168.399936045
 77.9  10.5  11.8  178.37752335
 77.9  10.6  11.9  188.40825769
 78.0  10.7  12.0  198.477445223
 78.0  10.8  12.1  208.569687578
 78.1  10.9  12.2  218.668923107
 78.1  10.9  12.3  228.758472063
 78.1  11.0  12.4  238.821085481
 78.2  11.1  12.5  248.838997485
 78.2  11.2  12.6  258.793980759
 78.3  11.3  12.7  268.667404864
 78.3  11.4  12.8  278.440297107
 78.4  11.5  12.9  288.093405617
 78.4  11.6  13.0  297.607264301
 78.5  11.7  13.1  306.962259317
 78.5  11.8  13.2  316.138696727
 78.6  11.8  13.3  325.116870942
 78.6  11.9  13.4  333.877133626
 78.6  12.0  13.5  342.39996267
 78.7  12.1  13.6  350.666030894
 78.7  12.2  13.7  358.65627411
 78.8  12.3  13.8  366.351958204
 78.8  12.4  13.9  373.734744902
 78.9  12.5  14.0  380.786755879
 78.9  12.6  14.1  387.490634917
 79.0  12.6  14.2  393.829607798
 79.0  12.7  14.3  399.787539665
 79.1  12.8  14.4  405.348989577
 79.1  12.9  14.5  410.499262034
 79.2  13.0  14.6  415.224455234
 79.2  13.1  14.7  419.511505886
 79.2  13.2  14.8  423.348230393
 79.3  13.3  14.9  426.723362265
 79.3  13.4  15.0  429.62658564
 79.4  13.4  15.1  432.048564815
 79.4  13.5  15.2  433.980969726
 79.5  13.6  15.3  435.416497319
 79.5  13.7  15.4  436.348888811
 79.6  13.8  15.5  436.772942835
 79.6  13.9  15.6  436.684524518
 79.7  14.0  15.7  436.080570527
 79.7  14.1  15.8  434.959090191
 79.7  14.2  15.9  433.319162784
 79.8  14.2  16.0  431.160931095
 79.8  14.3  16.1  428.485591437
 79.9  14.4  16.2  425.295380259
 79.9  14.5  16.3  421.593557524
 80.0  14.6  16.4  417.384387071
 80.0  14.7  16.5  412.673114155
 80.1  14.8  16.6  407.465940384
 80.1  14.9  16.7  401.769996286
 80.2  15.0  16.8  395.59331175
 80.2  15.0  16.9  388.944784566
 80.2  15.1  17.0  381.834147324
 80.3  15.2  17.1  374.271932915
 80.3  15.3  17.2  366.269438879
 80.4  15.4  17.3  357.838690847
 80.4  15.5  17.4  348.992405313
 80.5  15.6  17.5  339.743951978
 80.5  15.7  17.6  330.107315887
 80.6  15.8  17.7  320.097059566
 80.6  15.8  17.8  309.728285387
 80.7  15.9  17.9  299.01659833
 80.7  16.0  18.0  287.978069334
 80.7  16.1  18.1  276.629199403
 80.8  16.2  18.2  264.986884595
 80.8  16.3  18.3  253.068382052
 80.9  16.4  18.4  240.89127716
 80.9  16.5  18.5  228.473451944
 81.0  16.6  18.6  215.833054773
 81.0  16.6  18.7  202.988471428
 81.1  16.7  18.8  189.958297569
 81.1  16.8  18.9  176.761312624
 81.2  16.9  19.0  163.416455099
 81.2  17.0  19.1  149.942799281
 81.2  17.1  19.2  136.359533309
 81.3  17.2  19.3  122.685938556
 81.3  17.3  19.4  108.94137025
 81.4  17.4  19.5  95.1452392524
 81.4  17.4  19.6  81.3169948902
 81.5  17.5  19.7  67.4761087445
 81.5  17.6  19.8  53.6420592596
 81.6  17.7  19.9  39.8343170494
 81.6  17.8  20.0  26.0723307601
 81.7  17.9  20.1  12.3755133446
 81.7  18.0  20.2 -1.23677140226
 81.7  18.1  20.3 -14.7452221995
 81.8  18.2  20.4 -28.1306136811
 81.8  18.2  20.5 -41.3738099953
 81.9  18.3  20.6 -54.4557787532
 81.9  18.4  20.7 -67.3576054717
 82.0  18.5  20.8 -80.0605086535
 82.0  18.6  20.9 -92.5458556338
 82.1  18.7  21.0 -104.795179321
 82.1  18.8  21.1 -116.790195938
 82.2  18.9  21.2 -128.512823875
 82.2  19.0  21.3 -139.945203727
 82.2  19.1  21.4 -151.069719603
 82.3  19.1  21.5 -161.869021744
 82.3  19.2  21.6 -172.326050517
 82.4  19.3  21.7 -182.424061774
 82.4  19.4  21.8 -192.146653606
 82.5  19.5  21.9 -201.477794465
 82.5  19.6  22.0 -210.401852617
 82.6  19.7  22.1 -218.903626881
 82.6  19.8  22.2 -226.968378575
 82.7  19.9  22.3 -234.581864573
 82.7  19.9  22.4 -241.730371377
 82.7  20.0  22.5 -248.400750054
 82.8  20.1  22.6 -254.580451909
 82.8  20.2  22.7 -260.257564721
 82.9  20.3  22.8 -265.420849369
 82.9  20.4  22.9 -270.059776642
 83.0  20.5  23.0 -274.16456404
 83.0  20.6  23.1 -277.726212347
 83.1  20.7  23.2 -280.736541729
 83.1  20.7  23.3 -283.188227142
 83.2  20.8  23.4 -285.074832789
 83.2  20.9  23.5 -286.390845388
 83.3  21.0  23.6 -287.131705986
 83.3  21.1  23.7 -287.293840077
 83.3  21.2  23.8 -286.874685764
 83.4  21.3  23.9 -285.872719718
 83.4  21.4  24.0 -284.287480687
 83.5  21.5  24.1 -282.119590316
 83.5  21.5  24.2 -279.370771057
 83.6  21.6  24.3 -276.043860942
 83.6  21.7  24.4 -272.142825013
 83.7  21.8  24.5 -267.672763233
 83.7  21.9  24.6 -262.639914685
 83.8  22.0  24.7 -257.051657926
 83.8  22.1  24.8 -250.916507333
 83.8  22.2  24.9 -244.24410536
 83.9  22.3  25.0 -237.045210582
 83.9  22.3  25.1 -229.331681488
 84.0  22.4  25.2 -221.116455956
 84.0  22.5  25.3 -212.413526406
 84.1  22.6  25.4 -203.237910641
 84.1  22.7  25.5 -193.605618402
 84.2  22.8  25.6 -183.533613709
 84.2  22.9  25.7 -173.039773076
 84.3  23.0  25.8 -162.142839705
 84.3  23.1  25.9 -150.862373831
 84.3  23.1  26.0 -139.218699344
 84.4  23.2  26.1 -127.232846934
 84.4  23.3  26.2 -114.926493926
 84.5  23.4  26.3 -102.321901098
 84.5  23.5  26.4 -89.4418467046
 84.6  23.6  26.5 -76.3095580189
 84.6  23.7  26.6 -62.9486406908
 84.7  23.8  26.7 -49.3830062395
 84.7  23.9  26.8 -35.6367980235
 84.8  23.9  26.9 -21.7343160399
 84.8  24.0  27.0 -7.69994091365
 84.8  24.1  27.1  6.44194254734
 84.9  24.2  27.2  20.6670218544
 84.9  24.3  27.3  34.9511330112
 85.0  24.4  27.4  49.2703359731
 85.0  24.5  27.5  63.6009890053
 85.1  24.6  27.6  77.9198215575
 85.1  24.7  27.7  92.2040052771
 85.2  24.7  27.8  106.43122279
 85.2  24.8  27.9  120.579733892
 85.3  24.9  28.0  134.628438796
 85.3  25.0  28.1  148.556938118
 85.3  25.1  28.2  162.345589263
 85.4  25.2  28.3  175.975558945
 85.4  25.3  28.4  189.428871539
 85.5  25.4  28.5  202.688453029
 85.5  25.5  28.6  215.738170328
 85.6  25.5  28.7  228.562865759
 85.6  25.6  28.8  241.148386537
 85.7  25.7  28.9  253.481609103
 85.7  25.8  29.0  265.550458199
 85.8  25.9  29.1  277.343920614
 85.8  26.0  29.2  288.852053533
 85.8  26.1  29.3  300.065987488
 85.9  26.2  29.4  310.977923927
 85.9  26.3  29.5  321.58112744
 86.0  26.4  29.6  331.869912729
 86.0  26.4  29.7  341.839626441
 86.1  26.5  29.8  351.486623994
 86.1  26.6  29.9  360.808241583
 86.2  26.7  30.0  369.802763572
 86.2  26.8  30.1  378.469385483
 86.3  26.9  30.2  386.808172872
 86.3  27.0  30.3  394.820016352
 86.3  27.1  30.4  402.506583075
 86.4  27.2  30.5  409.870265012
 86.4  27.2  30.6  416.914124365
 86.5  27.3  30.7  423.641836482
 86.5  27.4  30.8  430.057630653
 86.6  27.5  30.9  436.166229174
 86.6  27.6  31.0  441.97278509
 86.7  27.7  31.1  447.48281901
 86.7  27.8  31.2  452.702155414
 86.8  27.9  31.3  457.636858867
 86.8  28.0  31.4  462.293170541
 86.8  28.0  31.5  466.677445468
 86.9  28.1  31.6  470.796090914
 86.9  28.2  31.7  474.655506268
 87.0  28.3  31.8  478.262024831
 87.0  28.4  31.9  481.621857869
 87.1  28.5  32.0  484.741041277
 87.1  28.6  32.1  487.625385186
 87.2  28.7  32.2  490.280426825
 87.2  28.8  32.3  492.711386926
 87.3  28.8  32.4  494.923129921
 87.3  28.9  32.5  496.920128181
 87.4  29.0  32.6  498.706430499
 87.4  29.1  32.7  500.285634987
 87.4  29.2  32.8  501.660866539
 87.5  29.3  32.9  502.834758981
 87.5  29.4  33.0  503.809441979
 87.6  29.5  33.1  504.58653276
 87.6  29.6  33.2  505.167132664
 87.7  29.6  33.3  505.551828518
 87.7  29.7  33.4  505.740698762
 87.8  29.8  33.5  505.733324274
 87.8  29.9  33.6  505.528803756
 87.9  30.0  33.7  505.125773561
 87.9  30.1  33.8  504.522431761
 87.9  30.2  33.9  503.716566282
 88.0  30.3  34.0  502.705586853
 88.0  30.4  34.1  501.486560537
 88.1  30.4  34.2  500.056250543
 88.1  30.5  34.3  498.411158035
 88.2  30.6  34.4  496.547566622
 88.2  30.7  34.5  494.46158917
 88.3  30.8  34.6  492.149216617
 88.3  30.9  34.7  489.606368397
 88.4  31.0  34.8  486.828944121
 88.4  31.1  34.9  483.812876118
 88.4  31.2  35.0  480.554182462
 88.5  31.2  35.1  477.049020091
 88.5  31.3  35.2  473.293737635
 88.6  31.4  35.3  469.284927556
 88.6  31.5  35.4  465.019477247
 88.7  31.6  35.5  460.494618688
 88.7  31.7  35.6  455.707976333
 88.8  31.8  35.7  450.657612856
 88.8  31.9  35.8  445.342072442
 88.9  32.0  35.9  439.760421306
 88.9  32.0  36.0  433.912285149
 88.9  32.1  36.1  427.797883287
 89.0  32.2  36.2  421.41805919
 89.0  32.3  36.3  414.774307239
 89.1  32.4  36.4  407.868795475
 89.1  32.5  36.5  400.704384208
 89.2  32.6  36.6  393.284640316
 89.2  32.7  36.7  385.613847153
 89.3  32.8  36.8  377.697009987
 89.3  32.8  36.9  369.539856899
 89.4  32.9  37.0  361.148835169
 89.4  33.0  37.1  352.531103129
 89.4  33.1  37.2  343.694517555
 89.5  33.2  37.3  334.647616664
 89.5  33.3  37.4  325.399598836
 89.6  33.4  37.5  315.960297182
 89.6  33.5  37.6  306.340150139
 89.7  33.6  37.7  296.550168278
 89.7  33.7  37.8  286.601897529
 89.8  33.7  37.9  276.50737909
 89.8  33.8  38.0  266.279106257
 89.9  33.9  38.1  255.929978466
 89.9  34.0  38.2  245.473252848
 89.9  34.1  38.3  234.922493612
 90.0  34.2  38.4  224.291519575
 90.0  34.3  38.5  213.594350195
 90.1  34.4  38.6  202.845150432
 90.1  34.5  38.7  192.058174816
 90.2  34.5  38.8  181.247711056
 90.2  34.6  38.9  170.428023566
 90.3  34.7  39.0  159.613297247
 90.3  34.8  39.1  148.8175819
 90.4  34.9  39.2  138.054737593
 90.4  35.0  39.3  127.338381335
 90.4  35.1  39.4  116.681835381
 90.5  35.2  39.5  106.098077469
 90.5  35.3  39.6  95.5996933072
 90.6  35.3  39.7  85.1988315673
 90.6  35.4  39.8  74.9071616663
 90.7  35.5  39.9  64.7358345599
 90.7  35.6  40.0  54.6954467722
 90.8  35.7  40.1  44.7960078511
 90.8  35.8  40.2  35.0469114174
 90.9  35.9  40.3  25.456909948
 90.9  36.0  40.4  16.0340934061
 90.9  36.1  40.5  6.78587180499
 91.0  36.1  40.6 -2.28103823889
 91.0  36.2  40.7 -11.1606229331
 91.1  36.3  40.8 -19.8475767182
 91.1  36.4  40.9 -28.3373036856
 91.2  36.5  41.0 -36.6259150611
 91.2  36.6  41.1 -44.7102228384
 91.3  36.7  41.2 -52.5877296715
 91.3  36.8  41.3 -60.2566151635
 91.4  36.9  41.4 -67.7157187117
 91.4  36.9  41.5 -74.9645190925
 91.5  37.0  41.6 -82.003110993
 91.5  37.1  41.7 -88.8321787124
 91.5  37.2  41.8 -95.4529672796
 91.6  37.3  41.9 -101.867251246
 91.6  37.4  42.0 -108.077301428
 91.7  37.5  42.1 -114.085849886
 91.7  37.6  42.2 -119.896053436
 91.8  37.7  42.3 -125.511456004
 91.8  37.7  42.4 -130.935950121
 91.9  37.8  42.5 -136.173737888
 91.9  37.9  42.6 -141.229291708
 92.0  38.0  42.7 -146.10731511
 92.0  38.1  42.8 -150.812703971
 92.0  38.2  42.9 -155.350508428
 92.1  38.3  43.0 -159.725895788
 92.1  38.4  43.1 -163.94411471
 92.2  38.5  43.2 -168.010460923
 92.2  38.5  43.3 -171.930244757
 92.3  38.6  43.4 -175.708760692
 92.3  38.7  43.5 -179.351259177
 92.4  38.8  43.6 -182.862920895
 92.4  38.9  43.7 -186.248833666
 92.5  39.0  43.8 -189.513972131
 92.5  39.1  43.9 -192.663180362
 92.5  39.2  44.0 -195.701157484
 92.6  39.3  44.1 -198.632446411
 92.6  39.3  44.2 -201.461425729
 92.7  39.4  44.3 -204.192304766
 92.7  39.5  44.4 -206.829121842
 92.8  39.6  44.5 -209.375745673
 92.8  39.7  44.6 -211.835879869
 92.9  39.8  44.7 -214.21307046
 92.9  39.9  44.8 -216.510716323
 93.0  40.0  44.9 -218.732082393
 93.0  40.1  45.0 -220.880315499
 93.0  40.1  45.1 -222.958462637
 93.1  40.2  45.2 -224.969491497
 93.1  40.3  45.3 -226.916313003
 93.2  40.4  45.4 -228.801805648
 93.2  40.5  45.5 -230.628841348
 93.3  40.6  45.6 -232.400312563
 93.3  40.7  45.7 -234.119160388
 93.4  40.8  45.8 -235.788403327
 93.4  40.9  45.9 -237.411166449
 93.5  40.9  46.0 -238.99071061
 93.5  41.0  46.1 -240.53046144
 93.5  41.1  46.2 -242.03403777
 93.6  41.2  46.3 -243.505279194
 93.6  41.3  46.4 -244.948272453
 93.7  41.4  46.5 -246.367376335
 93.7  41.5  46.6 -247.767244805
 93.8  41.6  46.7 -249.152848061
 93.8  41.7  46.8 -250.529491262
 93.9  41.8  46.9 -251.902830655
 93.9  41.8  47.0 -253.278886867
 94.0  41.9  47.1 -254.664055133
 94.0  42.0  47.2 -256.065112263
 94.0  42.1  47.3 -257.489220159
 94.1  42.2  47.4 -258.943925728
 94.1  42.3  47.5 -260.437157064
 94.2  42.4  47.6 -261.977215782
 94.2  42.5  47.7 -263.572765431
 94.3  42.6  47.8 -265.232815938
 94.3  42.6  47.9 -266.966704051
 94.4  42.7  48.0 -268.784069798
 94.4  42.8  48.1 -270.694828991
 94.5  42.9  48.2 -272.709141845
 94.5  43.0  48.3 -274.837377809
 94.5  43.1  48.4 -277.090076722
 94.6  43.2  48.5 -279.477906465
 94.6  43.3  48.6 -282.011617273
 94.7  43.4  48.7 -284.701992925
 94.7  43.4  48.8 -287.559799042
 94.8  43.5  48.9 -290.59572875
 94.8  43.6  49.0 -293.820345985
 94.9  43.7  49.1 -297.244026758
 94.9  43.8  49.2 -300.87689868
 95.0  43.9  49.3 -304.728779103
 95.0  44.0  49.4 -308.809112226
 95.0  44.1  49.5 -313.126905536
 95.1  44.2  49.6 -317.690665961
 95.1  44.2  49.7 -322.508336131
 95.2  44.3  49.8 -327.587231139
 95.2  44.4  49.9 -332.933976195
 95.3  44.5  50.0 -338.554445585
