x lower upper
-145.0 -20.3  20.3
-144.0 -20.2  20.5
-143.0 -19.9  20.8
-142.0 -19.8  20.9
-141.0 -19.6  21.2
-140.0 -19.4  21.5
-139.0 -19.3  21.7
-138.0 -19.0  22.0
-137.0 -18.9  22.2
-136.0 -18.6  22.5
-135.0 -18.4  22.8
-134.0 -18.2  23.0
-133.0 -17.8  23.2
-132.0 -17.6  23.4
-131.0 -17.3  23.6
-130.0 -16.9  23.9
-129.0 -16.7  24.0
-128.0 -16.3  24.3
-127.0 -16.1  24.5
-126.0 -15.9  24.6
-125.0 -15.6  24.9
-124.0 -15.4  25.1
-123.0 -15.2  25.4
-122.0 -15.0  25.6
-121.0 -14.9  25.7
-120.0 -14.6  26.0
-119.0 -14.5  26.2
-118.0 -14.2  26.4
-117.0 -14.1  26.6
-116.0 -13.9  26.7
-115.0 -13.6  26.9
-114.0 -13.5  27.0
-113.0 -13.3  27.1
-112.0 -13.1  27.3
-111.0 -12.9  27.3
-110.0 -12.7  27.5
-109.0 -12.5  27.6
-108.0 -12.4  27.7
-107.0 -12.1  27.8
-106.0 -12.0  27.9
-105.0 -11.7  28.1
-104.0 -11.6  28.2
-103.0 -11.5  28.2
-102.0 -11.3  28.4
-101.0 -11.1  28.4
-100.0 -10.9  28.6
-99.0 -10.8  28.5
-98.0 -10.7  28.6
-97.0 -10.6  28.6
-96.0 -10.5  28.4
-95.0 -10.4  28.3
-94.0 -10.3  28.1
-93.0 -10.2  27.9
-92.0 -10.3  27.6
-91.0 -10.2  27.4
-90.0 -10.2  27.1
-89.0 -10.3  26.9
-88.0 -10.3  26.7
-87.0 -10.5  26.4
-86.0 -10.7  26.2
-85.0 -10.9  26.0
-84.0 -11.2  25.6
-83.0 -11.5  24.9
-82.0 -11.8  23.5
-81.0 -12.1  22.4
-80.0 -12.4  21.8
-79.0 -12.8  21.2
-78.0 -13.2  20.7
-77.0 -13.7  20.1
-76.0 -14.4  18.9
-75.0 -15.0  17.7
-74.0 -15.6  17.0
-73.0 -16.1  16.5
-72.0 -16.5  16.1
-71.0 -17.0  15.6
-70.0 -17.7  15.0
-69.0 -18.9  14.4
-68.0 -20.1  13.7
-67.0 -20.7  13.2
-66.0 -21.2  12.8
-65.0 -21.8  12.4
-64.0 -22.4  12.1
-63.0 -23.5  11.8
-62.0 -24.9  11.5
-61.0 -25.6  11.2
-60.0 -26.0  10.9
-59.0 -26.2  10.7
-58.0 -26.4  10.5
-57.0 -26.7  10.3
-56.0 -26.9  10.3
-55.0 -27.1  10.2
-54.0 -27.4  10.2
-53.0 -27.6  10.3
-52.0 -27.9  10.2
-51.0 -28.1  10.3
-50.0 -28.3  10.4
-49.0 -28.4  10.5
-48.0 -28.6  10.6
-47.0 -28.6  10.7
-46.0 -28.5  10.8
-45.0 -28.6  10.9
-44.0 -28.4  11.1
-43.0 -28.4  11.3
-42.0 -28.2  11.5
-41.0 -28.2  11.6
-40.0 -28.1  11.7
-39.0 -27.9  12.0
-38.0 -27.8  12.1
-37.0 -27.7  12.4
-36.0 -27.6  12.5
-35.0 -27.5  12.7
-34.0 -27.3  12.9
-33.0 -27.3  13.1
-32.0 -27.1  13.3
-31.0 -27.0  13.5
-30.0 -26.9  13.6
-29.0 -26.7  13.9
-28.0 -26.6  14.1
-27.0 -26.4  14.2
-26.0 -26.2  14.5
-25.0 -26.0  14.6
-24.0 -25.7  14.9
-23.0 -25.6  15.0
-22.0 -25.4  15.2
-21.0 -25.1  15.4
-20.0 -24.9  15.6
-19.0 -24.6  15.9
-18.0 -24.5  16.1
-17.0 -24.3  16.3
-16.0 -24.0  16.7
-15.0 -23.9  16.9
-14.0 -23.6  17.3
-13.0 -23.4  17.6
-12.0 -23.2  17.8
-11.0 -23.0  18.2
-10.0 -22.8  18.4
-9.0 -22.5  18.6
-8.0 -22.2  18.9
-7.0 -22.0  19.0
-6.0 -21.7  19.3
-5.0 -21.5  19.4
-4.0 -21.2  19.6
-3.0 -20.9  19.8
-2.0 -20.8  19.9
-1.0 -20.5  20.2
 0.0 -20.3  20.3
 1.0 -20.2  20.5
 2.0 -19.9  20.8
 3.0 -19.8  20.9
 4.0 -19.6  21.2
 5.0 -19.4  21.5
 6.0 -19.3  21.7
 7.0 -19.0  22.0
 8.0 -18.9  22.2
 9.0 -18.6  22.5
 10.0 -18.4  22.8
 11.0 -18.2  23.0
 12.0 -17.8  23.2
 13.0 -17.6  23.4
 14.0 -17.3  23.6
 15.0 -16.9  23.9
 16.0 -16.7  24.0
 17.0 -16.3  24.3
 18.0 -16.1  24.5
 19.0 -15.9  24.6
 20.0 -15.6  24.9
 21.0 -15.4  25.1
 22.0 -15.2  25.4
 23.0 -15.0  25.6
 24.0 -14.9  25.7
 25.0 -14.6  26.0
 26.0 -14.5  26.2
 27.0 -14.2  26.4
 28.0 -14.1  26.6
 29.0 -13.9  26.7
 30.0 -13.6  26.9
 31.0 -13.5  27.0
 32.0 -13.3  27.1
 33.0 -13.1  27.3
 34.0 -12.9  27.3
 35.0 -12.7  27.5
 36.0 -12.5  27.6
 37.0 -12.4  27.7
 38.0 -12.1  27.8
 39.0 -12.0  27.9
 40.0 -11.7  28.1
 41.0 -11.6  28.2
 42.0 -11.5  28.2
 43.0 -11.3  28.4
 44.0 -11.1  28.4
 45.0 -10.9  28.6
 46.0 -10.8  28.5
 47.0 -10.7  28.6
 48.0 -10.6  28.6
 49.0 -10.5  28.4
 50.0 -10.4  28.3
 51.0 -10.3  28.1
 52.0 -10.2  27.9
 53.0 -10.3  27.6
 54.0 -10.2  27.4
 55.0 -10.2  27.1
 56.0 -10.3  26.9
 57.0 -10.3  26.7
 58.0 -10.5  26.4
 59.0 -10.7  26.2
 60.0 -10.9  26.0
 61.0 -11.2  25.6
 62.0 -11.5  24.9
 63.0 -11.8  23.5
 64.0 -12.1  22.4
 65.0 -12.4  21.8
 66.0 -12.8  21.2
 67.0 -13.2  20.7
 68.0 -13.7  20.1
 69.0 -14.4  18.9
 70.0 -15.0  17.7
 71.0 -15.6  17.0
 72.0 -16.1  16.5
 73.0 -16.5  16.1
 74.0 -17.0  15.6
 75.0 -17.7  15.0
 76.0 -18.9  14.4
 77.0 -20.1  13.7
 78.0 -20.7  13.2
 79.0 -21.2  12.8
 80.0 -21.8  12.4
 81.0 -22.4  12.1
 82.0 -23.5  11.8
 83.0 -24.9  11.5
 84.0 -25.6  11.2
 85.0 -26.0  10.9
 86.0 -26.2  10.7
 87.0 -26.4  10.5
 88.0 -26.7  10.3
 89.0 -26.9  10.3
 90.0 -27.1  10.2
 91.0 -27.4  10.2
 92.0 -27.6  10.3
 93.0 -27.9  10.2
 94.0 -28.1  10.3
 95.0 -28.3  10.4
 96.0 -28.4  10.5
 97.0 -28.6  10.6
 98.0 -28.6  10.7
 99.0 -28.5  10.8
 100.0 -28.6  10.9
 101.0 -28.4  11.1
 102.0 -28.4  11.3
 103.0 -28.2  11.5
 104.0 -28.2  11.6
 105.0 -28.1  11.7
 106.0 -27.9  12.0
 107.0 -27.8  12.1
 108.0 -27.7  12.4
 109.0 -27.6  12.5
 110.0 -27.5  12.7
 111.0 -27.3  12.9
 112.0 -27.3  13.1
 113.0 -27.1  13.3
 114.0 -27.0  13.5
 115.0 -26.9  13.6
 116.0 -26.7  13.9
 117.0 -26.6  14.1
 118.0 -26.4  14.2
 119.0 -26.2  14.5
 120.0 -26.0  14.6
 121.0 -25.7  14.9
 122.0 -25.6  15.0
 123.0 -25.4  15.2
 124.0 -25.1  15.4
 125.0 -24.9  15.6
 126.0 -24.6  15.9
 127.0 -24.5  16.1
 128.0 -24.3  16.3
 129.0 -24.0  16.7
 130.0 -23.9  16.9
 131.0 -23.6  17.3
 132.0 -23.4  17.6
 133.0 -23.2  17.8
 134.0 -23.0  18.2
 135.0 -22.8  18.4
 136.0 -22.5  18.6
 137.0 -22.2  18.9
 138.0 -22.0  19.0
 139.0 -21.7  19.3
 140.0 -21.5  19.4
 141.0 -21.2  19.6
 142.0 -20.9  19.8
 143.0 -20.8  19.9
 144.0 -20.5  20.2
 145.0 -20.3  20.3
