x lower upper
-145.0 -20.6  20.6
-144.0 -20.4  20.7
-143.0 -20.2  20.9
-142.0 -20.1  21.1
-141.0 -19.9  21.3
-140.0 -19.7  21.6
-139.0 -19.6  21.8
-138.0 -19.4  22.1
-137.0 -19.1  22.5
-136.0 -19.0  22.9
-135.0 -18.8  23.2
-134.0 -18.6  23.5
-133.0 -18.4  23.8
-132.0 -18.2  24.1
-131.0 -17.9  24.4
-130.0 -17.7  24.6
-129.0 -17.4  24.9
-128.0 -17.1  25.1
-127.0 -16.8  25.3
-126.0 -16.5  25.5
-125.0 -16.1  25.7
-124.0 -15.7  25.8
-123.0 -15.2  26.1
-122.0 -14.9  26.3
-121.0 -14.6  26.4
-120.0 -14.3  26.6
-119.0 -14.1  26.7
-118.0 -13.9  26.8
-117.0 -13.7  26.9
-116.0 -13.6  27.1
-115.0 -13.5  27.2
-114.0 -13.3  27.2
-113.0 -13.2  27.3
-112.0 -13.1  27.4
-111.0 -13.0  27.5
-110.0 -12.8  27.6
-109.0 -12.7  27.7
-108.0 -12.5  28.0
-107.0 -12.3  28.1
-106.0 -12.2  28.2
-105.0 -12.0  28.3
-104.0 -11.9  28.4
-103.0 -11.7  28.5
-102.0 -11.5  28.6
-101.0 -11.3  28.6
-100.0 -11.1  28.6
-99.0 -10.9  28.6
-98.0 -10.8  28.5
-97.0 -10.7  28.4
-96.0 -10.6  28.2
-95.0 -10.5  28.1
-94.0 -10.3  28.0
-93.0 -10.3  27.8
-92.0 -10.4  27.5
-91.0 -10.4  27.3
-90.0 -10.4  27.1
-89.0 -10.4  26.8
-88.0 -10.6  26.5
-87.0 -10.7  26.3
-86.0 -10.8  26.0
-85.0 -11.0  25.8
-84.0 -11.4  25.4
-83.0 -11.6  25.1
-82.0 -12.0  24.8
-81.0 -12.3  24.5
-80.0 -12.7  23.8
-79.0 -13.0  20.0
-78.0 -13.2  19.6
-77.0 -13.4  19.3
-76.0 -13.7  19.0
-75.0 -13.9  18.7
-74.0 -14.1  18.3
-73.0 -14.3  14.8
-72.0 -14.8  14.3
-71.0 -18.3  14.1
-70.0 -18.7  13.9
-69.0 -19.0  13.7
-68.0 -19.3  13.4
-67.0 -19.6  13.2
-66.0 -20.0  13.0
-65.0 -23.8  12.7
-64.0 -24.5  12.3
-63.0 -24.8  12.0
-62.0 -25.1  11.6
-61.0 -25.4  11.4
-60.0 -25.8  11.0
-59.0 -26.0  10.8
-58.0 -26.3  10.7
-57.0 -26.5  10.6
-56.0 -26.8  10.4
-55.0 -27.1  10.4
-54.0 -27.3  10.4
-53.0 -27.5  10.4
-52.0 -27.8  10.3
-51.0 -28.0  10.3
-50.0 -28.1  10.5
-49.0 -28.2  10.6
-48.0 -28.4  10.7
-47.0 -28.5  10.8
-46.0 -28.6  10.9
-45.0 -28.6  11.1
-44.0 -28.6  11.3
-43.0 -28.6  11.5
-42.0 -28.5  11.7
-41.0 -28.4  11.9
-40.0 -28.3  12.0
-39.0 -28.2  12.2
-38.0 -28.1  12.3
-37.0 -28.0  12.5
-36.0 -27.7  12.7
-35.0 -27.6  12.8
-34.0 -27.5  13.0
-33.0 -27.4  13.1
-32.0 -27.3  13.2
-31.0 -27.2  13.3
-30.0 -27.2  13.5
-29.0 -27.1  13.6
-28.0 -26.9  13.7
-27.0 -26.8  13.9
-26.0 -26.7  14.1
-25.0 -26.6  14.3
-24.0 -26.4  14.6
-23.0 -26.3  14.9
-22.0 -26.1  15.2
-21.0 -25.8  15.7
-20.0 -25.7  16.1
-19.0 -25.5  16.5
-18.0 -25.3  16.8
-17.0 -25.1  17.1
-16.0 -24.9  17.4
-15.0 -24.6  17.7
-14.0 -24.4  17.9
-13.0 -24.1  18.2
-12.0 -23.8  18.4
-11.0 -23.5  18.6
-10.0 -23.2  18.8
-9.0 -22.9  19.0
-8.0 -22.5  19.1
-7.0 -22.1  19.4
-6.0 -21.8  19.6
-5.0 -21.6  19.7
-4.0 -21.3  19.9
-3.0 -21.1  20.1
-2.0 -20.9  20.2
-1.0 -20.7  20.4
 0.0 -20.6  20.6
 1.0 -20.4  20.7
 2.0 -20.2  20.9
 3.0 -20.1  21.1
 4.0 -19.9  21.3
 5.0 -19.7  21.6
 6.0 -19.6  21.8
 7.0 -19.4  22.1
 8.0 -19.1  22.5
 9.0 -19.0  22.9
 10.0 -18.8  23.2
 11.0 -18.6  23.5
 12.0 -18.4  23.8
 13.0 -18.2  24.1
 14.0 -17.9  24.4
 15.0 -17.7  24.6
 16.0 -17.4  24.9
 17.0 -17.1  25.1
 18.0 -16.8  25.3
 19.0 -16.5  25.5
 20.0 -16.1  25.7
 21.0 -15.7  25.8
 22.0 -15.2  26.1
 23.0 -14.9  26.3
 24.0 -14.6  26.4
 25.0 -14.3  26.6
 26.0 -14.1  26.7
 27.0 -13.9  26.8
 28.0 -13.7  26.9
 29.0 -13.6  27.1
 30.0 -13.5  27.2
 31.0 -13.3  27.2
 32.0 -13.2  27.3
 33.0 -13.1  27.4
 34.0 -13.0  27.5
 35.0 -12.8  27.6
 36.0 -12.7  27.7
 37.0 -12.5  28.0
 38.0 -12.3  28.1
 39.0 -12.2  28.2
 40.0 -12.0  28.3
 41.0 -11.9  28.4
 42.0 -11.7  28.5
 43.0 -11.5  28.6
 44.0 -11.3  28.6
 45.0 -11.1  28.6
 46.0 -10.9  28.6
 47.0 -10.8  28.5
 48.0 -10.7  28.4
 49.0 -10.6  28.2
 50.0 -10.5  28.1
 51.0 -10.3  28.0
 52.0 -10.3  27.8
 53.0 -10.4  27.5
 54.0 -10.4  27.3
 55.0 -10.4  27.1
 56.0 -10.4  26.8
 57.0 -10.6  26.5
 58.0 -10.7  26.3
 59.0 -10.8  26.0
 60.0 -11.0  25.8
 61.0 -11.4  25.4
 62.0 -11.6  25.1
 63.0 -12.0  24.8
 64.0 -12.3  24.5
 65.0 -12.7  23.8
 66.0 -13.0  20.0
 67.0 -13.2  19.6
 68.0 -13.4  19.3
 69.0 -13.7  19.0
 70.0 -13.9  18.7
 71.0 -14.1  18.3
 72.0 -14.3  14.8
 73.0 -14.8  14.3
 74.0 -18.3  14.1
 75.0 -18.7  13.9
 76.0 -19.0  13.7
 77.0 -19.3  13.4
 78.0 -19.6  13.2
 79.0 -20.0  13.0
 80.0 -23.8  12.7
 81.0 -24.5  12.3
 82.0 -24.8  12.0
 83.0 -25.1  11.6
 84.0 -25.4  11.4
 85.0 -25.8  11.0
 86.0 -26.0  10.8
 87.0 -26.3  10.7
 88.0 -26.5  10.6
 89.0 -26.8  10.4
 90.0 -27.1  10.4
 91.0 -27.3  10.4
 92.0 -27.5  10.4
 93.0 -27.8  10.3
 94.0 -28.0  10.3
 95.0 -28.1  10.5
 96.0 -28.2  10.6
 97.0 -28.4  10.7
 98.0 -28.5  10.8
 99.0 -28.6  10.9
 100.0 -28.6  11.1
 101.0 -28.6  11.3
 102.0 -28.6  11.5
 103.0 -28.5  11.7
 104.0 -28.4  11.9
 105.0 -28.3  12.0
 106.0 -28.2  12.2
 107.0 -28.1  12.3
 108.0 -28.0  12.5
 109.0 -27.7  12.7
 110.0 -27.6  12.8
 111.0 -27.5  13.0
 112.0 -27.4  13.1
 113.0 -27.3  13.2
 114.0 -27.2  13.3
 115.0 -27.2  13.5
 116.0 -27.1  13.6
 117.0 -26.9  13.7
 118.0 -26.8  13.9
 119.0 -26.7  14.1
 120.0 -26.6  14.3
 121.0 -26.4  14.6
 122.0 -26.3  14.9
 123.0 -26.1  15.2
 124.0 -25.8  15.7
 125.0 -25.7  16.1
 126.0 -25.5  16.5
 127.0 -25.3  16.8
 128.0 -25.1  17.1
 129.0 -24.9  17.4
 130.0 -24.6  17.7
 131.0 -24.4  17.9
 132.0 -24.1  18.2
 133.0 -23.8  18.4
 134.0 -23.5  18.6
 135.0 -23.2  18.8
 136.0 -22.9  19.0
 137.0 -22.5  19.1
 138.0 -22.1  19.4
 139.0 -21.8  19.6
 140.0 -21.6  19.7
 141.0 -21.3  19.9
 142.0 -21.1  20.1
 143.0 -20.9  20.2
 144.0 -20.7  20.4
 145.0 -20.6  20.6
