x lower upper
-145.0 -20.6  20.6
-144.0 -20.4  20.7
-143.0 -20.2  20.9
-142.0 -20.1  21.1
-141.0 -19.9  21.3
-140.0 -19.7  21.6
-139.0 -19.5  21.9
-138.0 -19.3  22.2
-137.0 -19.1  22.5
-136.0 -19.0  22.8
-135.0 -18.8  23.2
-134.0 -18.6  23.5
-133.0 -18.4  23.8
-132.0 -18.2  24.1
-131.0 -18.0  24.3
-130.0 -17.7  24.6
-129.0 -17.4  24.8
-128.0 -17.2  25.0
-127.0 -16.7  25.4
-126.0 -16.4  25.5
-125.0 -16.0  25.7
-124.0 -15.6  25.9
-123.0 -15.2  26.1
-122.0 -14.9  26.2
-121.0 -14.6  26.4
-120.0 -14.4  26.5
-119.0 -14.1  26.7
-118.0 -14.0  26.8
-117.0 -13.8  26.9
-116.0 -13.6  27.0
-115.0 -13.4  27.2
-114.0 -13.3  27.3
-113.0 -13.2  27.4
-112.0 -13.0  27.5
-111.0 -12.9  27.6
-110.0 -12.8  27.7
-109.0 -12.7  27.8
-108.0 -12.5  27.9
-107.0 -12.4  28.0
-106.0 -12.3  28.1
-105.0 -12.1  28.3
-104.0 -11.8  28.5
-103.0 -11.7  28.6
-102.0 -11.5  28.6
-101.0 -11.3  28.6
-100.0 -11.1  28.6
-99.0 -10.9  28.6
-98.0 -10.8  28.5
-97.0 -10.6  28.4
-96.0 -10.5  28.2
-95.0 -10.5  28.1
-94.0 -10.4  27.9
-93.0 -10.4  27.7
-92.0 -10.4  27.5
-91.0 -10.4  27.3
-90.0 -10.4  27.1
-89.0 -10.5  26.8
-88.0 -10.6  26.6
-87.0 -10.7  26.3
-86.0 -10.8  26.0
-85.0 -11.0  25.8
-84.0 -11.3  25.5
-83.0 -11.7  25.1
-82.0 -12.0  24.8
-81.0 -12.4  24.4
-80.0 -12.7  23.8
-79.0 -13.0  20.0
-78.0 -13.2  19.6
-77.0 -13.5  19.3
-76.0 -13.7  19.1
-75.0 -13.8  18.8
-74.0 -14.0  18.3
-73.0 -14.3  14.8
-72.0 -14.8  14.3
-71.0 -18.3  14.0
-70.0 -18.8  13.8
-69.0 -19.1  13.7
-68.0 -19.3  13.5
-67.0 -19.6  13.2
-66.0 -20.0  13.0
-65.0 -23.8  12.7
-64.0 -24.4  12.4
-63.0 -24.8  12.0
-62.0 -25.1  11.7
-61.0 -25.5  11.3
-60.0 -25.8  11.0
-59.0 -26.0  10.8
-58.0 -26.3  10.7
-57.0 -26.6  10.6
-56.0 -26.8  10.5
-55.0 -27.1  10.4
-54.0 -27.3  10.4
-53.0 -27.5  10.4
-52.0 -27.7  10.4
-51.0 -27.9  10.4
-50.0 -28.1  10.5
-49.0 -28.2  10.5
-48.0 -28.4  10.6
-47.0 -28.5  10.8
-46.0 -28.6  10.9
-45.0 -28.6  11.1
-44.0 -28.6  11.3
-43.0 -28.6  11.5
-42.0 -28.6  11.7
-41.0 -28.5  11.8
-40.0 -28.3  12.1
-39.0 -28.1  12.3
-38.0 -28.0  12.4
-37.0 -27.9  12.5
-36.0 -27.8  12.7
-35.0 -27.7  12.8
-34.0 -27.6  12.9
-33.0 -27.5  13.0
-32.0 -27.4  13.2
-31.0 -27.3  13.3
-30.0 -27.2  13.4
-29.0 -27.0  13.6
-28.0 -26.9  13.8
-27.0 -26.8  14.0
-26.0 -26.7  14.1
-25.0 -26.5  14.4
-24.0 -26.4  14.6
-23.0 -26.2  14.9
-22.0 -26.1  15.2
-21.0 -25.9  15.6
-20.0 -25.7  16.0
-19.0 -25.5  16.4
-18.0 -25.4  16.7
-17.0 -25.0  17.2
-16.0 -24.8  17.4
-15.0 -24.6  17.7
-14.0 -24.3  18.0
-13.0 -24.1  18.2
-12.0 -23.8  18.4
-11.0 -23.5  18.6
-10.0 -23.2  18.8
-9.0 -22.8  19.0
-8.0 -22.5  19.1
-7.0 -22.2  19.3
-6.0 -21.9  19.5
-5.0 -21.6  19.7
-4.0 -21.3  19.9
-3.0 -21.1  20.1
-2.0 -20.9  20.2
-1.0 -20.7  20.4
 0.0 -20.6  20.6
 1.0 -20.4  20.7
 2.0 -20.2  20.9
 3.0 -20.1  21.1
 4.0 -19.9  21.3
 5.0 -19.7  21.6
 6.0 -19.5  21.9
 7.0 -19.3  22.2
 8.0 -19.1  22.5
 9.0 -19.0  22.8
 10.0 -18.8  23.2
 11.0 -18.6  23.5
 12.0 -18.4  23.8
 13.0 -18.2  24.1
 14.0 -18.0  24.3
 15.0 -17.7  24.6
 16.0 -17.4  24.8
 17.0 -17.2  25.0
 18.0 -16.7  25.4
 19.0 -16.4  25.5
 20.0 -16.0  25.7
 21.0 -15.6  25.9
 22.0 -15.2  26.1
 23.0 -14.9  26.2
 24.0 -14.6  26.4
 25.0 -14.4  26.5
 26.0 -14.1  26.7
 27.0 -14.0  26.8
 28.0 -13.8  26.9
 29.0 -13.6  27.0
 30.0 -13.4  27.2
 31.0 -13.3  27.3
 32.0 -13.2  27.4
 33.0 -13.0  27.5
 34.0 -12.9  27.6
 35.0 -12.8  27.7
 36.0 -12.7  27.8
 37.0 -12.5  27.9
 38.0 -12.4  28.0
 39.0 -12.3  28.1
 40.0 -12.1  28.3
 41.0 -11.8  28.5
 42.0 -11.7  28.6
 43.0 -11.5  28.6
 44.0 -11.3  28.6
 45.0 -11.1  28.6
 46.0 -10.9  28.6
 47.0 -10.8  28.5
 48.0 -10.6  28.4
 49.0 -10.5  28.2
 50.0 -10.5  28.1
 51.0 -10.4  27.9
 52.0 -10.4  27.7
 53.0 -10.4  27.5
 54.0 -10.4  27.3
 55.0 -10.4  27.1
 56.0 -10.5  26.8
 57.0 -10.6  26.6
 58.0 -10.7  26.3
 59.0 -10.8  26.0
 60.0 -11.0  25.8
 61.0 -11.3  25.5
 62.0 -11.7  25.1
 63.0 -12.0  24.8
 64.0 -12.4  24.4
 65.0 -12.7  23.8
 66.0 -13.0  20.0
 67.0 -13.2  19.6
 68.0 -13.5  19.3
 69.0 -13.7  19.1
 70.0 -13.8  18.8
 71.0 -14.0  18.3
 72.0 -14.3  14.8
 73.0 -14.8  14.3
 74.0 -18.3  14.0
 75.0 -18.8  13.8
 76.0 -19.1  13.7
 77.0 -19.3  13.5
 78.0 -19.6  13.2
 79.0 -20.0  13.0
 80.0 -23.8  12.7
 81.0 -24.4  12.4
 82.0 -24.8  12.0
 83.0 -25.1  11.7
 84.0 -25.5  11.3
 85.0 -25.8  11.0
 86.0 -26.0  10.8
 87.0 -26.3  10.7
 88.0 -26.6  10.6
 89.0 -26.8  10.5
 90.0 -27.1  10.4
 91.0 -27.3  10.4
 92.0 -27.5  10.4
 93.0 -27.7  10.4
 94.0 -27.9  10.4
 95.0 -28.1  10.5
 96.0 -28.2  10.5
 97.0 -28.4  10.6
 98.0 -28.5  10.8
 99.0 -28.6  10.9
 100.0 -28.6  11.1
 101.0 -28.6  11.3
 102.0 -28.6  11.5
 103.0 -28.6  11.7
 104.0 -28.5  11.8
 105.0 -28.3  12.1
 106.0 -28.1  12.3
 107.0 -28.0  12.4
 108.0 -27.9  12.5
 109.0 -27.8  12.7
 110.0 -27.7  12.8
 111.0 -27.6  12.9
 112.0 -27.5  13.0
 113.0 -27.4  13.2
 114.0 -27.3  13.3
 115.0 -27.2  13.4
 116.0 -27.0  13.6
 117.0 -26.9  13.8
 118.0 -26.8  14.0
 119.0 -26.7  14.1
 120.0 -26.5  14.4
 121.0 -26.4  14.6
 122.0 -26.2  14.9
 123.0 -26.1  15.2
 124.0 -25.9  15.6
 125.0 -25.7  16.0
 126.0 -25.5  16.4
 127.0 -25.4  16.7
 128.0 -25.0  17.2
 129.0 -24.8  17.4
 130.0 -24.6  17.7
 131.0 -24.3  18.0
 132.0 -24.1  18.2
 133.0 -23.8  18.4
 134.0 -23.5  18.6
 135.0 -23.2  18.8
 136.0 -22.8  19.0
 137.0 -22.5  19.1
 138.0 -22.2  19.3
 139.0 -21.9  19.5
 140.0 -21.6  19.7
 141.0 -21.3  19.9
 142.0 -21.1  20.1
 143.0 -20.9  20.2
 144.0 -20.7  20.4
 145.0 -20.6  20.6
