x z dist ED
 49.7 -44.5 -50.0 -215.237428957
 49.8 -44.4 -49.9 -210.611229922
 49.8 -44.3 -49.8 -206.427881982
 49.9 -44.2 -49.7 -202.677428075
 49.9 -44.2 -49.6 -199.348844563
 50.0 -44.1 -49.5 -196.43011894
 50.0 -44.0 -49.4 -193.908329508
 50.0 -43.9 -49.3 -191.769726553
 50.1 -43.8 -49.2 -189.999814567
 50.1 -43.7 -49.1 -188.583435043
 50.2 -43.6 -49.0 -187.504849404
 50.2 -43.5 -48.9 -186.747821596
 50.3 -43.4 -48.8 -186.295699929
 50.3 -43.4 -48.7 -186.13149773
 50.4 -43.3 -48.6 -186.237972408
 50.4 -43.2 -48.5 -186.597702531
 50.5 -43.1 -48.4 -187.193162555
 50.5 -43.0 -48.3 -188.006794854
 50.5 -42.9 -48.2 -189.021078719
 50.6 -42.8 -48.1 -190.218596047
 50.6 -42.7 -48.0 -191.582093417
 50.7 -42.6 -47.9 -193.094540351
 50.7 -42.6 -47.8 -194.739183505
 50.8 -42.5 -47.7 -196.499596637
 50.8 -42.4 -47.6 -198.359726187
 50.9 -42.3 -47.5 -200.30393235
 50.9 -42.2 -47.4 -202.317025557
 51.0 -42.1 -47.3 -204.384298305
 51.0 -42.0 -47.2 -206.491552315
 51.0 -41.9 -47.1 -208.625121022
 51.1 -41.8 -47.0 -210.771887442
 51.1 -41.8 -46.9 -212.919297475
 51.2 -41.7 -46.8 -215.055368756
 51.2 -41.6 -46.7 -217.168695173
 51.3 -41.5 -46.6 -219.248447206
 51.3 -41.4 -46.5 -221.284368267
 51.4 -41.3 -46.4 -223.266767259
 51.4 -41.2 -46.3 -225.186507552
 51.5 -41.1 -46.2 -227.034992649
 51.5 -41.0 -46.1 -228.804148799
 51.5 -40.9 -46.0 -230.486404827
 51.6 -40.9 -45.9 -232.074669492
 51.6 -40.8 -45.8 -233.56230667
 51.7 -40.7 -45.7 -234.943108681
 51.7 -40.6 -45.6 -236.211268082
 51.8 -40.5 -45.5 -237.361348249
 51.8 -40.4 -45.4 -238.38825309
 51.9 -40.3 -45.3 -239.287196199
 51.9 -40.2 -45.2 -240.05366979
 52.0 -40.1 -45.1 -240.683413726
 52.0 -40.1 -45.0 -241.172384961
 52.0 -40.0 -44.9 -241.516727686
 52.1 -39.9 -44.8 -241.712744482
 52.1 -39.8 -44.7 -241.756868752
 52.2 -39.7 -44.6 -241.64563869
 52.2 -39.6 -44.5 -241.375673031
 52.3 -39.5 -44.4 -240.943648814
 52.3 -39.4 -44.3 -240.346281339
 52.4 -39.3 -44.2 -239.580306524
 52.4 -39.3 -44.1 -238.642465799
 52.5 -39.2 -44.0 -237.529493677
 52.5 -39.1 -43.9 -236.238108105
 52.5 -39.0 -43.8 -234.765003682
 52.6 -38.9 -43.7 -233.106847788
 52.6 -38.8 -43.6 -231.260279658
 52.7 -38.7 -43.5 -229.221912407
 52.7 -38.6 -43.4 -226.988337962
 52.8 -38.5 -43.3 -224.556134877
 52.8 -38.5 -43.2 -221.921878925
 52.9 -38.4 -43.1 -219.08215639
 52.9 -38.3 -43.0 -216.033579912
 53.0 -38.2 -42.9 -212.772806759
 53.0 -38.1 -42.8 -209.296559337
 53.0 -38.0 -42.7 -205.601647754
 53.1 -37.9 -42.6 -201.684994243
 53.1 -37.8 -42.5 -197.543659198
 53.2 -37.7 -42.4 -193.174868604
 53.2 -37.7 -42.3 -188.576042587
 53.3 -37.6 -42.2 -183.744824851
 53.3 -37.5 -42.1 -178.679112698
 53.4 -37.4 -42.0 -173.377087373
 53.4 -37.3 -41.9 -167.837244452
 53.5 -37.2 -41.8 -162.058423976
 53.5 -37.1 -41.7 -156.039840056
 53.5 -37.0 -41.6 -149.781109668
 53.6 -36.9 -41.5 -143.282280358
 53.6 -36.9 -41.4 -136.543856587
 53.7 -36.8 -41.3 -129.566824455
 53.7 -36.7 -41.2 -122.352674559
 53.8 -36.6 -41.1 -114.903422745
 53.8 -36.5 -41.0 -107.221628527
 53.9 -36.4 -40.9 -99.3104109871
 53.9 -36.3 -40.8 -91.1734619439
 54.0 -36.2 -40.7 -82.8150562501
 54.0 -36.1 -40.6 -74.2400590565
 54.1 -36.1 -40.5 -65.4539299287
 54.1 -36.0 -40.4 -56.4627237168
 54.1 -35.9 -40.3 -47.2730881045
 54.2 -35.8 -40.2 -37.8922577882
 54.2 -35.7 -40.1 -28.3280452645
 54.3 -35.6 -40.0 -18.5888282286
 54.3 -35.5 -39.9 -8.68353361285
 54.4 -35.4 -39.8  1.37838168082
 54.4 -35.3 -39.7  11.5869532716
 54.5 -35.3 -39.6  21.9317349104
 54.5 -35.2 -39.5  32.4018270791
 54.6 -35.1 -39.4  42.9859084249
 54.6 -35.0 -39.3  53.6722698542
 54.6 -34.9 -39.2  64.4488510887
 54.7 -34.8 -39.1  75.3032794662
 54.7 -34.7 -39.0  86.2229107511
 54.8 -34.6 -38.9  97.1948717023
 54.8 -34.5 -38.8  108.206104132
 54.9 -34.5 -38.7  119.243410176
 54.9 -34.4 -38.6  130.293498484
 55.0 -34.3 -38.5  141.343031031
 55.0 -34.2 -38.4  152.378670245
 55.1 -34.1 -38.3  163.387126142
 55.1 -34.0 -38.2  174.355203154
 55.1 -33.9 -38.1  185.269846335
 55.2 -33.8 -38.0  196.118186653
 55.2 -33.7 -37.9  206.887585037
 55.3 -33.7 -37.8  217.56567491
 55.3 -33.6 -37.7  228.140402904
 55.4 -33.5 -37.6  238.600067483
 55.4 -33.4 -37.5  248.933355227
 55.5 -33.3 -37.4  259.129374507
 55.5 -33.2 -37.3  269.177686353
 55.6 -33.1 -37.2  279.068332275
 55.6 -33.0 -37.1  288.791858879
 55.6 -32.9 -37.0  298.339339094
 55.7 -32.8 -36.9  307.702389877
 55.7 -32.8 -36.8  316.873186277
 55.8 -32.7 -36.7  325.84447178
 55.8 -32.6 -36.6  334.609564855
 55.9 -32.5 -36.5  343.162361679
 55.9 -32.4 -36.4  351.497335027
 56.0 -32.3 -36.3  359.60952936
 56.0 -32.2 -36.2  367.494552139
 56.1 -32.1 -36.1  375.148561465
 56.1 -32.0 -36.0  382.568250132
 56.1 -32.0 -35.9  389.750826236
 56.2 -31.9 -35.8  396.693990488
 56.2 -31.8 -35.7  403.395910422
 56.3 -31.7 -35.6  409.855191697
 56.3 -31.6 -35.5  416.070846724
 56.4 -31.5 -35.4  422.042260871
 56.4 -31.4 -35.3  427.769156505
 56.5 -31.3 -35.2  433.251555168
 56.5 -31.2 -35.1  438.489738179
 56.6 -31.2 -35.0  443.484205982
 56.6 -31.1 -34.9  448.235636564
 56.6 -31.0 -34.8  452.74484327
 56.7 -30.9 -34.7  457.012732368
 56.7 -30.8 -34.6  461.040260696
 56.8 -30.7 -34.5  464.828393744
 56.8 -30.6 -34.4  468.378064513
 56.9 -30.5 -34.3  471.690133487
 56.9 -30.4 -34.2  474.765350059
 57.0 -30.4 -34.1  477.604315739
 57.0 -30.3 -34.0  480.207449447
 57.1 -30.2 -33.9  482.574955205
 57.1 -30.1 -33.8  484.706792509
 57.1 -30.0 -33.7  486.602649649
 57.2 -29.9 -33.6  488.261920225
 57.2 -29.8 -33.5  489.683683093
 57.3 -29.7 -33.4  490.866685931
 57.3 -29.6 -33.3  491.80933262
 57.4 -29.6 -33.2  492.509674574
 57.4 -29.5 -33.1  492.965406167
 57.5 -29.4 -33.0  493.17386432
 57.5 -29.3 -32.9  493.132032351
 57.6 -29.2 -32.8  492.836548089
 57.6 -29.1 -32.7  492.283716287
 57.6 -29.0 -32.6  491.46952528
 57.7 -28.9 -32.5  490.389667855
 57.7 -28.8 -32.4  489.039566227
 57.8 -28.8 -32.3  487.414401013
 57.8 -28.7 -32.2  485.509144053
 57.9 -28.6 -32.1  483.318594894
 57.9 -28.5 -32.0  480.837420747
 58.0 -28.4 -31.9  478.060199667
 58.0 -28.3 -31.8  474.981466713
 58.1 -28.2 -31.7  471.5957628
 58.1 -28.1 -31.6  467.897685945
 58.2 -28.0 -31.5  463.881944575
 58.2 -28.0 -31.4  459.543412573
 58.2 -27.9 -31.3  454.877185688
 58.3 -27.8 -31.2  449.878638959
 58.3 -27.7 -31.1  444.543484747
 58.4 -27.6 -31.0  438.867831019
 58.4 -27.5 -30.9  432.848239462
 58.5 -27.4 -30.8  426.481783046
 58.5 -27.3 -30.7  419.766102633
 58.6 -27.2 -30.6  412.699462234
 58.6 -27.2 -30.5  405.28080253
 58.7 -27.1 -30.4  397.509792273
 58.7 -27.0 -30.3  389.386877184
 58.7 -26.9 -30.2  380.913326006
 58.8 -26.8 -30.1  372.091273345
 58.8 -26.7 -30.0  362.923758996
 58.9 -26.6 -29.9  353.41476342
 58.9 -26.5 -29.8  343.569239113
 59.0 -26.4 -29.7  333.393137575
 59.0 -26.4 -29.6  322.893431673
 59.1 -26.3 -29.5  312.078133162
 59.1 -26.2 -29.4  300.956305201
 59.2 -26.1 -29.3  289.538069706
 59.2 -26.0 -29.2  277.834609415
 59.2 -25.9 -29.1  265.858164594
 59.3 -25.8 -29.0  253.622024306
 59.3 -25.7 -28.9  241.140512242
 59.4 -25.6 -28.8  228.428967108
 59.4 -25.5 -28.7  215.503717622
 59.5 -25.5 -28.6  202.3820522
 59.5 -25.4 -28.5  189.082183428
 59.6 -25.3 -28.4  175.623207471
 59.6 -25.2 -28.3  162.025058599
 59.7 -25.1 -28.2  148.308459011
 59.7 -25.0 -28.1  134.494864204
 59.7 -24.9 -28.0  120.60640415
 59.8 -24.8 -27.9  106.66582054
 59.8 -24.7 -27.8  92.6964004346
 59.9 -24.7 -27.7  78.7219066231
 59.9 -24.6 -27.6  64.7665050552
 60.0 -24.5 -27.5  50.8546897072
 60.0 -24.4 -27.4  37.0112052624
 60.1 -24.3 -27.3  23.2609680021
 60.1 -24.2 -27.2  9.62898530914
 60.2 -24.1 -27.1 -3.85972580303
 60.2 -24.0 -27.0 -17.1802207207
 60.2 -23.9 -26.9 -30.3077093997
 60.3 -23.9 -26.8 -43.217638258
 60.3 -23.8 -26.7 -55.8857713729
 60.4 -23.7 -26.6 -68.288270577
 60.4 -23.6 -26.5 -80.4017740469
 60.5 -23.5 -26.4 -92.2034729972
 60.5 -23.4 -26.3 -103.6711861
 60.6 -23.3 -26.2 -114.783431265
 60.6 -23.2 -26.1 -125.519494442
 60.7 -23.1 -26.0 -135.859495109
 60.7 -23.1 -25.9 -145.784448152
 60.7 -23.0 -25.8 -155.276321851
 60.8 -22.9 -25.7 -164.31809171
 60.8 -22.8 -25.6 -172.893789914
 60.9 -22.7 -25.5 -180.988550198
 60.9 -22.6 -25.4 -188.588647957
 61.0 -22.5 -25.3 -195.681535459
 61.0 -22.4 -25.2 -202.255872033
 61.1 -22.3 -25.1 -208.301549159
 61.1 -22.3 -25.0 -213.809710395
 61.2 -22.2 -24.9 -218.77276613
 61.2 -22.1 -24.8 -223.184403158
 61.2 -22.0 -24.7 -227.039589112
 61.3 -21.9 -24.6 -230.334571831
 61.3 -21.8 -24.5 -233.066873745
 61.4 -21.7 -24.4 -235.235281403
 61.4 -21.6 -24.3 -236.839830298
 61.5 -21.5 -24.2 -237.881785152
 61.5 -21.5 -24.1 -238.363615866
 61.6 -21.4 -24.0 -238.288969348
 61.6 -21.3 -23.9 -237.662637467
 61.7 -21.2 -23.8 -236.490521372
 61.7 -21.1 -23.7 -234.779592474
 61.7 -21.0 -23.6 -232.53785035
 61.8 -20.9 -23.5 -229.774277902
 61.8 -20.8 -23.4 -226.498794039
 61.9 -20.7 -23.3 -222.72220424
 61.9 -20.7 -23.2 -218.456149286
 62.0 -20.6 -23.1 -213.713052509
 62.0 -20.5 -23.0 -208.506065866
 62.1 -20.4 -22.9 -202.849015173
 62.1 -20.3 -22.8 -196.756344813
 62.2 -20.2 -22.7 -190.243062232
 62.2 -20.1 -22.6 -183.324682528
 62.3 -20.0 -22.5 -176.017173432
 62.3 -19.9 -22.4 -168.336900952
 62.3 -19.9 -22.3 -160.300575969
 62.4 -19.8 -22.2 -151.925202017
 62.4 -19.7 -22.1 -143.228024502
 62.5 -19.6 -22.0 -134.226481562
 62.5 -19.5 -21.9 -124.938156784
 62.6 -19.4 -21.8 -115.380733941
 62.6 -19.3 -21.7 -105.571953912
 62.7 -19.2 -21.6 -95.5295739235
 62.7 -19.1 -21.5 -85.2713292154
 62.8 -19.1 -21.4 -74.814897231
 62.8 -19.0 -21.3 -64.1778643864
 62.8 -18.9 -21.2 -53.3776954698
 62.9 -18.8 -21.1 -42.4317056873
 62.9 -18.7 -21.0 -31.3570353539
 63.0 -18.6 -20.9 -20.1706272053
 63.0 -18.5 -20.8 -8.88920628481
 63.1 -18.4 -20.7  2.47073765926
 63.1 -18.3 -20.6  13.8929653511
 63.2 -18.2 -20.5  25.3615008418
 63.2 -18.2 -20.4  36.8606421597
 63.3 -18.1 -20.3  48.3749698912
 63.3 -18.0 -20.2  59.8893538397
 63.3 -17.9 -20.1  71.3889579224
 63.4 -17.8 -20.0  82.859243474
 63.4 -17.7 -19.9  94.2859711378
 63.5 -17.6 -19.8  105.655201527
 63.5 -17.5 -19.7  116.953294844
 63.6 -17.4 -19.6  128.16690966
 63.6 -17.4 -19.5  139.283001031
 63.7 -17.3 -19.4  150.288818157
 63.7 -17.2 -19.3  161.171901771
 63.8 -17.1 -19.2  171.920081434
 63.8 -17.0 -19.1  182.52147293
 63.8 -16.9 -19.0  192.964475909
 63.9 -16.8 -18.9  203.237771964
 63.9 -16.7 -18.8  213.330323272
 64.0 -16.6 -18.7  223.231371939
 64.0 -16.6 -18.6  232.930440184
 64.1 -16.5 -18.5  242.41733145
 64.1 -16.4 -18.4  251.682132555
 64.2 -16.3 -18.3  260.715216936
 64.2 -16.2 -18.2  269.507249061
 64.3 -16.1 -18.1  278.049190046
 64.3 -16.0 -18.0  286.332304478
 64.3 -15.9 -17.9  294.348168479
 64.4 -15.8 -17.8  302.088678967
 64.4 -15.8 -17.7  309.546064091
 64.5 -15.7 -17.6  316.712894784
 64.5 -15.6 -17.5  323.582097368
 64.6 -15.5 -17.4  330.146967112
 64.6 -15.4 -17.3  336.401182652
 64.7 -15.3 -17.2  342.338821142
 64.7 -15.2 -17.1  347.954374007
 64.8 -15.1 -17.0  353.242763155
 64.8 -15.0 -16.9  358.199357479
 64.8 -15.0 -16.8  362.819989489
 64.9 -14.9 -16.7  367.100971892
 64.9 -14.8 -16.6  371.039113936
 65.0 -14.7 -16.5  374.631737332
 65.0 -14.6 -16.4  377.876691547
 65.1 -14.5 -16.3  380.772368293
 65.1 -14.4 -16.2  383.317714997
 65.2 -14.3 -16.1  385.512247071
 65.2 -14.2 -16.0  387.356058785
 65.3 -14.2 -15.9  388.849832566
 65.3 -14.1 -15.8  389.994846542
 65.3 -14.0 -15.7  390.792980158
 65.4 -13.9 -15.6  391.246717722
 65.4 -13.8 -15.5  391.35914972
 65.5 -13.7 -15.4  391.133971791
 65.5 -13.6 -15.3  390.575481218
 65.6 -13.5 -15.2  389.688570873
 65.6 -13.4 -15.1  388.478720506
 65.7 -13.4 -15.0  386.951985332
 65.7 -13.3 -14.9  385.114981876
 65.8 -13.2 -14.8  382.974871054
 65.8 -13.1 -14.7  380.539338486
 65.8 -13.0 -14.6  377.816572071
 65.9 -12.9 -14.5  374.815236869
 65.9 -12.8 -14.4  371.54444735
 66.0 -12.7 -14.3  368.013737112
 66.0 -12.6 -14.2  364.23302616
 66.1 -12.6 -14.1  360.212585891
 66.1 -12.5 -14.0  355.963001942
 66.2 -12.4 -13.9  351.495135049
 66.2 -12.3 -13.8  346.820080137
 66.3 -12.2 -13.7  341.949123821
 66.3 -12.1 -13.6  336.893700568
 66.4 -12.0 -13.5  331.665347733
 66.4 -11.9 -13.4  326.27565974
 66.4 -11.8 -13.3  320.736241665
 66.5 -11.8 -13.2  315.058662488
 66.5 -11.7 -13.1  309.254408302
 66.6 -11.6 -13.0  303.334835761
 66.6 -11.5 -12.9  297.311126059
 66.7 -11.4 -12.8  291.194239732
 66.7 -11.3 -12.7  284.994872565
 66.8 -11.2 -12.6  278.723412905
 66.8 -11.1 -12.5  272.389900654
 66.9 -11.0 -12.4  266.00398822
 66.9 -10.9 -12.3  259.57490369
 66.9 -10.9 -12.2  253.111416485
 67.0 -10.8 -12.1  246.621805735
 67.0 -10.7 -12.0  240.113831598
 67.1 -10.6 -11.9  233.594709737
 67.1 -10.5 -11.8  227.071089145
 67.2 -10.4 -11.7  220.549033477
 67.2 -10.3 -11.6  214.034006057
 67.3 -10.2 -11.5  207.530858656
 67.3 -10.1 -11.4  201.04382417
 67.4 -10.1 -11.3  194.57651325
 67.4 -10.0 -11.2  188.131914939
 67.4 -9.9 -11.1  181.712401338
 67.5 -9.8 -11.0  175.319736297
 67.5 -9.7 -10.9  168.955088077
 67.6 -9.6 -10.8  162.619045952
 67.6 -9.5 -10.7  156.311640633
 67.7 -9.4 -10.6  150.032368407
 67.7 -9.3 -10.5  143.78021885
 67.8 -9.3 -10.4  137.553705938
 67.8 -9.2 -10.3  131.350902363
 67.9 -9.1 -10.2  125.169476835
 67.9 -9.0 -10.1  119.006734128
 67.9 -8.9 -10.0  112.859657605
 68.0 -8.8 -9.9  106.724953948
 68.0 -8.7 -9.8  100.599099784
 68.1 -8.6 -9.7  94.4783898938
 68.1 -8.5 -9.6  88.3589866815
 68.2 -8.5 -9.5  82.2369705597
 68.2 -8.4 -9.4  76.1083909012
 68.3 -8.3 -9.3  69.9693172048
 68.3 -8.2 -9.2  63.8158901144
 68.4 -8.1 -9.1  57.6443719312
 68.4 -8.0 -9.0  51.4511962591
 68.4 -7.9 -8.9  45.2330164261
 68.5 -7.8 -8.8  38.986752333
 68.5 -7.7 -8.7  32.7096353869
 68.6 -7.7 -8.6  26.3992511884
 68.6 -7.6 -8.5  20.0535796562
 68.7 -7.5 -8.4  13.6710322874
 68.7 -7.4 -8.3  7.25048627026
 68.8 -7.3 -8.2  0.791315186264
 68.8 -7.2 -8.1 -5.70658393999
 68.9 -7.1 -8.0 -12.2427674591
 68.9 -7.0 -7.9 -18.8162259757
 68.9 -6.9 -7.8 -25.425369451
 69.0 -6.9 -7.7 -32.0680166654
 69.0 -6.8 -7.6 -38.7413891463
 69.1 -6.7 -7.5 -45.4421096374
 69.1 -6.6 -7.4 -52.1662051515
 69.2 -6.5 -7.3 -58.9091146209
 69.2 -6.4 -7.2 -65.6657011239
 69.3 -6.3 -7.1 -72.4302686357
 69.3 -6.2 -7.0 -79.1965832184
 69.4 -6.1 -6.9 -85.9578985357
 69.4 -6.1 -6.8 -92.7069855432
 69.4 -6.0 -6.7 -99.4361661791
 69.5 -5.9 -6.6 -106.137350847
 69.5 -5.8 -6.5 -112.802079457
 69.6 -5.7 -6.4 -119.421565768
 69.6 -5.6 -6.3 -125.98674474
 69.7 -5.5 -6.2 -132.488322589
 69.7 -5.4 -6.1 -138.916829223
 69.8 -5.3 -6.0 -145.262672706
 69.8 -5.3 -5.9 -151.516195378
 69.9 -5.2 -5.8 -157.667731269
 69.9 -5.1 -5.7 -163.707664412
 69.9 -5.0 -5.6 -169.626487643
 70.0 -4.9 -5.5 -175.414861514
 70.0 -4.8 -5.4 -181.063672878
 70.1 -4.7 -5.3 -186.564092763
 70.1 -4.6 -5.2 -191.907633124
 70.2 -4.5 -5.1 -197.086202068
 70.2 -4.5 -5.0 -202.092157161
 70.3 -4.4 -4.9 -206.91835645
 70.3 -4.3 -4.8 -211.558206809
 70.4 -4.2 -4.7 -216.005709279
 70.4 -4.1 -4.6 -220.255501063
 70.5 -4.0 -4.5 -224.302893859
 70.5 -3.9 -4.4 -228.143908245
 70.5 -3.8 -4.3 -231.775303867
 70.6 -3.7 -4.2 -235.194605167
 70.6 -3.6 -4.1 -238.400122478
 70.7 -3.6 -4.0 -241.390968277
 70.7 -3.5 -3.9 -244.167068477
 70.8 -3.4 -3.8 -246.729168639
 70.8 -3.3 -3.7 -249.078835021
 70.9 -3.2 -3.6 -251.218450428
 70.9 -3.1 -3.5 -253.151204859
 71.0 -3.0 -3.4 -254.881080973
 71.0 -2.9 -3.3 -256.412834432
 71.0 -2.8 -3.2 -257.751969236
 71.1 -2.8 -3.1 -258.904708166
 71.1 -2.7 -3.0 -259.877958508
 71.2 -2.6 -2.9 -260.679273257
 71.2 -2.5 -2.8 -261.316808026
 71.3 -2.4 -2.7 -261.799273926
 71.3 -2.3 -2.6 -262.135886698
 71.4 -2.2 -2.5 -262.336312412
 71.4 -2.1 -2.4 -262.410610082
 71.5 -2.0 -2.3 -262.369171534
 71.5 -2.0 -2.2 -262.222658935
 71.5 -1.9 -2.1 -261.981940351
 71.6 -1.8 -2.0 -261.65802377
 71.6 -1.7 -1.9 -261.261989994
 71.7 -1.6 -1.8 -260.804924843
 71.7 -1.5 -1.7 -260.297851104
 71.8 -1.4 -1.6 -259.751660664
 71.8 -1.3 -1.5 -259.177047267
 71.9 -1.2 -1.4 -258.58444034
 71.9 -1.2 -1.3 -257.983940304
 72.0 -1.1 -1.2 -257.385255807
 72.0 -1.0 -1.1 -256.797643284
 72.0 -0.9 -1.0 -256.229849234
 72.1 -0.8 -0.9 -255.690055601
 72.1 -0.7 -0.8 -255.185828617
 72.2 -0.6 -0.7 -254.72407143
 72.2 -0.5 -0.6 -254.310980851
 72.3 -0.4 -0.5 -253.952008489
 72.3 -0.4 -0.4 -253.651826523
 72.4 -0.3 -0.3 -253.414298367
 72.4 -0.2 -0.2 -253.242454383
 72.5 -0.1 -0.1 -253.138472834
 72.5  0.0  0.0 -253.103666182
 72.5  0.1  0.1 -253.138472834
 72.6  0.2  0.2 -253.242454383
 72.6  0.3  0.3 -253.414298367
 72.7  0.4  0.4 -253.651826523
 72.7  0.4  0.5 -253.952008489
 72.8  0.5  0.6 -254.310980851
 72.8  0.6  0.7 -254.72407143
 72.9  0.7  0.8 -255.185828617
 72.9  0.8  0.9 -255.690055601
 73.0  0.9  1.0 -256.229849234
 73.0  1.0  1.1 -256.797643284
 73.0  1.1  1.2 -257.385255807
 73.1  1.2  1.3 -257.983940304
 73.1  1.2  1.4 -258.58444034
 73.2  1.3  1.5 -259.177047267
 73.2  1.4  1.6 -259.751660664
 73.3  1.5  1.7 -260.297851104
 73.3  1.6  1.8 -260.804924843
 73.4  1.7  1.9 -261.261989994
 73.4  1.8  2.0 -261.65802377
 73.5  1.9  2.1 -261.981940351
 73.5  2.0  2.2 -262.222658935
 73.5  2.0  2.3 -262.369171534
 73.6  2.1  2.4 -262.410610082
 73.6  2.2  2.5 -262.336312412
 73.7  2.3  2.6 -262.135886698
 73.7  2.4  2.7 -261.799273926
 73.8  2.5  2.8 -261.316808026
 73.8  2.6  2.9 -260.679273257
 73.9  2.7  3.0 -259.877958508
 73.9  2.8  3.1 -258.904708166
 74.0  2.8  3.2 -257.751969236
 74.0  2.9  3.3 -256.412834432
 74.0  3.0  3.4 -254.881080973
 74.1  3.1  3.5 -253.151204859
 74.1  3.2  3.6 -251.218450428
 74.2  3.3  3.7 -249.078835021
 74.2  3.4  3.8 -246.729168639
 74.3  3.5  3.9 -244.167068477
 74.3  3.6  4.0 -241.390968277
 74.4  3.6  4.1 -238.400122478
 74.4  3.7  4.2 -235.194605167
 74.5  3.8  4.3 -231.775303867
 74.5  3.9  4.4 -228.143908245
 74.5  4.0  4.5 -224.302893859
 74.6  4.1  4.6 -220.255501063
 74.6  4.2  4.7 -216.005709279
 74.7  4.3  4.8 -211.558206809
 74.7  4.4  4.9 -206.91835645
 74.8  4.5  5.0 -202.092157161
 74.8  4.5  5.1 -197.086202068
 74.9  4.6  5.2 -191.907633124
 74.9  4.7  5.3 -186.564092763
 75.0  4.8  5.4 -181.063672878
 75.0  4.9  5.5 -175.414861514
 75.1  5.0  5.6 -169.626487643
 75.1  5.1  5.7 -163.707664412
 75.1  5.2  5.8 -157.667731269
 75.2  5.3  5.9 -151.516195378
 75.2  5.3  6.0 -145.262672706
 75.3  5.4  6.1 -138.916829223
 75.3  5.5  6.2 -132.488322589
 75.4  5.6  6.3 -125.98674474
 75.4  5.7  6.4 -119.421565768
 75.5  5.8  6.5 -112.802079457
 75.5  5.9  6.6 -106.137350847
 75.6  6.0  6.7 -99.4361661791
 75.6  6.1  6.8 -92.7069855432
 75.6  6.1  6.9 -85.9578985357
 75.7  6.2  7.0 -79.1965832184
 75.7  6.3  7.1 -72.4302686357
 75.8  6.4  7.2 -65.6657011239
 75.8  6.5  7.3 -58.9091146209
 75.9  6.6  7.4 -52.1662051515
 75.9  6.7  7.5 -45.4421096374
 76.0  6.8  7.6 -38.7413891463
 76.0  6.9  7.7 -32.0680166654
 76.1  6.9  7.8 -25.425369451
 76.1  7.0  7.9 -18.8162259757
 76.1  7.1  8.0 -12.2427674591
 76.2  7.2  8.1 -5.70658393999
 76.2  7.3  8.2  0.791315186263
 76.3  7.4  8.3  7.25048627026
 76.3  7.5  8.4  13.6710322874
 76.4  7.6  8.5  20.0535796562
 76.4  7.7  8.6  26.3992511884
 76.5  7.7  8.7  32.7096353869
 76.5  7.8  8.8  38.986752333
 76.6  7.9  8.9  45.2330164261
 76.6  8.0  9.0  51.4511962591
 76.6  8.1  9.1  57.6443719312
 76.7  8.2  9.2  63.8158901144
 76.7  8.3  9.3  69.9693172048
 76.8  8.4  9.4  76.1083909012
 76.8  8.5  9.5  82.2369705597
 76.9  8.5  9.6  88.3589866815
 76.9  8.6  9.7  94.4783898938
 77.0  8.7  9.8  100.599099784
 77.0  8.8  9.9  106.724953948
 77.1  8.9  10.0  112.859657605
 77.1  9.0  10.1  119.006734128
 77.1  9.1  10.2  125.169476835
 77.2  9.2  10.3  131.350902363
 77.2  9.3  10.4  137.553705938
 77.3  9.3  10.5  143.78021885
 77.3  9.4  10.6  150.032368407
 77.4  9.5  10.7  156.311640633
 77.4  9.6  10.8  162.619045952
 77.5  9.7  10.9  168.955088077
 77.5  9.8  11.0  175.319736297
 77.6  9.9  11.1  181.712401338
 77.6  10.0  11.2  188.131914939
 77.6  10.1  11.3  194.57651325
 77.7  10.1  11.4  201.04382417
 77.7  10.2  11.5  207.530858656
 77.8  10.3  11.6  214.034006057
 77.8  10.4  11.7  220.549033477
 77.9  10.5  11.8  227.071089145
 77.9  10.6  11.9  233.594709737
 78.0  10.7  12.0  240.113831598
 78.0  10.8  12.1  246.621805735
 78.1  10.9  12.2  253.111416485
 78.1  10.9  12.3  259.57490369
 78.1  11.0  12.4  266.00398822
 78.2  11.1  12.5  272.389900654
 78.2  11.2  12.6  278.723412905
 78.3  11.3  12.7  284.994872565
 78.3  11.4  12.8  291.194239732
 78.4  11.5  12.9  297.311126059
 78.4  11.6  13.0  303.334835761
 78.5  11.7  13.1  309.254408302
 78.5  11.8  13.2  315.058662488
 78.6  11.8  13.3  320.736241665
 78.6  11.9  13.4  326.27565974
 78.6  12.0  13.5  331.665347733
 78.7  12.1  13.6  336.893700568
 78.7  12.2  13.7  341.949123821
 78.8  12.3  13.8  346.820080137
 78.8  12.4  13.9  351.495135049
 78.9  12.5  14.0  355.963001942
 78.9  12.6  14.1  360.212585891
 79.0  12.6  14.2  364.23302616
 79.0  12.7  14.3  368.013737112
 79.1  12.8  14.4  371.54444735
 79.1  12.9  14.5  374.815236869
 79.2  13.0  14.6  377.816572071
 79.2  13.1  14.7  380.539338486
 79.2  13.2  14.8  382.974871054
 79.3  13.3  14.9  385.114981876
 79.3  13.4  15.0  386.951985332
 79.4  13.4  15.1  388.478720506
 79.4  13.5  15.2  389.688570873
 79.5  13.6  15.3  390.575481218
 79.5  13.7  15.4  391.133971791
 79.6  13.8  15.5  391.35914972
 79.6  13.9  15.6  391.246717722
 79.7  14.0  15.7  390.792980158
 79.7  14.1  15.8  389.994846542
 79.7  14.2  15.9  388.849832566
 79.8  14.2  16.0  387.356058785
 79.8  14.3  16.1  385.512247071
 79.9  14.4  16.2  383.317714997
 79.9  14.5  16.3  380.772368293
 80.0  14.6  16.4  377.876691547
 80.0  14.7  16.5  374.631737332
 80.1  14.8  16.6  371.039113936
 80.1  14.9  16.7  367.100971892
 80.2  15.0  16.8  362.819989489
 80.2  15.0  16.9  358.199357479
 80.2  15.1  17.0  353.242763155
 80.3  15.2  17.1  347.954374007
 80.3  15.3  17.2  342.338821142
 80.4  15.4  17.3  336.401182652
 80.4  15.5  17.4  330.146967112
 80.5  15.6  17.5  323.582097368
 80.5  15.7  17.6  316.712894784
 80.6  15.8  17.7  309.546064091
 80.6  15.8  17.8  302.088678967
 80.7  15.9  17.9  294.348168479
 80.7  16.0  18.0  286.332304478
 80.7  16.1  18.1  278.049190046
 80.8  16.2  18.2  269.507249061
 80.8  16.3  18.3  260.715216936
 80.9  16.4  18.4  251.682132555
 80.9  16.5  18.5  242.41733145
 81.0  16.6  18.6  232.930440184
 81.0  16.6  18.7  223.231371939
 81.1  16.7  18.8  213.330323272
 81.1  16.8  18.9  203.237771964
 81.2  16.9  19.0  192.964475909
 81.2  17.0  19.1  182.52147293
 81.2  17.1  19.2  171.920081434
 81.3  17.2  19.3  161.171901771
 81.3  17.3  19.4  150.288818157
 81.4  17.4  19.5  139.283001031
 81.4  17.4  19.6  128.16690966
 81.5  17.5  19.7  116.953294844
 81.5  17.6  19.8  105.655201527
 81.6  17.7  19.9  94.2859711378
 81.6  17.8  20.0  82.859243474
 81.7  17.9  20.1  71.3889579224
 81.7  18.0  20.2  59.8893538397
 81.7  18.1  20.3  48.3749698912
 81.8  18.2  20.4  36.8606421597
 81.8  18.2  20.5  25.3615008418
 81.9  18.3  20.6  13.8929653511
 81.9  18.4  20.7  2.47073765926
 82.0  18.5  20.8 -8.8892062848
 82.0  18.6  20.9 -20.1706272053
 82.1  18.7  21.0 -31.3570353539
 82.1  18.8  21.1 -42.4317056872
 82.2  18.9  21.2 -53.3776954698
 82.2  19.0  21.3 -64.1778643864
 82.2  19.1  21.4 -74.814897231
 82.3  19.1  21.5 -85.2713292154
 82.3  19.2  21.6 -95.5295739235
 82.4  19.3  21.7 -105.571953912
 82.4  19.4  21.8 -115.380733941
 82.5  19.5  21.9 -124.938156784
 82.5  19.6  22.0 -134.226481562
 82.6  19.7  22.1 -143.228024502
 82.6  19.8  22.2 -151.925202017
 82.7  19.9  22.3 -160.300575969
 82.7  19.9  22.4 -168.336900952
 82.7  20.0  22.5 -176.017173432
 82.8  20.1  22.6 -183.324682528
 82.8  20.2  22.7 -190.243062232
 82.9  20.3  22.8 -196.756344813
 82.9  20.4  22.9 -202.849015173
 83.0  20.5  23.0 -208.506065866
 83.0  20.6  23.1 -213.713052509
 83.1  20.7  23.2 -218.456149286
 83.1  20.7  23.3 -222.72220424
 83.2  20.8  23.4 -226.498794039
 83.2  20.9  23.5 -229.774277902
 83.3  21.0  23.6 -232.53785035
 83.3  21.1  23.7 -234.779592474
 83.3  21.2  23.8 -236.490521372
 83.4  21.3  23.9 -237.662637467
 83.4  21.4  24.0 -238.288969348
 83.5  21.5  24.1 -238.363615866
 83.5  21.5  24.2 -237.881785152
 83.6  21.6  24.3 -236.839830298
 83.6  21.7  24.4 -235.235281403
 83.7  21.8  24.5 -233.066873745
 83.7  21.9  24.6 -230.334571831
 83.8  22.0  24.7 -227.039589112
 83.8  22.1  24.8 -223.184403158
 83.8  22.2  24.9 -218.77276613
 83.9  22.3  25.0 -213.809710395
 83.9  22.3  25.1 -208.301549159
 84.0  22.4  25.2 -202.255872033
 84.0  22.5  25.3 -195.681535459
 84.1  22.6  25.4 -188.588647957
 84.1  22.7  25.5 -180.988550198
 84.2  22.8  25.6 -172.893789914
 84.2  22.9  25.7 -164.31809171
 84.3  23.0  25.8 -155.276321851
 84.3  23.1  25.9 -145.784448152
 84.3  23.1  26.0 -135.859495109
 84.4  23.2  26.1 -125.519494442
 84.4  23.3  26.2 -114.783431265
 84.5  23.4  26.3 -103.6711861
 84.5  23.5  26.4 -92.2034729972
 84.6  23.6  26.5 -80.4017740469
 84.6  23.7  26.6 -68.288270577
 84.7  23.8  26.7 -55.8857713729
 84.7  23.9  26.8 -43.217638258
 84.8  23.9  26.9 -30.3077093997
 84.8  24.0  27.0 -17.1802207207
 84.8  24.1  27.1 -3.85972580304
 84.9  24.2  27.2  9.62898530913
 84.9  24.3  27.3  23.2609680021
 85.0  24.4  27.4  37.0112052624
 85.0  24.5  27.5  50.8546897072
 85.1  24.6  27.6  64.7665050552
 85.1  24.7  27.7  78.7219066231
 85.2  24.7  27.8  92.6964004346
 85.2  24.8  27.9  106.66582054
 85.3  24.9  28.0  120.60640415
 85.3  25.0  28.1  134.494864204
 85.3  25.1  28.2  148.308459011
 85.4  25.2  28.3  162.025058599
 85.4  25.3  28.4  175.623207471
 85.5  25.4  28.5  189.082183428
 85.5  25.5  28.6  202.3820522
 85.6  25.5  28.7  215.503717622
 85.6  25.6  28.8  228.428967108
 85.7  25.7  28.9  241.140512242
 85.7  25.8  29.0  253.622024306
 85.8  25.9  29.1  265.858164594
 85.8  26.0  29.2  277.834609415
 85.8  26.1  29.3  289.538069706
 85.9  26.2  29.4  300.956305201
 85.9  26.3  29.5  312.078133162
 86.0  26.4  29.6  322.893431673
 86.0  26.4  29.7  333.393137575
 86.1  26.5  29.8  343.569239113
 86.1  26.6  29.9  353.41476342
 86.2  26.7  30.0  362.923758996
 86.2  26.8  30.1  372.091273345
 86.3  26.9  30.2  380.913326006
 86.3  27.0  30.3  389.386877184
 86.3  27.1  30.4  397.509792273
 86.4  27.2  30.5  405.28080253
 86.4  27.2  30.6  412.699462234
 86.5  27.3  30.7  419.766102633
 86.5  27.4  30.8  426.481783046
 86.6  27.5  30.9  432.848239462
 86.6  27.6  31.0  438.867831019
 86.7  27.7  31.1  444.543484747
 86.7  27.8  31.2  449.878638959
 86.8  27.9  31.3  454.877185688
 86.8  28.0  31.4  459.543412573
 86.8  28.0  31.5  463.881944575
 86.9  28.1  31.6  467.897685945
 86.9  28.2  31.7  471.5957628
 87.0  28.3  31.8  474.981466713
 87.0  28.4  31.9  478.060199667
 87.1  28.5  32.0  480.837420747
 87.1  28.6  32.1  483.318594894
 87.2  28.7  32.2  485.509144053
 87.2  28.8  32.3  487.414401013
 87.3  28.8  32.4  489.039566227
 87.3  28.9  32.5  490.389667855
 87.4  29.0  32.6  491.46952528
 87.4  29.1  32.7  492.283716287
 87.4  29.2  32.8  492.836548089
 87.5  29.3  32.9  493.132032351
 87.5  29.4  33.0  493.17386432
 87.6  29.5  33.1  492.965406167
 87.6  29.6  33.2  492.509674574
 87.7  29.6  33.3  491.80933262
 87.7  29.7  33.4  490.866685931
 87.8  29.8  33.5  489.683683093
 87.8  29.9  33.6  488.261920225
 87.9  30.0  33.7  486.602649649
 87.9  30.1  33.8  484.706792509
 87.9  30.2  33.9  482.574955205
 88.0  30.3  34.0  480.207449447
 88.0  30.4  34.1  477.604315739
 88.1  30.4  34.2  474.765350059
 88.1  30.5  34.3  471.690133487
 88.2  30.6  34.4  468.378064513
 88.2  30.7  34.5  464.828393744
 88.3  30.8  34.6  461.040260696
 88.3  30.9  34.7  457.012732368
 88.4  31.0  34.8  452.74484327
 88.4  31.1  34.9  448.235636564
 88.4  31.2  35.0  443.484205982
 88.5  31.2  35.1  438.489738179
 88.5  31.3  35.2  433.251555168
 88.6  31.4  35.3  427.769156505
 88.6  31.5  35.4  422.042260871
 88.7  31.6  35.5  416.070846724
 88.7  31.7  35.6  409.855191697
 88.8  31.8  35.7  403.395910422
 88.8  31.9  35.8  396.693990488
 88.9  32.0  35.9  389.750826236
 88.9  32.0  36.0  382.568250132
 88.9  32.1  36.1  375.148561465
 89.0  32.2  36.2  367.494552139
 89.0  32.3  36.3  359.60952936
 89.1  32.4  36.4  351.497335027
 89.1  32.5  36.5  343.162361679
 89.2  32.6  36.6  334.609564855
 89.2  32.7  36.7  325.84447178
 89.3  32.8  36.8  316.873186277
 89.3  32.8  36.9  307.702389877
 89.4  32.9  37.0  298.339339094
 89.4  33.0  37.1  288.791858879
 89.4  33.1  37.2  279.068332275
 89.5  33.2  37.3  269.177686353
 89.5  33.3  37.4  259.129374507
 89.6  33.4  37.5  248.933355227
 89.6  33.5  37.6  238.600067483
 89.7  33.6  37.7  228.140402904
 89.7  33.7  37.8  217.56567491
 89.8  33.7  37.9  206.887585037
 89.8  33.8  38.0  196.118186653
 89.9  33.9  38.1  185.269846335
 89.9  34.0  38.2  174.355203154
 89.9  34.1  38.3  163.387126142
 90.0  34.2  38.4  152.378670245
 90.0  34.3  38.5  141.343031031
 90.1  34.4  38.6  130.293498484
 90.1  34.5  38.7  119.243410177
 90.2  34.5  38.8  108.206104132
 90.2  34.6  38.9  97.1948717023
 90.3  34.7  39.0  86.2229107511
 90.3  34.8  39.1  75.3032794662
 90.4  34.9  39.2  64.4488510887
 90.4  35.0  39.3  53.6722698542
 90.4  35.1  39.4  42.9859084249
 90.5  35.2  39.5  32.4018270791
 90.5  35.3  39.6  21.9317349105
 90.6  35.3  39.7  11.5869532716
 90.6  35.4  39.8  1.37838168082
 90.7  35.5  39.9 -8.68353361284
 90.7  35.6  40.0 -18.5888282286
 90.8  35.7  40.1 -28.3280452644
 90.8  35.8  40.2 -37.8922577882
 90.9  35.9  40.3 -47.2730881045
 90.9  36.0  40.4 -56.4627237168
 90.9  36.1  40.5 -65.4539299287
 91.0  36.1  40.6 -74.2400590565
 91.0  36.2  40.7 -82.8150562501
 91.1  36.3  40.8 -91.1734619439
 91.1  36.4  40.9 -99.3104109871
 91.2  36.5  41.0 -107.221628527
 91.2  36.6  41.1 -114.903422745
 91.3  36.7  41.2 -122.352674559
 91.3  36.8  41.3 -129.566824455
 91.4  36.9  41.4 -136.543856587
 91.4  36.9  41.5 -143.282280358
 91.5  37.0  41.6 -149.781109668
 91.5  37.1  41.7 -156.039840056
 91.5  37.2  41.8 -162.058423976
 91.6  37.3  41.9 -167.837244452
 91.6  37.4  42.0 -173.377087373
 91.7  37.5  42.1 -178.679112698
 91.7  37.6  42.2 -183.744824851
 91.8  37.7  42.3 -188.576042587
 91.8  37.7  42.4 -193.174868604
 91.9  37.8  42.5 -197.543659198
 91.9  37.9  42.6 -201.684994243
 92.0  38.0  42.7 -205.601647754
 92.0  38.1  42.8 -209.296559337
 92.0  38.2  42.9 -212.772806759
 92.1  38.3  43.0 -216.033579912
 92.1  38.4  43.1 -219.08215639
 92.2  38.5  43.2 -221.921878925
 92.2  38.5  43.3 -224.556134877
 92.3  38.6  43.4 -226.988337962
 92.3  38.7  43.5 -229.221912407
 92.4  38.8  43.6 -231.260279658
 92.4  38.9  43.7 -233.106847788
 92.5  39.0  43.8 -234.765003682
 92.5  39.1  43.9 -236.238108105
 92.5  39.2  44.0 -237.529493677
 92.6  39.3  44.1 -238.642465799
 92.6  39.3  44.2 -239.580306524
 92.7  39.4  44.3 -240.346281339
 92.7  39.5  44.4 -240.943648814
 92.8  39.6  44.5 -241.375673031
 92.8  39.7  44.6 -241.64563869
 92.9  39.8  44.7 -241.756868752
 92.9  39.9  44.8 -241.712744482
 93.0  40.0  44.9 -241.516727686
 93.0  40.1  45.0 -241.172384961
 93.0  40.1  45.1 -240.683413726
 93.1  40.2  45.2 -240.05366979
 93.1  40.3  45.3 -239.287196199
 93.2  40.4  45.4 -238.38825309
 93.2  40.5  45.5 -237.361348249
 93.3  40.6  45.6 -236.211268082
 93.3  40.7  45.7 -234.943108681
 93.4  40.8  45.8 -233.56230667
 93.4  40.9  45.9 -232.074669492
 93.5  40.9  46.0 -230.486404827
 93.5  41.0  46.1 -228.804148799
 93.5  41.1  46.2 -227.034992649
 93.6  41.2  46.3 -225.186507552
 93.6  41.3  46.4 -223.266767259
 93.7  41.4  46.5 -221.284368267
 93.7  41.5  46.6 -219.248447206
 93.8  41.6  46.7 -217.168695173
 93.8  41.7  46.8 -215.055368756
 93.9  41.8  46.9 -212.919297475
 93.9  41.8  47.0 -210.771887442
 94.0  41.9  47.1 -208.625121022
 94.0  42.0  47.2 -206.491552315
 94.0  42.1  47.3 -204.384298305
 94.1  42.2  47.4 -202.317025557
 94.1  42.3  47.5 -200.30393235
 94.2  42.4  47.6 -198.359726187
 94.2  42.5  47.7 -196.499596637
 94.3  42.6  47.8 -194.739183505
 94.3  42.6  47.9 -193.094540351
 94.4  42.7  48.0 -191.582093417
 94.4  42.8  48.1 -190.218596047
 94.5  42.9  48.2 -189.021078719
 94.5  43.0  48.3 -188.006794854
 94.5  43.1  48.4 -187.193162555
 94.6  43.2  48.5 -186.597702531
 94.6  43.3  48.6 -186.237972408
 94.7  43.4  48.7 -186.13149773
 94.7  43.4  48.8 -186.295699929
 94.8  43.5  48.9 -186.747821596
 94.8  43.6  49.0 -187.504849404
 94.9  43.7  49.1 -188.583435043
 94.9  43.8  49.2 -189.999814567
 95.0  43.9  49.3 -191.769726553
 95.0  44.0  49.4 -193.908329508
 95.0  44.1  49.5 -196.43011894
 95.1  44.2  49.6 -199.348844563
 95.1  44.2  49.7 -202.677428075
 95.2  44.3  49.8 -206.427881982
 95.2  44.4  49.9 -210.611229922
 95.3  44.5  50.0 -215.237428957
