x lower upper
-145.0 -21.3  21.3
-144.0 -21.0  21.5
-143.0 -20.9  21.7
-142.0 -20.7  21.9
-141.0 -20.5  22.2
-140.0 -20.3  22.4
-139.0 -20.0  22.8
-138.0 -19.8  23.0
-137.0 -19.6  23.3
-136.0 -19.4  23.5
-135.0 -19.2  23.7
-134.0 -19.0  23.9
-133.0 -18.7  24.1
-132.0 -18.4  24.3
-131.0 -18.1  24.5
-130.0 -17.8  24.7
-129.0 -17.5  24.9
-128.0 -17.1  25.2
-127.0 -16.9  25.4
-126.0 -16.6  25.6
-125.0 -16.4  25.9
-124.0 -16.1  26.1
-123.0 -15.9  26.3
-122.0 -15.7  26.5
-121.0 -15.5  26.7
-120.0 -15.3  26.9
-119.0 -15.1  27.0
-118.0 -14.8  27.1
-117.0 -14.5  27.3
-116.0 -14.3  27.4
-115.0 -14.1  27.5
-114.0 -13.9  27.6
-113.0 -13.7  27.6
-112.0 -13.5  27.6
-111.0 -13.3  27.7
-110.0 -13.2  27.7
-109.0 -13.0  27.7
-108.0 -12.8  27.8
-107.0 -12.7  27.8
-106.0 -12.5  28.0
-105.0 -12.3  28.1
-104.0 -12.2  28.2
-103.0 -12.0  28.4
-102.0 -11.9  28.5
-101.0 -11.7  28.6
-100.0 -11.6  28.7
-99.0 -11.4  28.7
-98.0 -11.3  28.7
-97.0 -11.1  28.6
-96.0 -11.0  28.5
-95.0 -10.7  28.4
-94.0 -10.6  28.2
-93.0 -10.5  28.0
-92.0 -10.4  27.7
-91.0 -10.3  27.4
-90.0 -10.2  27.1
-89.0 -10.2  26.6
-88.0 -10.2  26.2
-87.0 -10.2  25.7
-86.0 -10.3  25.3
-85.0 -10.6  24.8
-84.0 -11.0  24.4
-83.0 -11.7  24.0
-82.0 -12.7  23.6
-81.0 -13.3  23.0
-80.0 -13.7  21.9
-79.0 -14.0  20.9
-78.0 -14.2  20.2
-77.0 -14.3  19.7
-76.0 -14.5  19.2
-75.0 -14.7  18.7
-74.0 -14.8  18.1
-73.0 -15.1  16.2
-72.0 -16.2  15.1
-71.0 -18.1  14.8
-70.0 -18.7  14.7
-69.0 -19.2  14.5
-68.0 -19.7  14.3
-67.0 -20.2  14.2
-66.0 -20.9  14.0
-65.0 -21.9  13.7
-64.0 -23.0  13.3
-63.0 -23.6  12.7
-62.0 -24.0  11.7
-61.0 -24.4  11.0
-60.0 -24.8  10.6
-59.0 -25.3  10.3
-58.0 -25.7  10.2
-57.0 -26.2  10.2
-56.0 -26.6  10.2
-55.0 -27.1  10.2
-54.0 -27.4  10.3
-53.0 -27.7  10.4
-52.0 -28.0  10.5
-51.0 -28.2  10.6
-50.0 -28.4  10.7
-49.0 -28.5  11.0
-48.0 -28.6  11.1
-47.0 -28.7  11.3
-46.0 -28.7  11.4
-45.0 -28.7  11.6
-44.0 -28.6  11.7
-43.0 -28.5  11.9
-42.0 -28.4  12.0
-41.0 -28.2  12.2
-40.0 -28.1  12.3
-39.0 -28.0  12.5
-38.0 -27.8  12.7
-37.0 -27.8  12.8
-36.0 -27.7  13.0
-35.0 -27.7  13.2
-34.0 -27.7  13.3
-33.0 -27.6  13.5
-32.0 -27.6  13.7
-31.0 -27.6  13.9
-30.0 -27.5  14.1
-29.0 -27.4  14.3
-28.0 -27.3  14.5
-27.0 -27.1  14.8
-26.0 -27.0  15.1
-25.0 -26.9  15.3
-24.0 -26.7  15.5
-23.0 -26.5  15.7
-22.0 -26.3  15.9
-21.0 -26.1  16.1
-20.0 -25.9  16.4
-19.0 -25.6  16.6
-18.0 -25.4  16.9
-17.0 -25.2  17.1
-16.0 -24.9  17.5
-15.0 -24.7  17.8
-14.0 -24.5  18.1
-13.0 -24.3  18.4
-12.0 -24.1  18.7
-11.0 -23.9  19.0
-10.0 -23.7  19.2
-9.0 -23.5  19.4
-8.0 -23.3  19.6
-7.0 -23.0  19.8
-6.0 -22.8  20.0
-5.0 -22.4  20.3
-4.0 -22.2  20.5
-3.0 -21.9  20.7
-2.0 -21.7  20.9
-1.0 -21.5  21.0
 0.0 -21.3  21.3
 1.0 -21.0  21.5
 2.0 -20.9  21.7
 3.0 -20.7  21.9
 4.0 -20.5  22.2
 5.0 -20.3  22.4
 6.0 -20.0  22.8
 7.0 -19.8  23.0
 8.0 -19.6  23.3
 9.0 -19.4  23.5
 10.0 -19.2  23.7
 11.0 -19.0  23.9
 12.0 -18.7  24.1
 13.0 -18.4  24.3
 14.0 -18.1  24.5
 15.0 -17.8  24.7
 16.0 -17.5  24.9
 17.0 -17.1  25.2
 18.0 -16.9  25.4
 19.0 -16.6  25.6
 20.0 -16.4  25.9
 21.0 -16.1  26.1
 22.0 -15.9  26.3
 23.0 -15.7  26.5
 24.0 -15.5  26.7
 25.0 -15.3  26.9
 26.0 -15.1  27.0
 27.0 -14.8  27.1
 28.0 -14.5  27.3
 29.0 -14.3  27.4
 30.0 -14.1  27.5
 31.0 -13.9  27.6
 32.0 -13.7  27.6
 33.0 -13.5  27.6
 34.0 -13.3  27.7
 35.0 -13.2  27.7
 36.0 -13.0  27.7
 37.0 -12.8  27.8
 38.0 -12.7  27.8
 39.0 -12.5  28.0
 40.0 -12.3  28.1
 41.0 -12.2  28.2
 42.0 -12.0  28.4
 43.0 -11.9  28.5
 44.0 -11.7  28.6
 45.0 -11.6  28.7
 46.0 -11.4  28.7
 47.0 -11.3  28.7
 48.0 -11.1  28.6
 49.0 -11.0  28.5
 50.0 -10.7  28.4
 51.0 -10.6  28.2
 52.0 -10.5  28.0
 53.0 -10.4  27.7
 54.0 -10.3  27.4
 55.0 -10.2  27.1
 56.0 -10.2  26.6
 57.0 -10.2  26.2
 58.0 -10.2  25.7
 59.0 -10.3  25.3
 60.0 -10.6  24.8
 61.0 -11.0  24.4
 62.0 -11.7  24.0
 63.0 -12.7  23.6
 64.0 -13.3  23.0
 65.0 -13.7  21.9
 66.0 -14.0  20.9
 67.0 -14.2  20.2
 68.0 -14.3  19.7
 69.0 -14.5  19.2
 70.0 -14.7  18.7
 71.0 -14.8  18.1
 72.0 -15.1  16.2
 73.0 -16.2  15.1
 74.0 -18.1  14.8
 75.0 -18.7  14.7
 76.0 -19.2  14.5
 77.0 -19.7  14.3
 78.0 -20.2  14.2
 79.0 -20.9  14.0
 80.0 -21.9  13.7
 81.0 -23.0  13.3
 82.0 -23.6  12.7
 83.0 -24.0  11.7
 84.0 -24.4  11.0
 85.0 -24.8  10.6
 86.0 -25.3  10.3
 87.0 -25.7  10.2
 88.0 -26.2  10.2
 89.0 -26.6  10.2
 90.0 -27.1  10.2
 91.0 -27.4  10.3
 92.0 -27.7  10.4
 93.0 -28.0  10.5
 94.0 -28.2  10.6
 95.0 -28.4  10.7
 96.0 -28.5  11.0
 97.0 -28.6  11.1
 98.0 -28.7  11.3
 99.0 -28.7  11.4
 100.0 -28.7  11.6
 101.0 -28.6  11.7
 102.0 -28.5  11.9
 103.0 -28.4  12.0
 104.0 -28.2  12.2
 105.0 -28.1  12.3
 106.0 -28.0  12.5
 107.0 -27.8  12.7
 108.0 -27.8  12.8
 109.0 -27.7  13.0
 110.0 -27.7  13.2
 111.0 -27.7  13.3
 112.0 -27.6  13.5
 113.0 -27.6  13.7
 114.0 -27.6  13.9
 115.0 -27.5  14.1
 116.0 -27.4  14.3
 117.0 -27.3  14.5
 118.0 -27.1  14.8
 119.0 -27.0  15.1
 120.0 -26.9  15.3
 121.0 -26.7  15.5
 122.0 -26.5  15.7
 123.0 -26.3  15.9
 124.0 -26.1  16.1
 125.0 -25.9  16.4
 126.0 -25.6  16.6
 127.0 -25.4  16.9
 128.0 -25.2  17.1
 129.0 -24.9  17.5
 130.0 -24.7  17.8
 131.0 -24.5  18.1
 132.0 -24.3  18.4
 133.0 -24.1  18.7
 134.0 -23.9  19.0
 135.0 -23.7  19.2
 136.0 -23.5  19.4
 137.0 -23.3  19.6
 138.0 -23.0  19.8
 139.0 -22.8  20.0
 140.0 -22.4  20.3
 141.0 -22.2  20.5
 142.0 -21.9  20.7
 143.0 -21.7  20.9
 144.0 -21.5  21.0
 145.0 -21.3  21.3
