x lower upper
-145.0 -19.3  19.3
-144.0 -19.1  19.5
-143.0 -19.0  19.7
-142.0 -18.8  19.9
-141.0 -18.6  20.1
-140.0 -18.5  20.4
-139.0 -18.3  20.6
-138.0 -18.1  20.9
-137.0 -17.9  21.2
-136.0 -17.7  21.5
-135.0 -17.4  21.8
-134.0 -17.2  22.1
-133.0 -16.8  22.5
-132.0 -16.5  22.8
-131.0 -16.2  23.0
-130.0 -15.9  23.2
-129.0 -15.5  23.4
-128.0 -15.2  23.6
-127.0 -14.9  23.7
-126.0 -14.7  23.9
-125.0 -14.4  24.0
-124.0 -14.2  24.2
-123.0 -14.0  24.3
-122.0 -13.9  24.5
-121.0 -13.7  24.6
-120.0 -13.5  24.8
-119.0 -13.4  25.0
-118.0 -13.3  25.2
-117.0 -13.1  25.4
-116.0 -13.0  25.7
-115.0 -12.9  25.9
-114.0 -12.7  26.2
-113.0 -12.5  26.5
-112.0 -12.4  26.8
-111.0 -12.2  27.1
-110.0 -11.9  27.4
-109.0 -11.7  27.6
-108.0 -11.4  27.8
-107.0 -11.2  27.9
-106.0 -11.0  27.9
-105.0 -10.7  28.0
-104.0 -10.5  28.0
-103.0 -10.3  28.0
-102.0 -10.2  27.9
-101.0 -10.1  27.9
-100.0 -9.9  27.8
-99.0 -9.9  27.7
-98.0 -9.8  27.5
-97.0 -9.8  27.4
-96.0 -9.7  27.2
-95.0 -9.7  27.0
-94.0 -9.8  26.8
-93.0 -9.8  26.6
-92.0 -9.8  26.4
-91.0 -9.9  26.1
-90.0 -10.0  25.8
-89.0 -10.1  25.5
-88.0 -10.2  25.1
-87.0 -10.4  24.7
-86.0 -10.4  24.4
-85.0 -10.6  23.9
-84.0 -10.8  23.4
-83.0 -11.1  22.8
-82.0 -11.4  22.2
-81.0 -11.6  21.6
-80.0 -11.9  20.9
-79.0 -12.3  20.1
-78.0 -12.6  19.5
-77.0 -13.1  18.7
-76.0 -13.6  18.0
-75.0 -14.1  17.3
-74.0 -14.7  16.6
-73.0 -15.3  15.9
-72.0 -15.9  15.3
-71.0 -16.6  14.7
-70.0 -17.3  14.1
-69.0 -18.0  13.6
-68.0 -18.7  13.1
-67.0 -19.5  12.6
-66.0 -20.1  12.3
-65.0 -20.9  11.9
-64.0 -21.6  11.6
-63.0 -22.2  11.4
-62.0 -22.8  11.1
-61.0 -23.4  10.8
-60.0 -23.9  10.6
-59.0 -24.4  10.4
-58.0 -24.7  10.4
-57.0 -25.1  10.2
-56.0 -25.5  10.1
-55.0 -25.8  10.0
-54.0 -26.1  9.9
-53.0 -26.4  9.8
-52.0 -26.6  9.8
-51.0 -26.8  9.8
-50.0 -27.0  9.7
-49.0 -27.2  9.7
-48.0 -27.4  9.8
-47.0 -27.5  9.8
-46.0 -27.7  9.9
-45.0 -27.8  9.9
-44.0 -27.9  10.1
-43.0 -27.9  10.2
-42.0 -28.0  10.3
-41.0 -28.0  10.5
-40.0 -28.0  10.7
-39.0 -27.9  11.0
-38.0 -27.9  11.2
-37.0 -27.8  11.4
-36.0 -27.6  11.7
-35.0 -27.4  11.9
-34.0 -27.1  12.2
-33.0 -26.8  12.4
-32.0 -26.5  12.5
-31.0 -26.2  12.7
-30.0 -25.9  12.9
-29.0 -25.7  13.0
-28.0 -25.4  13.1
-27.0 -25.2  13.3
-26.0 -25.0  13.4
-25.0 -24.8  13.5
-24.0 -24.6  13.7
-23.0 -24.5  13.9
-22.0 -24.3  14.0
-21.0 -24.2  14.2
-20.0 -24.0  14.4
-19.0 -23.9  14.7
-18.0 -23.7  14.9
-17.0 -23.6  15.2
-16.0 -23.4  15.5
-15.0 -23.2  15.9
-14.0 -23.0  16.2
-13.0 -22.8  16.5
-12.0 -22.5  16.8
-11.0 -22.1  17.2
-10.0 -21.8  17.4
-9.0 -21.5  17.7
-8.0 -21.2  17.9
-7.0 -20.9  18.1
-6.0 -20.6  18.3
-5.0 -20.4  18.5
-4.0 -20.1  18.6
-3.0 -19.9  18.8
-2.0 -19.7  19.0
-1.0 -19.5  19.1
 0.0 -19.3  19.3
 1.0 -19.1  19.5
 2.0 -19.0  19.7
 3.0 -18.8  19.9
 4.0 -18.6  20.1
 5.0 -18.5  20.4
 6.0 -18.3  20.6
 7.0 -18.1  20.9
 8.0 -17.9  21.2
 9.0 -17.7  21.5
 10.0 -17.4  21.8
 11.0 -17.2  22.1
 12.0 -16.8  22.5
 13.0 -16.5  22.8
 14.0 -16.2  23.0
 15.0 -15.9  23.2
 16.0 -15.5  23.4
 17.0 -15.2  23.6
 18.0 -14.9  23.7
 19.0 -14.7  23.9
 20.0 -14.4  24.0
 21.0 -14.2  24.2
 22.0 -14.0  24.3
 23.0 -13.9  24.5
 24.0 -13.7  24.6
 25.0 -13.5  24.8
 26.0 -13.4  25.0
 27.0 -13.3  25.2
 28.0 -13.1  25.4
 29.0 -13.0  25.7
 30.0 -12.9  25.9
 31.0 -12.7  26.2
 32.0 -12.5  26.5
 33.0 -12.4  26.8
 34.0 -12.2  27.1
 35.0 -11.9  27.4
 36.0 -11.7  27.6
 37.0 -11.4  27.8
 38.0 -11.2  27.9
 39.0 -11.0  27.9
 40.0 -10.7  28.0
 41.0 -10.5  28.0
 42.0 -10.3  28.0
 43.0 -10.2  27.9
 44.0 -10.1  27.9
 45.0 -9.9  27.8
 46.0 -9.9  27.7
 47.0 -9.8  27.5
 48.0 -9.8  27.4
 49.0 -9.7  27.2
 50.0 -9.7  27.0
 51.0 -9.8  26.8
 52.0 -9.8  26.6
 53.0 -9.8  26.4
 54.0 -9.9  26.1
 55.0 -10.0  25.8
 56.0 -10.1  25.5
 57.0 -10.2  25.1
 58.0 -10.4  24.7
 59.0 -10.4  24.4
 60.0 -10.6  23.9
 61.0 -10.8  23.4
 62.0 -11.1  22.8
 63.0 -11.4  22.2
 64.0 -11.6  21.6
 65.0 -11.9  20.9
 66.0 -12.3  20.1
 67.0 -12.6  19.5
 68.0 -13.1  18.7
 69.0 -13.6  18.0
 70.0 -14.1  17.3
 71.0 -14.7  16.6
 72.0 -15.3  15.9
 73.0 -15.9  15.3
 74.0 -16.6  14.7
 75.0 -17.3  14.1
 76.0 -18.0  13.6
 77.0 -18.7  13.1
 78.0 -19.5  12.6
 79.0 -20.1  12.3
 80.0 -20.9  11.9
 81.0 -21.6  11.6
 82.0 -22.2  11.4
 83.0 -22.8  11.1
 84.0 -23.4  10.8
 85.0 -23.9  10.6
 86.0 -24.4  10.4
 87.0 -24.7  10.4
 88.0 -25.1  10.2
 89.0 -25.5  10.1
 90.0 -25.8  10.0
 91.0 -26.1  9.9
 92.0 -26.4  9.8
 93.0 -26.6  9.8
 94.0 -26.8  9.8
 95.0 -27.0  9.7
 96.0 -27.2  9.7
 97.0 -27.4  9.8
 98.0 -27.5  9.8
 99.0 -27.7  9.9
 100.0 -27.8  9.9
 101.0 -27.9  10.1
 102.0 -27.9  10.2
 103.0 -28.0  10.3
 104.0 -28.0  10.5
 105.0 -28.0  10.7
 106.0 -27.9  11.0
 107.0 -27.9  11.2
 108.0 -27.8  11.4
 109.0 -27.6  11.7
 110.0 -27.4  11.9
 111.0 -27.1  12.2
 112.0 -26.8  12.4
 113.0 -26.5  12.5
 114.0 -26.2  12.7
 115.0 -25.9  12.9
 116.0 -25.7  13.0
 117.0 -25.4  13.1
 118.0 -25.2  13.3
 119.0 -25.0  13.4
 120.0 -24.8  13.5
 121.0 -24.6  13.7
 122.0 -24.5  13.9
 123.0 -24.3  14.0
 124.0 -24.2  14.2
 125.0 -24.0  14.4
 126.0 -23.9  14.7
 127.0 -23.7  14.9
 128.0 -23.6  15.2
 129.0 -23.4  15.5
 130.0 -23.2  15.9
 131.0 -23.0  16.2
 132.0 -22.8  16.5
 133.0 -22.5  16.8
 134.0 -22.1  17.2
 135.0 -21.8  17.4
 136.0 -21.5  17.7
 137.0 -21.2  17.9
 138.0 -20.9  18.1
 139.0 -20.6  18.3
 140.0 -20.4  18.5
 141.0 -20.1  18.6
 142.0 -19.9  18.8
 143.0 -19.7  19.0
 144.0 -19.5  19.1
 145.0 -19.3  19.3
