x z_lower ED_lower z_upper ED_upper
-145.0 -19.2  567.7  19.2  567.7
-144.0 -19.0  577.5  19.3  557.1
-143.0 -18.9  586.4  19.5  546.2
-142.0 -18.7  594.0  19.7  535.4
-141.0 -18.6  600.3  19.9  525.0
-140.0 -18.5  605.1  20.1  515.5
-139.0 -18.3  608.4  20.4  507.4
-138.0 -18.2  610.3  20.6  501.1
-137.0 -18.0  610.9  20.9  496.7
-136.0 -17.9  610.3  21.1  494.6
-135.0 -17.7  608.9  21.4  494.7
-134.0 -17.5  606.8  21.7  496.8
-133.0 -17.2  604.3  22.0  500.6
-132.0 -17.0  601.8  22.3  505.8
-131.0 -16.8  599.4  22.5  511.8
-130.0 -16.6  597.5  22.7  518.0
-129.0 -16.3  596.1  22.8  524.0
-128.0 -16.1  595.3  23.0  529.2
-127.0 -15.9  595.0  23.1  533.2
-126.0 -15.6  595.1  23.3  535.7
-125.0 -15.4  595.4  23.4  536.3
-124.0 -15.2  595.6  23.5  535.0
-123.0 -15.0  595.3  23.6  531.5
-122.0 -14.9  594.4  23.7  525.9
-121.0 -14.7  592.5  23.8  518.4
-120.0 -14.6  589.4  23.9  509.0
-119.0 -14.4  585.0  24.1  498.1
-118.0 -14.3  579.1  24.2  486.0
-117.0 -14.2  571.7  24.4  473.1
-116.0 -14.0  562.9  24.6  460.0
-115.0 -13.9  552.6  24.8  447.3
-114.0 -13.7  541.1  25.1  435.6
-113.0 -13.5  528.6  25.4  425.5
-112.0 -13.3  515.5  25.7  417.7
-111.0 -13.1  502.3  26.0  412.4
-110.0 -12.7  489.4  26.4  409.7
-109.0 -12.4  477.7  26.7  409.6
-108.0 -12.1  467.6  27.0  411.3
-107.0 -11.7  459.7  27.2  414.4
-106.0 -11.4  454.6  27.4  418.1
-105.0 -11.0  452.3  27.5  421.8
-104.0 -10.7  452.6  27.5  424.9
-103.0 -10.4  455.1  27.6  427.1
-102.0 -10.1  459.4  27.5  427.9
-101.0 -9.9  464.6  27.5  427.2
-100.0 -9.8  470.4  27.4  424.7
-99.0 -9.7  476.1  27.3  420.5
-98.0 -9.6  481.3  27.2  414.5
-97.0 -9.6  485.5  27.0  406.8
-96.0 -9.5  488.5  26.8  397.5
-95.0 -9.6  490.0  26.6  386.9
-94.0 -9.6  489.7  26.3  375.1
-93.0 -9.7  487.6  26.1  362.6
-92.0 -9.8  483.4  25.8  349.7
-91.0 -9.9  477.3  25.4  336.7
-90.0 -10.0  469.2  25.1  324.1
-89.0 -10.2  459.2  24.7  312.1
-88.0 -10.4  447.3  24.2  301.3
-87.0 -10.6  433.9  23.8  291.8
-86.0 -10.7  419.1  23.4  283.9
-85.0 -11.0  403.3  22.9  277.7
-84.0 -11.4  386.7  22.5  273.1
-83.0 -11.8  370.0  22.0  270.0
-82.0 -12.2  353.4  21.5  268.2
-81.0 -12.6  337.6  21.1  267.4
-80.0 -13.1  323.1  20.6  267.3
-79.0 -13.7  310.2  20.1  267.7
-78.0 -14.2  299.3  19.7  268.4
-77.0 -14.8  290.6  19.3  269.1
-76.0 -15.4  283.9  18.8  269.9
-75.0 -15.9  279.1  18.4  270.6
-74.0 -16.4  275.8  17.9  271.3
-73.0 -17.0  273.6  17.4  272.3
-72.0 -17.4  272.3  17.0  273.6
-71.0 -17.9  271.3  16.4  275.8
-70.0 -18.4  270.6  15.9  279.1
-69.0 -18.8  269.9  15.4  283.9
-68.0 -19.3  269.1  14.8  290.6
-67.0 -19.7  268.4  14.2  299.3
-66.0 -20.1  267.7  13.7  310.2
-65.0 -20.6  267.3  13.1  323.1
-64.0 -21.1  267.4  12.6  337.6
-63.0 -21.5  268.2  12.2  353.4
-62.0 -22.0  270.0  11.8  370.0
-61.0 -22.5  273.1  11.4  386.7
-60.0 -22.9  277.7  11.0  403.3
-59.0 -23.4  283.9  10.7  419.1
-58.0 -23.8  291.8  10.6  433.9
-57.0 -24.2  301.3  10.4  447.3
-56.0 -24.7  312.1  10.2  459.2
-55.0 -25.1  324.1  10.0  469.2
-54.0 -25.4  336.7  9.9  477.3
-53.0 -25.8  349.7  9.8  483.4
-52.0 -26.1  362.6  9.7  487.6
-51.0 -26.3  375.1  9.6  489.7
-50.0 -26.6  386.9  9.6  490.0
-49.0 -26.8  397.5  9.5  488.5
-48.0 -27.0  406.8  9.6  485.5
-47.0 -27.2  414.5  9.6  481.3
-46.0 -27.3  420.5  9.7  476.1
-45.0 -27.4  424.7  9.8  470.4
-44.0 -27.5  427.2  9.9  464.6
-43.0 -27.5  427.9  10.1  459.4
-42.0 -27.6  427.1  10.4  455.1
-41.0 -27.5  424.9  10.7  452.6
-40.0 -27.5  421.8  11.0  452.3
-39.0 -27.4  418.1  11.4  454.6
-38.0 -27.2  414.4  11.7  459.7
-37.0 -27.0  411.3  12.1  467.6
-36.0 -26.7  409.6  12.4  477.7
-35.0 -26.4  409.7  12.7  489.4
-34.0 -26.0  412.4  13.1  502.3
-33.0 -25.7  417.7  13.3  515.5
-32.0 -25.4  425.5  13.5  528.6
-31.0 -25.1  435.6  13.7  541.1
-30.0 -24.8  447.3  13.9  552.6
-29.0 -24.6  460.0  14.0  562.9
-28.0 -24.4  473.1  14.2  571.7
-27.0 -24.2  486.0  14.3  579.1
-26.0 -24.1  498.1  14.4  585.0
-25.0 -23.9  509.0  14.6  589.4
-24.0 -23.8  518.4  14.7  592.5
-23.0 -23.7  525.9  14.9  594.4
-22.0 -23.6  531.5  15.0  595.3
-21.0 -23.5  535.0  15.2  595.6
-20.0 -23.4  536.3  15.4  595.4
-19.0 -23.3  535.7  15.6  595.1
-18.0 -23.1  533.2  15.9  595.0
-17.0 -23.0  529.2  16.1  595.3
-16.0 -22.8  524.0  16.3  596.1
-15.0 -22.7  518.0  16.6  597.5
-14.0 -22.5  511.8  16.8  599.4
-13.0 -22.3  505.8  17.0  601.8
-12.0 -22.0  500.6  17.2  604.3
-11.0 -21.7  496.8  17.5  606.8
-10.0 -21.4  494.7  17.7  608.9
-9.0 -21.1  494.6  17.9  610.3
-8.0 -20.9  496.7  18.0  610.9
-7.0 -20.6  501.1  18.2  610.3
-6.0 -20.4  507.4  18.3  608.4
-5.0 -20.1  515.5  18.5  605.1
-4.0 -19.9  525.0  18.6  600.3
-3.0 -19.7  535.4  18.7  594.0
-2.0 -19.5  546.2  18.9  586.4
-1.0 -19.3  557.1  19.0  577.5
 0.0 -19.2  567.7  19.2  567.7
 1.0 -19.0  577.5  19.3  557.1
 2.0 -18.9  586.4  19.5  546.2
 3.0 -18.7  594.0  19.7  535.4
 4.0 -18.6  600.3  19.9  525.0
 5.0 -18.5  605.1  20.1  515.5
 6.0 -18.3  608.4  20.4  507.4
 7.0 -18.2  610.3  20.6  501.1
 8.0 -18.0  610.9  20.9  496.7
 9.0 -17.9  610.3  21.1  494.6
 10.0 -17.7  608.9  21.4  494.7
 11.0 -17.5  606.8  21.7  496.8
 12.0 -17.2  604.3  22.0  500.6
 13.0 -17.0  601.8  22.3  505.8
 14.0 -16.8  599.4  22.5  511.8
 15.0 -16.6  597.5  22.7  518.0
 16.0 -16.3  596.1  22.8  524.0
 17.0 -16.1  595.3  23.0  529.2
 18.0 -15.9  595.0  23.1  533.2
 19.0 -15.6  595.1  23.3  535.7
 20.0 -15.4  595.4  23.4  536.3
 21.0 -15.2  595.6  23.5  535.0
 22.0 -15.0  595.3  23.6  531.5
 23.0 -14.9  594.4  23.7  525.9
 24.0 -14.7  592.5  23.8  518.4
 25.0 -14.6  589.4  23.9  509.0
 26.0 -14.4  585.0  24.1  498.1
 27.0 -14.3  579.1  24.2  486.0
 28.0 -14.2  571.7  24.4  473.1
 29.0 -14.0  562.9  24.6  460.0
 30.0 -13.9  552.6  24.8  447.3
 31.0 -13.7  541.1  25.1  435.6
 32.0 -13.5  528.6  25.4  425.5
 33.0 -13.3  515.5  25.7  417.7
 34.0 -13.1  502.3  26.0  412.4
 35.0 -12.7  489.4  26.4  409.7
 36.0 -12.4  477.7  26.7  409.6
 37.0 -12.1  467.6  27.0  411.3
 38.0 -11.7  459.7  27.2  414.4
 39.0 -11.4  454.6  27.4  418.1
 40.0 -11.0  452.3  27.5  421.8
 41.0 -10.7  452.6  27.5  424.9
 42.0 -10.4  455.1  27.6  427.1
 43.0 -10.1  459.4  27.5  427.9
 44.0 -9.9  464.6  27.5  427.2
 45.0 -9.8  470.4  27.4  424.7
 46.0 -9.7  476.1  27.3  420.5
 47.0 -9.6  481.3  27.2  414.5
 48.0 -9.6  485.5  27.0  406.8
 49.0 -9.5  488.5  26.8  397.5
 50.0 -9.6  490.0  26.6  386.9
 51.0 -9.6  489.7  26.3  375.1
 52.0 -9.7  487.6  26.1  362.6
 53.0 -9.8  483.4  25.8  349.7
 54.0 -9.9  477.3  25.4  336.7
 55.0 -10.0  469.2  25.1  324.1
 56.0 -10.2  459.2  24.7  312.1
 57.0 -10.4  447.3  24.2  301.3
 58.0 -10.6  433.9  23.8  291.8
 59.0 -10.7  419.1  23.4  283.9
 60.0 -11.0  403.3  22.9  277.7
 61.0 -11.4  386.7  22.5  273.1
 62.0 -11.8  370.0  22.0  270.0
 63.0 -12.2  353.4  21.5  268.2
 64.0 -12.6  337.6  21.1  267.4
 65.0 -13.1  323.1  20.6  267.3
 66.0 -13.7  310.2  20.1  267.7
 67.0 -14.2  299.3  19.7  268.4
 68.0 -14.8  290.6  19.3  269.1
 69.0 -15.4  283.9  18.8  269.9
 70.0 -15.9  279.1  18.4  270.6
 71.0 -16.4  275.8  17.9  271.3
 72.0 -17.0  273.6  17.4  272.3
 73.0 -17.4  272.3  17.0  273.6
 74.0 -17.9  271.3  16.4  275.8
 75.0 -18.4  270.6  15.9  279.1
 76.0 -18.8  269.9  15.4  283.9
 77.0 -19.3  269.1  14.8  290.6
 78.0 -19.7  268.4  14.2  299.3
 79.0 -20.1  267.7  13.7  310.2
 80.0 -20.6  267.3  13.1  323.1
 81.0 -21.1  267.4  12.6  337.6
 82.0 -21.5  268.2  12.2  353.4
 83.0 -22.0  270.0  11.8  370.0
 84.0 -22.5  273.1  11.4  386.7
 85.0 -22.9  277.7  11.0  403.3
 86.0 -23.4  283.9  10.7  419.1
 87.0 -23.8  291.8  10.6  433.9
 88.0 -24.2  301.3  10.4  447.3
 89.0 -24.7  312.1  10.2  459.2
 90.0 -25.1  324.1  10.0  469.2
 91.0 -25.4  336.7  9.9  477.3
 92.0 -25.8  349.7  9.8  483.4
 93.0 -26.1  362.6  9.7  487.6
 94.0 -26.3  375.1  9.6  489.7
 95.0 -26.6  386.9  9.6  490.0
 96.0 -26.8  397.5  9.5  488.5
 97.0 -27.0  406.8  9.6  485.5
 98.0 -27.2  414.5  9.6  481.3
 99.0 -27.3  420.5  9.7  476.1
 100.0 -27.4  424.7  9.8  470.4
 101.0 -27.5  427.2  9.9  464.6
 102.0 -27.5  427.9  10.1  459.4
 103.0 -27.6  427.1  10.4  455.1
 104.0 -27.5  424.9  10.7  452.6
 105.0 -27.5  421.8  11.0  452.3
 106.0 -27.4  418.1  11.4  454.6
 107.0 -27.2  414.4  11.7  459.7
 108.0 -27.0  411.3  12.1  467.6
 109.0 -26.7  409.6  12.4  477.7
 110.0 -26.4  409.7  12.7  489.4
 111.0 -26.0  412.4  13.1  502.3
 112.0 -25.7  417.7  13.3  515.5
 113.0 -25.4  425.5  13.5  528.6
 114.0 -25.1  435.6  13.7  541.1
 115.0 -24.8  447.3  13.9  552.6
 116.0 -24.6  460.0  14.0  562.9
 117.0 -24.4  473.1  14.2  571.7
 118.0 -24.2  486.0  14.3  579.1
 119.0 -24.1  498.1  14.4  585.0
 120.0 -23.9  509.0  14.6  589.4
 121.0 -23.8  518.4  14.7  592.5
 122.0 -23.7  525.9  14.9  594.4
 123.0 -23.6  531.5  15.0  595.3
 124.0 -23.5  535.0  15.2  595.6
 125.0 -23.4  536.3  15.4  595.4
 126.0 -23.3  535.7  15.6  595.1
 127.0 -23.1  533.2  15.9  595.0
 128.0 -23.0  529.2  16.1  595.3
 129.0 -22.8  524.0  16.3  596.1
 130.0 -22.7  518.0  16.6  597.5
 131.0 -22.5  511.8  16.8  599.4
 132.0 -22.3  505.8  17.0  601.8
 133.0 -22.0  500.6  17.2  604.3
 134.0 -21.7  496.8  17.5  606.8
 135.0 -21.4  494.7  17.7  608.9
 136.0 -21.1  494.6  17.9  610.3
 137.0 -20.9  496.7  18.0  610.9
 138.0 -20.6  501.1  18.2  610.3
 139.0 -20.4  507.4  18.3  608.4
 140.0 -20.1  515.5  18.5  605.1
 141.0 -19.9  525.0  18.6  600.3
 142.0 -19.7  535.4  18.7  594.0
 143.0 -19.5  546.2  18.9  586.4
 144.0 -19.3  557.1  19.0  577.5
 145.0 -19.2  567.7  19.2  567.7
