x z dist ED
 49.7 -44.5 -50.0 -298.883225385
 49.8 -44.4 -49.9 -294.507397901
 49.8 -44.3 -49.8 -290.377814419
 49.9 -44.2 -49.7 -286.484031574
 49.9 -44.2 -49.6 -282.815374656
 50.0 -44.1 -49.5 -279.361001363
 50.0 -44.0 -49.4 -276.109962987
 50.0 -43.9 -49.3 -273.051262751
 50.1 -43.8 -49.2 -270.173911061
 50.1 -43.7 -49.1 -267.46697746
 50.2 -43.6 -49.0 -264.919639096
 50.2 -43.5 -48.9 -262.521225554
 50.3 -43.4 -48.8 -260.261259918
 50.3 -43.4 -48.7 -258.129495995
 50.4 -43.3 -48.6 -256.115951599
 50.4 -43.2 -48.5 -254.210937904
 50.5 -43.1 -48.4 -252.405084822
 50.5 -43.0 -48.3 -250.689362457
 50.5 -42.9 -48.2 -249.055098668
 50.6 -42.8 -48.1 -247.49399282
 50.6 -42.7 -48.0 -245.998125824
 50.7 -42.6 -47.9 -244.559966587
 50.7 -42.6 -47.8 -243.172375009
 50.8 -42.5 -47.7 -241.828601695
 50.8 -42.4 -47.6 -240.52228456
 50.9 -42.3 -47.5 -239.247442517
 50.9 -42.2 -47.4 -237.998466456
 51.0 -42.1 -47.3 -236.770107748
 51.0 -42.0 -47.2 -235.55746447
 51.0 -41.9 -47.1 -234.35596563
 51.1 -41.8 -47.0 -233.161353592
 51.1 -41.8 -46.9 -231.969664976
 51.2 -41.7 -46.8 -230.77721026
 51.2 -41.6 -46.7 -229.580552338
 51.3 -41.5 -46.6 -228.376484276
 51.3 -41.4 -46.5 -227.162006497
 51.4 -41.3 -46.4 -225.934303638
 51.4 -41.2 -46.3 -224.690721291
 51.5 -41.1 -46.2 -223.428742852
 51.5 -41.0 -46.1 -222.145966679
 51.5 -40.9 -46.0 -220.840083749
 51.6 -40.9 -45.9 -219.508856
 51.6 -40.8 -45.8 -218.150095513
 51.7 -40.7 -45.7 -216.761644699
 51.7 -40.6 -45.6 -215.341357607
 51.8 -40.5 -45.5 -213.887082495
 51.8 -40.4 -45.4 -212.396645744
 51.9 -40.3 -45.3 -210.867837225
 51.9 -40.2 -45.2 -209.298397158
 52.0 -40.1 -45.1 -207.686004556
 52.0 -40.1 -45.0 -206.028267245
 52.0 -40.0 -44.9 -204.322713527
 52.1 -39.9 -44.8 -202.566785448
 52.1 -39.8 -44.7 -200.757833698
 52.2 -39.7 -44.6 -198.893114089
 52.2 -39.6 -44.5 -196.969785602
 52.3 -39.5 -44.4 -194.984909919
 52.3 -39.4 -44.3 -192.935452422
 52.4 -39.3 -44.2 -190.818284541
 52.4 -39.3 -44.1 -188.630187407
 52.5 -39.2 -44.0 -186.367856703
 52.5 -39.1 -43.9 -184.027908621
 52.5 -39.0 -43.8 -181.606886824
 52.6 -38.9 -43.7 -179.10127031
 52.6 -38.8 -43.6 -176.507482065
 52.7 -38.7 -43.5 -173.821898403
 52.7 -38.6 -43.4 -171.040858869
 52.8 -38.5 -43.3 -168.160676612
 52.8 -38.5 -43.2 -165.177649104
 52.9 -38.4 -43.1 -162.088069121
 52.9 -38.3 -43.0 -158.888235857
 53.0 -38.2 -42.9 -155.574466103
 53.0 -38.1 -42.8 -152.143105386
 53.0 -38.0 -42.7 -148.590538992
 53.1 -37.9 -42.6 -144.913202791
 53.1 -37.8 -42.5 -141.107593806
 53.2 -37.7 -42.4 -137.170280463
 53.2 -37.7 -42.3 -133.097912474
 53.3 -37.6 -42.2 -128.887230309
 53.3 -37.5 -42.1 -124.535074235
 53.4 -37.4 -42.0 -120.038392899
 53.4 -37.3 -41.9 -115.394251434
 53.5 -37.2 -41.8 -110.599839105
 53.5 -37.1 -41.7 -105.652476486
 53.5 -37.0 -41.6 -100.549622192
 53.6 -36.9 -41.5 -95.2888791973
 53.6 -36.9 -41.4 -89.8680007527
 53.7 -36.8 -41.3 -84.2848959671
 53.7 -36.7 -41.2 -78.5376350795
 53.8 -36.6 -41.1 -72.6244544837
 53.8 -36.5 -41.0 -66.5437615595
 53.9 -36.4 -40.9 -60.2941393699
 53.9 -36.3 -40.8 -53.8743512905
 54.0 -36.2 -40.7 -47.2833456328
 54.0 -36.1 -40.6 -40.5202603304
 54.1 -36.1 -40.5 -33.5844277526
 54.1 -36.0 -40.4 -26.4753797099
 54.1 -35.9 -40.3 -19.1928527146
 54.2 -35.8 -40.2 -11.7367935539
 54.2 -35.7 -40.1 -4.10736523274
 54.3 -35.6 -40.0  3.69504666782
 54.3 -35.5 -39.9  11.66982717
 54.4 -35.4 -39.8  19.8161245829
 54.4 -35.3 -39.7  28.1328426611
 54.5 -35.3 -39.6  36.6186322187
 54.5 -35.2 -39.5  45.2718821888
 54.6 -35.1 -39.4  54.0907101273
 54.6 -35.0 -39.3  63.0729521718
 54.6 -34.9 -39.2  72.2161524742
 54.7 -34.8 -39.1  81.5175521399
 54.7 -34.7 -39.0  90.9740777151
 54.8 -34.6 -38.9  100.582329274
 54.8 -34.5 -38.8  110.338568174
 54.9 -34.5 -38.7  120.238704549
 54.9 -34.4 -38.6  130.278284628
 55.0 -34.3 -38.5  140.452477979
 55.0 -34.2 -38.4  150.756064774
 55.1 -34.1 -38.3  161.183423198
 55.1 -34.0 -38.2  171.72851712
 55.1 -33.9 -38.1  182.384884151
 55.2 -33.8 -38.0  193.145624239
 55.2 -33.7 -37.9  204.003388921
 55.3 -33.7 -37.8  214.950371399
 55.3 -33.6 -37.7  225.978297573
 55.4 -33.5 -37.6  237.078418189
 55.4 -33.4 -37.5  248.241502253
 55.5 -33.3 -37.4  259.457831856
 55.5 -33.2 -37.3  270.717198569
 55.6 -33.1 -37.2  282.008901542
 55.6 -33.0 -37.1  293.321747456
 55.6 -32.9 -37.0  304.644052456
 55.7 -32.8 -36.9  315.963646198
 55.7 -32.8 -36.8  327.267878129
 55.8 -32.7 -36.7  338.543626098
 55.8 -32.6 -36.6  349.777307413
 55.9 -32.5 -36.5  360.954892408
 55.9 -32.4 -36.4  372.061920617
 56.0 -32.3 -36.3  383.08351958
 56.0 -32.2 -36.2  394.004426359
 56.1 -32.1 -36.1  404.809011756
 56.1 -32.0 -36.0  415.481307266
 56.1 -32.0 -35.9  426.005034743
 56.2 -31.9 -35.8  436.363638752
 56.2 -31.8 -35.7  446.540321574
 56.3 -31.7 -35.6  456.518080777
 56.3 -31.6 -35.5  466.279749298
 56.4 -31.5 -35.4  475.808037907
 56.4 -31.4 -35.3  485.085579956
 56.5 -31.3 -35.2  494.094978256
 56.5 -31.2 -35.1  502.818853939
 56.6 -31.2 -35.0  511.239897126
 56.6 -31.1 -34.9  519.34091921
 56.6 -31.0 -34.8  527.104906551
 56.7 -30.9 -34.7  534.515075362
 56.7 -30.8 -34.6  541.554927557
 56.8 -30.7 -34.5  548.208307307
 56.8 -30.6 -34.4  554.459458049
 56.9 -30.5 -34.3  560.293079693
 56.9 -30.4 -34.2  565.694385739
 57.0 -30.4 -34.1  570.649160029
 57.0 -30.3 -34.0  575.143812847
 57.1 -30.2 -33.9  579.165436087
 57.1 -30.1 -33.8  582.70185719
 57.1 -30.0 -33.7  585.741691557
 57.2 -29.9 -33.6  588.274393173
 57.2 -29.8 -33.5  590.290303135
 57.3 -29.7 -33.4  591.780695822
 57.3 -29.6 -33.3  592.737822439
 57.4 -29.6 -33.2  593.154951668
 57.4 -29.5 -33.1  593.026407188
 57.5 -29.4 -33.0  592.347601827
 57.5 -29.3 -32.9  591.115068126
 57.6 -29.2 -32.8  589.326485107
 57.6 -29.1 -32.7  586.98070108
 57.6 -29.0 -32.6  584.077752293
 57.7 -28.9 -32.5  580.618877306
 57.7 -28.8 -32.4  576.606526949
 57.8 -28.8 -32.3  572.044369773
 57.8 -28.7 -32.2  566.937292902
 57.9 -28.6 -32.1  561.291398251
 57.9 -28.5 -32.0  555.113994057
 58.0 -28.4 -31.9  548.413581743
 58.0 -28.3 -31.8  541.199838111
 58.1 -28.2 -31.7  533.483592934
 58.1 -28.1 -31.6  525.276801992
 58.2 -28.0 -31.5  516.592515677
 58.2 -28.0 -31.4  507.444843256
 58.2 -27.9 -31.3  497.848912969
 58.3 -27.8 -31.2  487.820828102
 58.3 -27.7 -31.1  477.377619244
 58.4 -27.6 -31.0  466.537192927
 58.4 -27.5 -30.9  455.318276895
 58.5 -27.4 -30.8  443.740362241
 58.5 -27.3 -30.7  431.823642682
 58.6 -27.2 -30.6  419.588951268
 58.6 -27.2 -30.5  407.057694806
 58.7 -27.1 -30.4  394.25178633
 58.7 -27.0 -30.3  381.193575923
 58.7 -26.9 -30.2  367.905780231
 58.8 -26.8 -30.1  354.41141101
 58.8 -26.7 -30.0  340.733703045
 58.9 -26.6 -29.9  326.896041779
 58.9 -26.5 -29.8  312.921891024
 59.0 -26.4 -29.7  298.834721071
 59.0 -26.4 -29.6  284.657937563
 59.1 -26.3 -29.5  270.41481146
 59.1 -26.2 -29.4  256.128410424
 59.2 -26.1 -29.3  241.821531957
 59.2 -26.0 -29.2  227.516638586
 59.2 -25.9 -29.1  213.235795403
 59.3 -25.8 -29.0  199.000610243
 59.3 -25.7 -28.9  184.832176758
 59.4 -25.6 -28.8  170.75102064
 59.4 -25.5 -28.7  156.777049231
 59.5 -25.5 -28.6  142.929504705
 59.5 -25.4 -28.5  129.226921039
 59.6 -25.3 -28.4  115.687084906
 59.6 -25.2 -28.3  102.32700066
 59.7 -25.1 -28.2  89.162859502
 59.7 -25.0 -28.1  76.210012941
 59.7 -24.9 -28.0  63.482950597
 59.8 -24.8 -27.9  50.9952823998
 59.8 -24.7 -27.8  38.7597251909
 59.9 -24.7 -27.7  26.7880937199
 59.9 -24.6 -27.6  15.0912959986
 60.0 -24.5 -27.5  3.67933295204
 60.0 -24.4 -27.4 -7.43869771859
 60.1 -24.3 -27.3 -18.2545935715
 60.1 -24.2 -27.2 -28.7610354885
 60.2 -24.1 -27.1 -38.9515719217
 60.2 -24.0 -27.0 -48.8205994977
 60.2 -23.9 -26.9 -58.3633401705
 60.3 -23.9 -26.8 -67.5758151359
 60.3 -23.8 -26.7 -76.4548157347
 60.4 -23.7 -26.6 -84.9978715865
 60.4 -23.6 -26.5 -93.2032162105
 60.5 -23.5 -26.4 -101.069750399
 60.5 -23.4 -26.3 -108.597003622
 60.6 -23.3 -26.2 -115.785093748
 60.6 -23.2 -26.1 -122.634685365
 60.7 -23.1 -26.0 -129.146947007
 60.7 -23.1 -25.9 -135.323507574
 60.7 -23.0 -25.8 -141.166412242
 60.8 -22.9 -25.7 -146.678078166
 60.8 -22.8 -25.6 -151.861250256
 60.9 -22.7 -25.5 -156.718957324
 60.9 -22.6 -25.4 -161.254468871
 61.0 -22.5 -25.3 -165.471252785
 61.0 -22.4 -25.2 -169.37293422
 61.1 -22.3 -25.1 -172.963255889
 61.1 -22.3 -25.0 -176.246040009
 61.2 -22.2 -24.9 -179.225152128
 61.2 -22.1 -24.8 -181.90446702
 61.2 -22.0 -24.7 -184.287836844
 61.3 -21.9 -24.6 -186.37906173
 61.3 -21.8 -24.5 -188.181862949
 61.4 -21.7 -24.4 -189.699858779
 61.4 -21.6 -24.3 -190.93654319
 61.5 -21.5 -24.2 -191.895267435
 61.5 -21.5 -24.1 -192.579224596
 61.6 -21.4 -24.0 -192.991437159
 61.6 -21.3 -23.9 -193.134747608
 61.7 -21.2 -23.8 -193.011812074
 61.7 -21.1 -23.7 -192.625096992
 61.7 -21.0 -23.6 -191.976878748
 61.8 -20.9 -23.5 -191.069246247
 61.8 -20.8 -23.4 -189.904106325
 61.9 -20.7 -23.3 -188.483191913
 61.9 -20.7 -23.2 -186.808072835
 62.0 -20.6 -23.1 -184.880169109
 62.0 -20.5 -23.0 -182.700766613
 62.1 -20.4 -22.9 -180.271034942
 62.1 -20.3 -22.8 -177.592047301
 62.2 -20.2 -22.7 -174.664802227
 62.2 -20.1 -22.6 -171.490246971
 62.3 -20.0 -22.5 -168.069302312
 62.3 -19.9 -22.4 -164.40288861
 62.3 -19.9 -22.3 -160.491952869
 62.4 -19.8 -22.2 -156.337496603
 62.4 -19.7 -22.1 -151.940604262
 62.5 -19.6 -22.0 -147.30247201
 62.5 -19.5 -21.9 -142.424436633
 62.6 -19.4 -21.8 -137.30800433
 62.6 -19.3 -21.7 -131.954879202
 62.7 -19.2 -21.6 -126.366991198
 62.7 -19.1 -21.5 -120.54652332
 62.8 -19.1 -21.4 -114.495937896
 62.8 -19.0 -21.3 -108.218001707
 62.8 -18.9 -21.2 -101.715809804
 62.9 -18.8 -21.1 -94.9928078439
 62.9 -18.7 -21.0 -88.052812768
 63.0 -18.6 -20.9 -80.9000316964
 63.0 -18.5 -20.8 -73.539078893
 63.1 -18.4 -20.7 -65.9749906859
 63.1 -18.3 -20.6 -58.2132382383
 63.2 -18.2 -20.5 -50.2597380808
 63.2 -18.2 -20.4 -42.1208603317
 63.3 -18.1 -20.3 -33.803434546
 63.3 -18.0 -20.2 -25.314753152
 63.3 -17.9 -20.1 -16.6625724487
 63.4 -17.8 -20.0 -7.85511115194
 63.4 -17.7 -19.9  1.09895350393
 63.5 -17.6 -19.8  10.1904920915
 63.5 -17.5 -19.7  19.409931707
 63.6 -17.4 -19.6  28.7472670305
 63.6 -17.4 -19.5  38.1920736669
 63.7 -17.3 -19.4  47.7335236933
 63.7 -17.2 -19.3  57.3604033256
 63.8 -17.1 -19.2  67.0611326054
 63.8 -17.0 -19.1  76.8237869985
 63.8 -16.9 -19.0  86.6361207877
 63.9 -16.8 -18.9  96.4855921317
 63.9 -16.7 -18.8  106.359389656
 64.0 -16.6 -18.7  116.244460439
 64.0 -16.6 -18.6  126.127539235
 64.1 -16.5 -18.5  135.995178807
 64.1 -16.4 -18.4  145.833781187
 64.2 -16.3 -18.3  155.629629733
 64.2 -16.2 -18.2  165.368921811
 64.3 -16.1 -18.1  175.037801951
 64.3 -16.0 -18.0  184.622395323
 64.3 -15.9 -17.9  194.108841371
 64.4 -15.8 -17.8  203.483327471
 64.4 -15.8 -17.7  212.732122443
 64.5 -15.7 -17.6  221.841609796
 64.5 -15.6 -17.5  230.798320556
 64.6 -15.5 -17.4  239.588965554
 64.6 -15.4 -17.3  248.20046704
 64.7 -15.3 -17.2  256.619989521
 64.7 -15.2 -17.1  264.834969698
 64.8 -15.1 -17.0  272.833145418
 64.8 -15.0 -16.9  280.602583528
 64.8 -15.0 -16.8  288.131706573
 64.9 -14.9 -16.7  295.409318237
 64.9 -14.8 -16.6  302.42462749
 65.0 -14.7 -16.5  309.167271355
 65.0 -14.6 -16.4  315.627336276
 65.1 -14.5 -16.3  321.795378025
 65.1 -14.4 -16.2  327.66244014
 65.2 -14.3 -16.1  333.220070858
 65.2 -14.2 -16.0  338.460338533
 65.3 -14.2 -15.9  343.375845548
 65.3 -14.1 -15.8  347.959740699
 65.3 -14.0 -15.7  352.205730086
 65.4 -13.9 -15.6  356.108086516
 65.4 -13.8 -15.5  359.661657429
 65.5 -13.7 -15.4  362.861871405
 65.5 -13.6 -15.3  365.704743249
 65.6 -13.5 -15.2  368.186877719
 65.6 -13.4 -15.1  370.305471915
 65.7 -13.4 -15.0  372.058316399
 65.7 -13.3 -14.9  373.443795056
 65.8 -13.2 -14.8  374.460883777
 65.8 -13.1 -14.7  375.109147993
 65.8 -13.0 -14.6  375.388739112
 65.9 -12.9 -14.5  375.300389913
 65.9 -12.8 -14.4  374.845408943
 66.0 -12.7 -14.3  374.025673957
 66.0 -12.6 -14.2  372.843624462
 66.1 -12.6 -14.1  371.302253397
 66.1 -12.5 -14.0  369.405097996
 66.2 -12.4 -13.9  367.156229872
 66.2 -12.3 -13.8  364.560244363
 66.3 -12.2 -13.7  361.622249165
 66.3 -12.1 -13.6  358.347852293
 66.4 -12.0 -13.5  354.743149395
 66.4 -11.9 -13.4  350.81471044
 66.4 -11.8 -13.3  346.569565805
 66.5 -11.8 -13.2  342.015191778
 66.5 -11.7 -13.1  337.159495492
 66.6 -11.6 -13.0  332.01079931
 66.6 -11.5 -12.9  326.577824661
 66.7 -11.4 -12.8  320.869675337
 66.7 -11.3 -12.7  314.895820269
 66.8 -11.2 -12.6  308.666075767
 66.8 -11.1 -12.5  302.190587243
 66.9 -11.0 -12.4  295.47981042
 66.9 -10.9 -12.3  288.544492009
 66.9 -10.9 -12.2  281.395649886
 67.0 -10.8 -12.1  274.044552745
 67.0 -10.7 -12.0  266.502699253
 67.1 -10.6 -11.9  258.781796686
 67.1 -10.5 -11.8  250.893739088
 67.2 -10.4 -11.7  242.850584924
 67.2 -10.3 -11.6  234.664534268
 67.3 -10.2 -11.5  226.347905533
 67.3 -10.1 -11.4  217.913111751
 67.4 -10.1 -11.3  209.372636445
 67.4 -10.0 -11.2  200.739009103
 67.4 -9.9 -11.1  192.024780294
 67.5 -9.8 -11.0  183.242496469
 67.5 -9.7 -10.9  174.404674466
 67.6 -9.6 -10.8  165.523775797
 67.6 -9.5 -10.7  156.612180737
 67.7 -9.4 -10.6  147.682162296
 67.7 -9.3 -10.5  138.745860123
 67.8 -9.3 -10.4  129.815254415
 67.8 -9.2 -10.3  120.902139898
 67.9 -9.1 -10.2  112.018099959
 67.9 -9.0 -10.1  103.174481017
 67.9 -8.9 -10.0  94.3823672048
 68.0 -8.8 -9.9  85.6525554608
 68.0 -8.7 -9.8  76.9955311199
 68.1 -8.6 -9.7  68.4214440995
 68.1 -8.5 -9.6  59.9400857764
 68.2 -8.5 -9.5  51.560866655
 68.2 -8.4 -9.4  43.2927949264
 68.3 -8.3 -9.3  35.1444560199
 68.3 -8.2 -9.2  27.1239932451
 68.4 -8.1 -9.1  19.2390896261
 68.4 -8.0 -9.0  11.4969510237
 68.4 -7.9 -8.9  3.90429064183
 68.5 -7.8 -8.8 -3.53268499119
 68.5 -7.7 -8.7 -10.8082884782
 68.6 -7.7 -8.6 -17.9173623624
 68.6 -7.6 -8.5 -24.855288213
 68.7 -7.5 -8.4 -31.6179939166
 68.7 -7.4 -8.3 -38.2019591085
 68.8 -7.3 -8.2 -44.604218689
 68.8 -7.2 -8.1 -50.822364375
 68.9 -7.1 -8.0 -56.8545442477
 68.9 -7.0 -7.9 -62.6994602663
 68.9 -6.9 -7.8 -68.3563637268
 69.0 -6.9 -7.7 -73.8250486564
 69.0 -6.8 -7.6 -79.1058431433
 69.1 -6.7 -7.5 -84.199598614
 69.1 -6.6 -7.4 -89.1076770805
 69.2 -6.5 -7.3 -93.8319363916
 69.2 -6.4 -7.2 -98.3747135328
 69.3 -6.3 -7.1 -102.738806033
 69.3 -6.2 -7.0 -106.927451544
 69.4 -6.1 -6.9 -110.944305676
 69.4 -6.1 -6.8 -114.793418173
 69.4 -6.0 -6.7 -118.479207533
 69.5 -5.9 -6.6 -122.006434186
 69.5 -5.8 -6.5 -125.380172341
 69.6 -5.7 -6.4 -128.605780646
 69.6 -5.6 -6.3 -131.688871778
 69.7 -5.5 -6.2 -134.635281136
 69.7 -5.4 -6.1 -137.451034759
 69.8 -5.3 -6.0 -140.142316657
 69.8 -5.3 -5.9 -142.715435691
 69.9 -5.2 -5.8 -145.176792196
 69.9 -5.1 -5.7 -147.532844497
 69.9 -5.0 -5.6 -149.790075505
 70.0 -4.9 -5.5 -151.95495956
 70.0 -4.8 -5.4 -154.033929703
 70.1 -4.7 -5.3 -156.033345538
 70.1 -4.6 -5.2 -157.959461874
 70.2 -4.5 -5.1 -159.818398298
 70.2 -4.5 -5.0 -161.616109851
 70.3 -4.4 -4.9 -163.358358968
 70.3 -4.3 -4.8 -165.050688825
 70.4 -4.2 -4.7 -166.698398253
 70.4 -4.1 -4.6 -168.306518332
 70.5 -4.0 -4.5 -169.879790817
 70.5 -3.9 -4.4 -171.422648494
 70.5 -3.8 -4.3 -172.93919758
 70.6 -3.7 -4.2 -174.433202258
 70.6 -3.6 -4.1 -175.908071424
 70.7 -3.6 -4.0 -177.366847727
 70.7 -3.5 -3.9 -178.812198931
 70.8 -3.4 -3.8 -180.246411672
 70.8 -3.3 -3.7 -181.671387599
 70.9 -3.2 -3.6 -183.088641939
 70.9 -3.1 -3.5 -184.499304468
 71.0 -3.0 -3.4 -185.904122866
 71.0 -2.9 -3.3 -187.303468432
 71.0 -2.8 -3.2 -188.697344096
 71.1 -2.8 -3.1 -190.085394683
 71.1 -2.7 -3.0 -191.466919328
 71.2 -2.6 -2.9 -192.840885974
 71.2 -2.5 -2.8 -194.205947833
 71.3 -2.4 -2.7 -195.560461691
 71.3 -2.3 -2.6 -196.902507946
 71.4 -2.2 -2.5 -198.229912217
 71.4 -2.1 -2.4 -199.540268385
 71.5 -2.0 -2.3 -200.830962913
 71.5 -2.0 -2.2 -202.099200257
 71.5 -1.9 -2.1 -203.342029219
 71.6 -1.8 -2.0 -204.556370035
 71.6 -1.7 -1.9 -205.739042041
 71.7 -1.6 -1.8 -206.8867917
 71.7 -1.5 -1.7 -207.996320817
 71.8 -1.4 -1.6 -209.064314749
 71.8 -1.3 -1.5 -210.087470407
 71.9 -1.2 -1.4 -211.062523865
 71.9 -1.2 -1.3 -211.9862774
 72.0 -1.1 -1.2 -212.855625755
 72.0 -1.0 -1.1 -213.667581469
 72.0 -0.9 -1.0 -214.419299088
 72.1 -0.8 -0.9 -215.108098103
 72.1 -0.7 -0.8 -215.731484446
 72.2 -0.6 -0.7 -216.287170414
 72.2 -0.5 -0.6 -216.773092869
 72.3 -0.4 -0.5 -217.187429609
 72.3 -0.4 -0.4 -217.528613776
 72.4 -0.3 -0.3 -217.795346231
 72.4 -0.2 -0.2 -217.986605781
 72.5 -0.1 -0.1 -218.10165722
 72.5  0.0  0.0 -218.140057101
 72.5  0.1  0.1 -218.10165722
 72.6  0.2  0.2 -217.986605781
 72.6  0.3  0.3 -217.795346231
 72.7  0.4  0.4 -217.528613776
 72.7  0.4  0.5 -217.187429609
 72.8  0.5  0.6 -216.773092869
 72.8  0.6  0.7 -216.287170414
 72.9  0.7  0.8 -215.731484446
 72.9  0.8  0.9 -215.108098103
 73.0  0.9  1.0 -214.419299088
 73.0  1.0  1.1 -213.667581469
 73.0  1.1  1.2 -212.855625755
 73.1  1.2  1.3 -211.9862774
 73.1  1.2  1.4 -211.062523865
 73.2  1.3  1.5 -210.087470407
 73.2  1.4  1.6 -209.064314749
 73.3  1.5  1.7 -207.996320817
 73.3  1.6  1.8 -206.8867917
 73.4  1.7  1.9 -205.739042041
 73.4  1.8  2.0 -204.556370035
 73.5  1.9  2.1 -203.342029219
 73.5  2.0  2.2 -202.099200257
 73.5  2.0  2.3 -200.830962913
 73.6  2.1  2.4 -199.540268385
 73.6  2.2  2.5 -198.229912217
 73.7  2.3  2.6 -196.902507946
 73.7  2.4  2.7 -195.560461691
 73.8  2.5  2.8 -194.205947833
 73.8  2.6  2.9 -192.840885974
 73.9  2.7  3.0 -191.466919328
 73.9  2.8  3.1 -190.085394683
 74.0  2.8  3.2 -188.697344096
 74.0  2.9  3.3 -187.303468432
 74.0  3.0  3.4 -185.904122866
 74.1  3.1  3.5 -184.499304468
 74.1  3.2  3.6 -183.088641939
 74.2  3.3  3.7 -181.671387599
 74.2  3.4  3.8 -180.246411672
 74.3  3.5  3.9 -178.812198931
 74.3  3.6  4.0 -177.366847727
 74.4  3.6  4.1 -175.908071424
 74.4  3.7  4.2 -174.433202258
 74.5  3.8  4.3 -172.93919758
 74.5  3.9  4.4 -171.422648494
 74.5  4.0  4.5 -169.879790817
 74.6  4.1  4.6 -168.306518332
 74.6  4.2  4.7 -166.698398253
 74.7  4.3  4.8 -165.050688825
 74.7  4.4  4.9 -163.358358968
 74.8  4.5  5.0 -161.616109851
 74.8  4.5  5.1 -159.818398298
 74.9  4.6  5.2 -157.959461874
 74.9  4.7  5.3 -156.033345538
 75.0  4.8  5.4 -154.033929703
 75.0  4.9  5.5 -151.95495956
 75.1  5.0  5.6 -149.790075505
 75.1  5.1  5.7 -147.532844497
 75.1  5.2  5.8 -145.176792196
 75.2  5.3  5.9 -142.715435691
 75.2  5.3  6.0 -140.142316657
 75.3  5.4  6.1 -137.451034759
 75.3  5.5  6.2 -134.635281136
 75.4  5.6  6.3 -131.688871778
 75.4  5.7  6.4 -128.605780646
 75.5  5.8  6.5 -125.380172341
 75.5  5.9  6.6 -122.006434186
 75.6  6.0  6.7 -118.479207533
 75.6  6.1  6.8 -114.793418173
 75.6  6.1  6.9 -110.944305676
 75.7  6.2  7.0 -106.927451544
 75.7  6.3  7.1 -102.738806033
 75.8  6.4  7.2 -98.3747135328
 75.8  6.5  7.3 -93.8319363916
 75.9  6.6  7.4 -89.1076770805
 75.9  6.7  7.5 -84.199598614
 76.0  6.8  7.6 -79.1058431433
 76.0  6.9  7.7 -73.8250486564
 76.1  6.9  7.8 -68.3563637268
 76.1  7.0  7.9 -62.6994602663
 76.1  7.1  8.0 -56.8545442477
 76.2  7.2  8.1 -50.822364375
 76.2  7.3  8.2 -44.604218689
 76.3  7.4  8.3 -38.2019591085
 76.3  7.5  8.4 -31.6179939166
 76.4  7.6  8.5 -24.855288213
 76.4  7.7  8.6 -17.9173623624
 76.5  7.7  8.7 -10.8082884782
 76.5  7.8  8.8 -3.53268499119
 76.6  7.9  8.9  3.90429064183
 76.6  8.0  9.0  11.4969510237
 76.6  8.1  9.1  19.2390896261
 76.7  8.2  9.2  27.1239932451
 76.7  8.3  9.3  35.1444560199
 76.8  8.4  9.4  43.2927949264
 76.8  8.5  9.5  51.560866655
 76.9  8.5  9.6  59.9400857764
 76.9  8.6  9.7  68.4214440995
 77.0  8.7  9.8  76.9955311199
 77.0  8.8  9.9  85.6525554608
 77.1  8.9  10.0  94.3823672048
 77.1  9.0  10.1  103.174481017
 77.1  9.1  10.2  112.018099959
 77.2  9.2  10.3  120.902139898
 77.2  9.3  10.4  129.815254415
 77.3  9.3  10.5  138.745860123
 77.3  9.4  10.6  147.682162296
 77.4  9.5  10.7  156.612180737
 77.4  9.6  10.8  165.523775797
 77.5  9.7  10.9  174.404674466
 77.5  9.8  11.0  183.242496469
 77.6  9.9  11.1  192.024780294
 77.6  10.0  11.2  200.739009103
 77.6  10.1  11.3  209.372636445
 77.7  10.1  11.4  217.913111751
 77.7  10.2  11.5  226.347905533
 77.8  10.3  11.6  234.664534268
 77.8  10.4  11.7  242.850584924
 77.9  10.5  11.8  250.893739088
 77.9  10.6  11.9  258.781796686
 78.0  10.7  12.0  266.502699253
 78.0  10.8  12.1  274.044552745
 78.1  10.9  12.2  281.395649886
 78.1  10.9  12.3  288.544492009
 78.1  11.0  12.4  295.47981042
 78.2  11.1  12.5  302.190587243
 78.2  11.2  12.6  308.666075767
 78.3  11.3  12.7  314.895820269
 78.3  11.4  12.8  320.869675337
 78.4  11.5  12.9  326.577824661
 78.4  11.6  13.0  332.01079931
 78.5  11.7  13.1  337.159495492
 78.5  11.8  13.2  342.015191778
 78.6  11.8  13.3  346.569565805
 78.6  11.9  13.4  350.81471044
 78.6  12.0  13.5  354.743149395
 78.7  12.1  13.6  358.347852293
 78.7  12.2  13.7  361.622249165
 78.8  12.3  13.8  364.560244363
 78.8  12.4  13.9  367.156229872
 78.9  12.5  14.0  369.405097996
 78.9  12.6  14.1  371.302253397
 79.0  12.6  14.2  372.843624462
 79.0  12.7  14.3  374.025673957
 79.1  12.8  14.4  374.845408943
 79.1  12.9  14.5  375.300389913
 79.2  13.0  14.6  375.388739112
 79.2  13.1  14.7  375.109147993
 79.2  13.2  14.8  374.460883777
 79.3  13.3  14.9  373.443795056
 79.3  13.4  15.0  372.058316399
 79.4  13.4  15.1  370.305471915
 79.4  13.5  15.2  368.186877719
 79.5  13.6  15.3  365.704743249
 79.5  13.7  15.4  362.861871405
 79.6  13.8  15.5  359.661657429
 79.6  13.9  15.6  356.108086516
 79.7  14.0  15.7  352.205730086
 79.7  14.1  15.8  347.959740699
 79.7  14.2  15.9  343.375845548
 79.8  14.2  16.0  338.460338533
 79.8  14.3  16.1  333.220070858
 79.9  14.4  16.2  327.66244014
 79.9  14.5  16.3  321.795378025
 80.0  14.6  16.4  315.627336276
 80.0  14.7  16.5  309.167271355
 80.1  14.8  16.6  302.42462749
 80.1  14.9  16.7  295.409318237
 80.2  15.0  16.8  288.131706573
 80.2  15.0  16.9  280.602583528
 80.2  15.1  17.0  272.833145418
 80.3  15.2  17.1  264.834969698
 80.3  15.3  17.2  256.619989521
 80.4  15.4  17.3  248.20046704
 80.4  15.5  17.4  239.588965554
 80.5  15.6  17.5  230.798320556
 80.5  15.7  17.6  221.841609796
 80.6  15.8  17.7  212.732122443
 80.6  15.8  17.8  203.483327471
 80.7  15.9  17.9  194.108841371
 80.7  16.0  18.0  184.622395323
 80.7  16.1  18.1  175.037801951
 80.8  16.2  18.2  165.368921811
 80.8  16.3  18.3  155.629629733
 80.9  16.4  18.4  145.833781187
 80.9  16.5  18.5  135.995178807
 81.0  16.6  18.6  126.127539235
 81.0  16.6  18.7  116.244460439
 81.1  16.7  18.8  106.359389656
 81.1  16.8  18.9  96.4855921317
 81.2  16.9  19.0  86.6361207877
 81.2  17.0  19.1  76.8237869985
 81.2  17.1  19.2  67.0611326054
 81.3  17.2  19.3  57.3604033256
 81.3  17.3  19.4  47.7335236933
 81.4  17.4  19.5  38.1920736669
 81.4  17.4  19.6  28.7472670305
 81.5  17.5  19.7  19.409931707
 81.5  17.6  19.8  10.1904920915
 81.6  17.7  19.9  1.09895350393
 81.6  17.8  20.0 -7.85511115194
 81.7  17.9  20.1 -16.6625724487
 81.7  18.0  20.2 -25.314753152
 81.7  18.1  20.3 -33.803434546
 81.8  18.2  20.4 -42.1208603317
 81.8  18.2  20.5 -50.2597380808
 81.9  18.3  20.6 -58.2132382383
 81.9  18.4  20.7 -65.9749906859
 82.0  18.5  20.8 -73.539078893
 82.0  18.6  20.9 -80.9000316964
 82.1  18.7  21.0 -88.052812768
 82.1  18.8  21.1 -94.9928078439
 82.2  18.9  21.2 -101.715809804
 82.2  19.0  21.3 -108.218001707
 82.2  19.1  21.4 -114.495937896
 82.3  19.1  21.5 -120.54652332
 82.3  19.2  21.6 -126.366991198
 82.4  19.3  21.7 -131.954879202
 82.4  19.4  21.8 -137.30800433
 82.5  19.5  21.9 -142.424436633
 82.5  19.6  22.0 -147.30247201
 82.6  19.7  22.1 -151.940604262
 82.6  19.8  22.2 -156.337496603
 82.7  19.9  22.3 -160.491952869
 82.7  19.9  22.4 -164.40288861
 82.7  20.0  22.5 -168.069302312
 82.8  20.1  22.6 -171.490246971
 82.8  20.2  22.7 -174.664802227
 82.9  20.3  22.8 -177.592047301
 82.9  20.4  22.9 -180.271034942
 83.0  20.5  23.0 -182.700766613
 83.0  20.6  23.1 -184.880169109
 83.1  20.7  23.2 -186.808072835
 83.1  20.7  23.3 -188.483191913
 83.2  20.8  23.4 -189.904106325
 83.2  20.9  23.5 -191.069246247
 83.3  21.0  23.6 -191.976878748
 83.3  21.1  23.7 -192.625096992
 83.3  21.2  23.8 -193.011812074
 83.4  21.3  23.9 -193.134747608
 83.4  21.4  24.0 -192.991437159
 83.5  21.5  24.1 -192.579224596
 83.5  21.5  24.2 -191.895267435
 83.6  21.6  24.3 -190.93654319
 83.6  21.7  24.4 -189.699858779
 83.7  21.8  24.5 -188.181862949
 83.7  21.9  24.6 -186.37906173
 83.8  22.0  24.7 -184.287836844
 83.8  22.1  24.8 -181.90446702
 83.8  22.2  24.9 -179.225152128
 83.9  22.3  25.0 -176.246040009
 83.9  22.3  25.1 -172.963255889
 84.0  22.4  25.2 -169.37293422
 84.0  22.5  25.3 -165.471252785
 84.1  22.6  25.4 -161.254468871
 84.1  22.7  25.5 -156.718957324
 84.2  22.8  25.6 -151.861250256
 84.2  22.9  25.7 -146.678078166
 84.3  23.0  25.8 -141.166412242
 84.3  23.1  25.9 -135.323507574
 84.3  23.1  26.0 -129.146947007
 84.4  23.2  26.1 -122.634685365
 84.4  23.3  26.2 -115.785093748
 84.5  23.4  26.3 -108.597003622
 84.5  23.5  26.4 -101.069750399
 84.6  23.6  26.5 -93.2032162105
 84.6  23.7  26.6 -84.9978715865
 84.7  23.8  26.7 -76.4548157347
 84.7  23.9  26.8 -67.5758151359
 84.8  23.9  26.9 -58.3633401705
 84.8  24.0  27.0 -48.8205994977
 84.8  24.1  27.1 -38.9515719217
 84.9  24.2  27.2 -28.7610354885
 84.9  24.3  27.3 -18.2545935715
 85.0  24.4  27.4 -7.4386977186
 85.0  24.5  27.5  3.67933295203
 85.1  24.6  27.6  15.0912959986
 85.1  24.7  27.7  26.7880937199
 85.2  24.7  27.8  38.7597251909
 85.2  24.8  27.9  50.9952823998
 85.3  24.9  28.0  63.482950597
 85.3  25.0  28.1  76.210012941
 85.3  25.1  28.2  89.162859502
 85.4  25.2  28.3  102.32700066
 85.4  25.3  28.4  115.687084906
 85.5  25.4  28.5  129.226921039
 85.5  25.5  28.6  142.929504705
 85.6  25.5  28.7  156.777049231
 85.6  25.6  28.8  170.75102064
 85.7  25.7  28.9  184.832176758
 85.7  25.8  29.0  199.000610243
 85.8  25.9  29.1  213.235795403
 85.8  26.0  29.2  227.516638586
 85.8  26.1  29.3  241.821531957
 85.9  26.2  29.4  256.128410424
 85.9  26.3  29.5  270.41481146
 86.0  26.4  29.6  284.657937563
 86.0  26.4  29.7  298.834721071
 86.1  26.5  29.8  312.921891024
 86.1  26.6  29.9  326.896041779
 86.2  26.7  30.0  340.733703045
 86.2  26.8  30.1  354.41141101
 86.3  26.9  30.2  367.90578023
 86.3  27.0  30.3  381.193575923
 86.3  27.1  30.4  394.25178633
 86.4  27.2  30.5  407.057694806
 86.4  27.2  30.6  419.588951268
 86.5  27.3  30.7  431.823642682
 86.5  27.4  30.8  443.740362241
 86.6  27.5  30.9  455.318276895
 86.6  27.6  31.0  466.537192927
 86.7  27.7  31.1  477.377619244
 86.7  27.8  31.2  487.820828102
 86.8  27.9  31.3  497.848912969
 86.8  28.0  31.4  507.444843256
 86.8  28.0  31.5  516.592515677
 86.9  28.1  31.6  525.276801992
 86.9  28.2  31.7  533.483592934
 87.0  28.3  31.8  541.199838111
 87.0  28.4  31.9  548.413581743
 87.1  28.5  32.0  555.113994057
 87.1  28.6  32.1  561.291398251
 87.2  28.7  32.2  566.937292902
 87.2  28.8  32.3  572.044369773
 87.3  28.8  32.4  576.606526949
 87.3  28.9  32.5  580.618877306
 87.4  29.0  32.6  584.077752293
 87.4  29.1  32.7  586.98070108
 87.4  29.2  32.8  589.326485107
 87.5  29.3  32.9  591.115068126
 87.5  29.4  33.0  592.347601827
 87.6  29.5  33.1  593.026407188
 87.6  29.6  33.2  593.154951668
 87.7  29.6  33.3  592.737822439
 87.7  29.7  33.4  591.780695822
 87.8  29.8  33.5  590.290303135
 87.8  29.9  33.6  588.274393173
 87.9  30.0  33.7  585.741691557
 87.9  30.1  33.8  582.70185719
 87.9  30.2  33.9  579.165436087
 88.0  30.3  34.0  575.143812847
 88.0  30.4  34.1  570.649160029
 88.1  30.4  34.2  565.694385739
 88.1  30.5  34.3  560.293079693
 88.2  30.6  34.4  554.459458049
 88.2  30.7  34.5  548.208307307
 88.3  30.8  34.6  541.554927557
 88.3  30.9  34.7  534.515075362
 88.4  31.0  34.8  527.104906551
 88.4  31.1  34.9  519.34091921
 88.4  31.2  35.0  511.239897126
 88.5  31.2  35.1  502.818853939
 88.5  31.3  35.2  494.094978256
 88.6  31.4  35.3  485.085579956
 88.6  31.5  35.4  475.808037907
 88.7  31.6  35.5  466.279749298
 88.7  31.7  35.6  456.518080777
 88.8  31.8  35.7  446.540321574
 88.8  31.9  35.8  436.363638752
 88.9  32.0  35.9  426.005034743
 88.9  32.0  36.0  415.481307266
 88.9  32.1  36.1  404.809011756
 89.0  32.2  36.2  394.004426359
 89.0  32.3  36.3  383.08351958
 89.1  32.4  36.4  372.061920617
 89.1  32.5  36.5  360.954892408
 89.2  32.6  36.6  349.777307413
 89.2  32.7  36.7  338.543626098
 89.3  32.8  36.8  327.267878129
 89.3  32.8  36.9  315.963646198
 89.4  32.9  37.0  304.644052456
 89.4  33.0  37.1  293.321747456
 89.4  33.1  37.2  282.008901542
 89.5  33.2  37.3  270.717198569
 89.5  33.3  37.4  259.457831856
 89.6  33.4  37.5  248.241502253
 89.6  33.5  37.6  237.078418189
 89.7  33.6  37.7  225.978297573
 89.7  33.7  37.8  214.950371399
 89.8  33.7  37.9  204.003388921
 89.8  33.8  38.0  193.145624239
 89.9  33.9  38.1  182.384884151
 89.9  34.0  38.2  171.72851712
 89.9  34.1  38.3  161.183423198
 90.0  34.2  38.4  150.756064774
 90.0  34.3  38.5  140.452477979
 90.1  34.4  38.6  130.278284628
 90.1  34.5  38.7  120.238704549
 90.2  34.5  38.8  110.338568174
 90.2  34.6  38.9  100.582329274
 90.3  34.7  39.0  90.9740777151
 90.3  34.8  39.1  81.51755214
 90.4  34.9  39.2  72.2161524742
 90.4  35.0  39.3  63.0729521718
 90.4  35.1  39.4  54.0907101273
 90.5  35.2  39.5  45.2718821888
 90.5  35.3  39.6  36.6186322187
 90.6  35.3  39.7  28.1328426611
 90.6  35.4  39.8  19.8161245829
 90.7  35.5  39.9  11.66982717
 90.7  35.6  40.0  3.69504666782
 90.8  35.7  40.1 -4.10736523274
 90.8  35.8  40.2 -11.7367935539
 90.9  35.9  40.3 -19.1928527146
 90.9  36.0  40.4 -26.4753797099
 90.9  36.1  40.5 -33.5844277526
 91.0  36.1  40.6 -40.5202603304
 91.0  36.2  40.7 -47.2833456328
 91.1  36.3  40.8 -53.8743512905
 91.1  36.4  40.9 -60.2941393699
 91.2  36.5  41.0 -66.5437615595
 91.2  36.6  41.1 -72.6244544837
 91.3  36.7  41.2 -78.5376350795
 91.3  36.8  41.3 -84.2848959671
 91.4  36.9  41.4 -89.8680007527
 91.4  36.9  41.5 -95.2888791973
 91.5  37.0  41.6 -100.549622192
 91.5  37.1  41.7 -105.652476486
 91.5  37.2  41.8 -110.599839105
 91.6  37.3  41.9 -115.394251434
 91.6  37.4  42.0 -120.038392899
 91.7  37.5  42.1 -124.535074235
 91.7  37.6  42.2 -128.887230309
 91.8  37.7  42.3 -133.097912474
 91.8  37.7  42.4 -137.170280463
 91.9  37.8  42.5 -141.107593806
 91.9  37.9  42.6 -144.913202791
 92.0  38.0  42.7 -148.590538992
 92.0  38.1  42.8 -152.143105386
 92.0  38.2  42.9 -155.574466103
 92.1  38.3  43.0 -158.888235857
 92.1  38.4  43.1 -162.088069121
 92.2  38.5  43.2 -165.177649104
 92.2  38.5  43.3 -168.160676612
 92.3  38.6  43.4 -171.040858869
 92.3  38.7  43.5 -173.821898403
 92.4  38.8  43.6 -176.507482065
 92.4  38.9  43.7 -179.10127031
 92.5  39.0  43.8 -181.606886824
 92.5  39.1  43.9 -184.027908621
 92.5  39.2  44.0 -186.367856703
 92.6  39.3  44.1 -188.630187407
 92.6  39.3  44.2 -190.818284541
 92.7  39.4  44.3 -192.935452422
 92.7  39.5  44.4 -194.984909919
 92.8  39.6  44.5 -196.969785602
 92.8  39.7  44.6 -198.893114089
 92.9  39.8  44.7 -200.757833698
 92.9  39.9  44.8 -202.566785448
 93.0  40.0  44.9 -204.322713527
 93.0  40.1  45.0 -206.028267245
 93.0  40.1  45.1 -207.686004556
 93.1  40.2  45.2 -209.298397158
 93.1  40.3  45.3 -210.867837225
 93.2  40.4  45.4 -212.396645744
 93.2  40.5  45.5 -213.887082495
 93.3  40.6  45.6 -215.341357607
 93.3  40.7  45.7 -216.761644699
 93.4  40.8  45.8 -218.150095513
 93.4  40.9  45.9 -219.508856
 93.5  40.9  46.0 -220.840083749
 93.5  41.0  46.1 -222.145966679
 93.5  41.1  46.2 -223.428742852
 93.6  41.2  46.3 -224.690721291
 93.6  41.3  46.4 -225.934303638
 93.7  41.4  46.5 -227.162006497
 93.7  41.5  46.6 -228.376484276
 93.8  41.6  46.7 -229.580552338
 93.8  41.7  46.8 -230.77721026
 93.9  41.8  46.9 -231.969664976
 93.9  41.8  47.0 -233.161353592
 94.0  41.9  47.1 -234.35596563
 94.0  42.0  47.2 -235.55746447
 94.0  42.1  47.3 -236.770107748
 94.1  42.2  47.4 -237.998466456
 94.1  42.3  47.5 -239.247442517
 94.2  42.4  47.6 -240.52228456
 94.2  42.5  47.7 -241.828601695
 94.3  42.6  47.8 -243.172375009
 94.3  42.6  47.9 -244.559966587
 94.4  42.7  48.0 -245.998125824
 94.4  42.8  48.1 -247.49399282
 94.5  42.9  48.2 -249.055098668
 94.5  43.0  48.3 -250.689362457
 94.5  43.1  48.4 -252.405084822
 94.6  43.2  48.5 -254.210937904
 94.6  43.3  48.6 -256.115951599
 94.7  43.4  48.7 -258.129495995
 94.7  43.4  48.8 -260.261259918
 94.8  43.5  48.9 -262.521225554
 94.8  43.6  49.0 -264.919639096
 94.9  43.7  49.1 -267.46697746
 94.9  43.8  49.2 -270.173911061
 95.0  43.9  49.3 -273.051262751
 95.0  44.0  49.4 -276.109962987
 95.0  44.1  49.5 -279.361001363
 95.1  44.2  49.6 -282.815374656
 95.1  44.2  49.7 -286.484031574
 95.2  44.3  49.8 -290.377814419
 95.2  44.4  49.9 -294.507397901
 95.3  44.5  50.0 -298.883225385
