x z_lower ED_lower z_upper ED_upper
-145.0 -21.4  233.0  21.4  233.0
-144.0 -21.2  232.5  21.6  233.4
-143.0 -21.0  231.9  21.8  233.5
-142.0 -20.8  231.1  22.0  233.5
-141.0 -20.6  230.3  22.1  233.3
-140.0 -20.3  229.6  22.3  232.9
-139.0 -20.0  229.2  22.5  232.2
-138.0 -19.8  229.0  22.6  231.3
-137.0 -19.5  229.3  22.8  230.1
-136.0 -19.2  230.1  23.0  228.5
-135.0 -18.9  231.2  23.2  226.6
-134.0 -18.7  232.7  23.4  224.4
-133.0 -18.5  234.4  23.6  221.9
-132.0 -18.1  236.2  24.0  219.3
-131.0 -17.9  237.9  24.3  216.8
-130.0 -17.7  239.4  24.5  214.6
-129.0 -17.5  240.6  24.8  212.9
-128.0 -17.4  241.2  25.1  211.9
-127.0 -17.2  241.4  25.4  211.8
-126.0 -17.0  240.9  25.6  212.5
-125.0 -16.8  239.8  25.9  214.1
-124.0 -16.6  238.1  26.1  216.5
-123.0 -16.3  236.1  26.3  219.5
-122.0 -16.0  233.9  26.5  222.9
-121.0 -15.8  231.7  26.6  226.4
-120.0 -15.4  229.8  26.8  229.7
-119.0 -15.1  228.3  26.9  232.6
-118.0 -14.8  227.5  27.0  234.8
-117.0 -14.5  227.1  27.1  236.1
-116.0 -14.3  227.1  27.1  236.3
-115.0 -14.1  227.2  27.2  235.4
-114.0 -13.9  227.5  27.2  233.2
-113.0 -13.7  227.6  27.3  229.9
-112.0 -13.6  227.5  27.3  225.5
-111.0 -13.5  227.0  27.4  220.2
-110.0 -13.3  226.1  27.4  214.3
-109.0 -13.2  224.7  27.4  208.0
-108.0 -13.1  222.8  27.5  201.6
-107.0 -13.0  220.2  27.6  195.4
-106.0 -12.8  217.1  27.9  189.9
-105.0 -12.6  213.6  28.0  185.2
-104.0 -12.5  209.7  28.2  181.7
-103.0 -12.3  205.5  28.4  179.5
-102.0 -12.2  201.4  28.5  178.5
-101.0 -12.0  197.4  28.6  178.4
-100.0 -11.8  193.8  28.7  179.1
-99.0 -11.6  190.8  28.7  180.1
-98.0 -11.3  188.4  28.6  181.2
-97.0 -11.1  186.7  28.5  182.1
-96.0 -10.9  185.5  28.4  182.5
-95.0 -10.7  184.6  28.2  182.3
-94.0 -10.5  183.8  28.1  181.3
-93.0 -10.5  182.8  27.8  179.3
-92.0 -10.4  181.4  27.6  176.3
-91.0 -10.3  179.5  27.3  172.5
-90.0 -10.3  176.7  27.0  167.9
-89.0 -10.4  173.1  26.5  163.0
-88.0 -10.3  168.5  26.2  157.9
-87.0 -10.5  163.1  25.8  152.8
-86.0 -10.7  156.8  25.3  147.6
-85.0 -11.0  150.1  24.9  142.0
-84.0 -11.3  143.6  24.7  135.6
-83.0 -11.9  138.5  24.3  128.4
-82.0 -12.6  136.2  23.9  120.1
-81.0 -13.1  136.4  23.5  111.0
-80.0 -13.5  137.7  22.8  101.8
-79.0 -13.8  139.0  21.2   95.7
-78.0 -14.0  139.4  20.3   94.2
-77.0 -14.2  138.3  19.6   93.8
-76.0 -14.4  135.6  19.1   93.4
-75.0 -14.4  130.9  18.5   93.1
-74.0 -14.6  124.4  15.6   95.6
-73.0 -14.8  116.1  15.0  106.3
-72.0 -15.0  106.3  14.8  116.1
-71.0 -15.6   95.6  14.6  124.4
-70.0 -18.5   93.1  14.4  130.9
-69.0 -19.1   93.4  14.4  135.6
-68.0 -19.6   93.8  14.2  138.3
-67.0 -20.3   94.2  14.0  139.4
-66.0 -21.2   95.7  13.8  139.0
-65.0 -22.8  101.8  13.5  137.7
-64.0 -23.5  111.0  13.1  136.4
-63.0 -23.9  120.1  12.6  136.2
-62.0 -24.3  128.4  11.9  138.5
-61.0 -24.7  135.6  11.3  143.6
-60.0 -24.9  142.0  11.0  150.1
-59.0 -25.3  147.6  10.7  156.8
-58.0 -25.8  152.8  10.5  163.1
-57.0 -26.2  157.9  10.3  168.5
-56.0 -26.5  163.0  10.4  173.1
-55.0 -27.0  167.9  10.3  176.7
-54.0 -27.3  172.5  10.3  179.5
-53.0 -27.6  176.3  10.4  181.4
-52.0 -27.8  179.3  10.5  182.8
-51.0 -28.1  181.3  10.5  183.8
-50.0 -28.2  182.3  10.7  184.6
-49.0 -28.4  182.5  10.9  185.5
-48.0 -28.5  182.1  11.1  186.7
-47.0 -28.6  181.2  11.3  188.4
-46.0 -28.7  180.1  11.6  190.8
-45.0 -28.7  179.1  11.8  193.8
-44.0 -28.6  178.4  12.0  197.4
-43.0 -28.5  178.5  12.2  201.4
-42.0 -28.4  179.5  12.3  205.5
-41.0 -28.2  181.7  12.5  209.7
-40.0 -28.0  185.2  12.6  213.6
-39.0 -27.9  189.9  12.8  217.1
-38.0 -27.6  195.4  13.0  220.2
-37.0 -27.5  201.6  13.1  222.8
-36.0 -27.4  208.0  13.2  224.7
-35.0 -27.4  214.3  13.3  226.1
-34.0 -27.4  220.2  13.5  227.0
-33.0 -27.3  225.5  13.6  227.5
-32.0 -27.3  229.9  13.7  227.6
-31.0 -27.2  233.2  13.9  227.5
-30.0 -27.2  235.4  14.1  227.2
-29.0 -27.1  236.3  14.3  227.1
-28.0 -27.1  236.1  14.5  227.1
-27.0 -27.0  234.8  14.8  227.5
-26.0 -26.9  232.6  15.1  228.3
-25.0 -26.8  229.7  15.4  229.8
-24.0 -26.6  226.4  15.8  231.7
-23.0 -26.5  222.9  16.0  233.9
-22.0 -26.3  219.5  16.3  236.1
-21.0 -26.1  216.5  16.6  238.1
-20.0 -25.9  214.1  16.8  239.8
-19.0 -25.6  212.5  17.0  240.9
-18.0 -25.4  211.8  17.2  241.4
-17.0 -25.1  211.9  17.4  241.2
-16.0 -24.8  212.9  17.5  240.6
-15.0 -24.5  214.6  17.7  239.4
-14.0 -24.3  216.8  17.9  237.9
-13.0 -24.0  219.3  18.1  236.2
-12.0 -23.6  221.9  18.5  234.4
-11.0 -23.4  224.4  18.7  232.7
-10.0 -23.2  226.6  18.9  231.2
-9.0 -23.0  228.5  19.2  230.1
-8.0 -22.8  230.1  19.5  229.3
-7.0 -22.6  231.3  19.8  229.0
-6.0 -22.5  232.2  20.0  229.2
-5.0 -22.3  232.9  20.3  229.6
-4.0 -22.1  233.3  20.6  230.3
-3.0 -22.0  233.5  20.8  231.1
-2.0 -21.8  233.5  21.0  231.9
-1.0 -21.6  233.4  21.2  232.5
 0.0 -21.4  233.0  21.4  233.0
 1.0 -21.2  232.5  21.6  233.4
 2.0 -21.0  231.9  21.8  233.5
 3.0 -20.8  231.1  22.0  233.5
 4.0 -20.6  230.3  22.1  233.3
 5.0 -20.3  229.6  22.3  232.9
 6.0 -20.0  229.2  22.5  232.2
 7.0 -19.8  229.0  22.6  231.3
 8.0 -19.5  229.3  22.8  230.1
 9.0 -19.2  230.1  23.0  228.5
 10.0 -18.9  231.2  23.2  226.6
 11.0 -18.7  232.7  23.4  224.4
 12.0 -18.5  234.4  23.6  221.9
 13.0 -18.1  236.2  24.0  219.3
 14.0 -17.9  237.9  24.3  216.8
 15.0 -17.7  239.4  24.5  214.6
 16.0 -17.5  240.6  24.8  212.9
 17.0 -17.4  241.2  25.1  211.9
 18.0 -17.2  241.4  25.4  211.8
 19.0 -17.0  240.9  25.6  212.5
 20.0 -16.8  239.8  25.9  214.1
 21.0 -16.6  238.1  26.1  216.5
 22.0 -16.3  236.1  26.3  219.5
 23.0 -16.0  233.9  26.5  222.9
 24.0 -15.8  231.7  26.6  226.4
 25.0 -15.4  229.8  26.8  229.7
 26.0 -15.1  228.3  26.9  232.6
 27.0 -14.8  227.5  27.0  234.8
 28.0 -14.5  227.1  27.1  236.1
 29.0 -14.3  227.1  27.1  236.3
 30.0 -14.1  227.2  27.2  235.4
 31.0 -13.9  227.5  27.2  233.2
 32.0 -13.7  227.6  27.3  229.9
 33.0 -13.6  227.5  27.3  225.5
 34.0 -13.5  227.0  27.4  220.2
 35.0 -13.3  226.1  27.4  214.3
 36.0 -13.2  224.7  27.4  208.0
 37.0 -13.1  222.8  27.5  201.6
 38.0 -13.0  220.2  27.6  195.4
 39.0 -12.8  217.1  27.9  189.9
 40.0 -12.6  213.6  28.0  185.2
 41.0 -12.5  209.7  28.2  181.7
 42.0 -12.3  205.5  28.4  179.5
 43.0 -12.2  201.4  28.5  178.5
 44.0 -12.0  197.4  28.6  178.4
 45.0 -11.8  193.8  28.7  179.1
 46.0 -11.6  190.8  28.7  180.1
 47.0 -11.3  188.4  28.6  181.2
 48.0 -11.1  186.7  28.5  182.1
 49.0 -10.9  185.5  28.4  182.5
 50.0 -10.7  184.6  28.2  182.3
 51.0 -10.5  183.8  28.1  181.3
 52.0 -10.5  182.8  27.8  179.3
 53.0 -10.4  181.4  27.6  176.3
 54.0 -10.3  179.5  27.3  172.5
 55.0 -10.3  176.7  27.0  167.9
 56.0 -10.4  173.1  26.5  163.0
 57.0 -10.3  168.5  26.2  157.9
 58.0 -10.5  163.1  25.8  152.8
 59.0 -10.7  156.8  25.3  147.6
 60.0 -11.0  150.1  24.9  142.0
 61.0 -11.3  143.6  24.7  135.6
 62.0 -11.9  138.5  24.3  128.4
 63.0 -12.6  136.2  23.9  120.1
 64.0 -13.1  136.4  23.5  111.0
 65.0 -13.5  137.7  22.8  101.8
 66.0 -13.8  139.0  21.2   95.7
 67.0 -14.0  139.4  20.3   94.2
 68.0 -14.2  138.3  19.6   93.8
 69.0 -14.4  135.6  19.1   93.4
 70.0 -14.4  130.9  18.5   93.1
 71.0 -14.6  124.4  15.6   95.6
 72.0 -14.8  116.1  15.0  106.3
 73.0 -15.0  106.3  14.8  116.1
 74.0 -15.6   95.6  14.6  124.4
 75.0 -18.5   93.1  14.4  130.9
 76.0 -19.1   93.4  14.4  135.6
 77.0 -19.6   93.8  14.2  138.3
 78.0 -20.3   94.2  14.0  139.4
 79.0 -21.2   95.7  13.8  139.0
 80.0 -22.8  101.8  13.5  137.7
 81.0 -23.5  111.0  13.1  136.4
 82.0 -23.9  120.1  12.6  136.2
 83.0 -24.3  128.4  11.9  138.5
 84.0 -24.7  135.6  11.3  143.6
 85.0 -24.9  142.0  11.0  150.1
 86.0 -25.3  147.6  10.7  156.8
 87.0 -25.8  152.8  10.5  163.1
 88.0 -26.2  157.9  10.3  168.5
 89.0 -26.5  163.0  10.4  173.1
 90.0 -27.0  167.9  10.3  176.7
 91.0 -27.3  172.5  10.3  179.5
 92.0 -27.6  176.3  10.4  181.4
 93.0 -27.8  179.3  10.5  182.8
 94.0 -28.1  181.3  10.5  183.8
 95.0 -28.2  182.3  10.7  184.6
 96.0 -28.4  182.5  10.9  185.5
 97.0 -28.5  182.1  11.1  186.7
 98.0 -28.6  181.2  11.3  188.4
 99.0 -28.7  180.1  11.6  190.8
 100.0 -28.7  179.1  11.8  193.8
 101.0 -28.6  178.4  12.0  197.4
 102.0 -28.5  178.5  12.2  201.4
 103.0 -28.4  179.5  12.3  205.5
 104.0 -28.2  181.7  12.5  209.7
 105.0 -28.0  185.2  12.6  213.6
 106.0 -27.9  189.9  12.8  217.1
 107.0 -27.6  195.4  13.0  220.2
 108.0 -27.5  201.6  13.1  222.8
 109.0 -27.4  208.0  13.2  224.7
 110.0 -27.4  214.3  13.3  226.1
 111.0 -27.4  220.2  13.5  227.0
 112.0 -27.3  225.5  13.6  227.5
 113.0 -27.3  229.9  13.7  227.6
 114.0 -27.2  233.2  13.9  227.5
 115.0 -27.2  235.4  14.1  227.2
 116.0 -27.1  236.3  14.3  227.1
 117.0 -27.1  236.1  14.5  227.1
 118.0 -27.0  234.8  14.8  227.5
 119.0 -26.9  232.6  15.1  228.3
 120.0 -26.8  229.7  15.4  229.8
 121.0 -26.6  226.4  15.8  231.7
 122.0 -26.5  222.9  16.0  233.9
 123.0 -26.3  219.5  16.3  236.1
 124.0 -26.1  216.5  16.6  238.1
 125.0 -25.9  214.1  16.8  239.8
 126.0 -25.6  212.5  17.0  240.9
 127.0 -25.4  211.8  17.2  241.4
 128.0 -25.1  211.9  17.4  241.2
 129.0 -24.8  212.9  17.5  240.6
 130.0 -24.5  214.6  17.7  239.4
 131.0 -24.3  216.8  17.9  237.9
 132.0 -24.0  219.3  18.1  236.2
 133.0 -23.6  221.9  18.5  234.4
 134.0 -23.4  224.4  18.7  232.7
 135.0 -23.2  226.6  18.9  231.2
 136.0 -23.0  228.5  19.2  230.1
 137.0 -22.8  230.1  19.5  229.3
 138.0 -22.6  231.3  19.8  229.0
 139.0 -22.5  232.2  20.0  229.2
 140.0 -22.3  232.9  20.3  229.6
 141.0 -22.1  233.3  20.6  230.3
 142.0 -22.0  233.5  20.8  231.1
 143.0 -21.8  233.5  21.0  231.9
 144.0 -21.6  233.4  21.2  232.5
 145.0 -21.4  233.0  21.4  233.0
