x z dist ED
 49.7 -44.5 -50.0 -23.8429488199
 49.8 -44.4 -49.9 -22.3595237934
 49.8 -44.3 -49.8 -21.0745832034
 49.9 -44.2 -49.7 -19.983133149
 49.9 -44.2 -49.6 -19.0796615509
 50.0 -44.1 -49.5 -18.358173377
 50.0 -44.0 -49.4 -17.8122271339
 50.0 -43.9 -49.3 -17.4349724185
 50.1 -43.8 -49.2 -17.2191883257
 50.1 -43.7 -49.1 -17.1573225023
 50.2 -43.6 -49.0 -17.2415306408
 50.2 -43.5 -48.9 -17.4637162063
 50.3 -43.4 -48.8 -17.8155701913
 50.3 -43.4 -48.7 -18.2886106999
 50.4 -43.3 -48.6 -18.8742221629
 50.4 -43.2 -48.5 -19.5636939951
 50.5 -43.1 -48.4 -20.3482585101
 50.5 -43.0 -48.3 -21.2191279163
 50.5 -42.9 -48.2 -22.1675302269
 50.6 -42.8 -48.1 -23.1847439244
 50.6 -42.7 -48.0 -24.2621312321
 50.7 -42.6 -47.9 -25.3911698558
 50.7 -42.6 -47.8 -26.5634830669
 50.8 -42.5 -47.7 -27.7708680168
 50.8 -42.4 -47.6 -29.0053221776
 50.9 -42.3 -47.5 -30.2590678234
 50.9 -42.2 -47.4 -31.5245744741
 51.0 -42.1 -47.3 -32.7945792434
 51.0 -42.0 -47.2 -34.062105039
 51.0 -41.9 -47.1 -35.3204765837
 51.1 -41.8 -47.0 -36.5633342346
 51.1 -41.8 -46.9 -37.7846455943
 51.2 -41.7 -46.8 -38.9787149195
 51.2 -41.6 -46.7 -40.1401903464
 51.3 -41.5 -46.6 -41.2640689652
 51.3 -41.4 -46.5 -42.3456997875
 51.4 -41.3 -46.4 -43.3807846631
 51.4 -41.2 -46.3 -44.3653772128
 51.5 -41.1 -46.2 -45.2958798561
 51.5 -41.0 -46.1 -46.1690390213
 51.5 -40.9 -46.0 -46.981938634
 51.6 -40.9 -45.9 -47.7319919913
 51.6 -40.8 -45.8 -48.4169321324
 51.7 -40.7 -45.7 -49.0348008277
 51.7 -40.6 -45.6 -49.5839363089
 51.8 -40.5 -45.5 -50.062959872
 51.8 -40.4 -45.4 -50.4707614874
 51.9 -40.3 -45.3 -50.806484552
 51.9 -40.2 -45.2 -51.0695099244
 52.0 -40.1 -45.1 -51.2594393808
 52.0 -40.1 -45.0 -51.3760786332
 52.0 -40.0 -44.9 -51.4194200464
 52.1 -39.9 -44.8 -51.3896251932
 52.1 -39.8 -44.7 -51.2870073797
 52.2 -39.7 -44.6 -51.1120142718
 52.2 -39.6 -44.5 -50.8652107494
 52.3 -39.5 -44.4 -50.5472621081
 52.3 -39.4 -44.3 -50.1589177231
 52.4 -39.3 -44.2 -49.7009952835
 52.4 -39.3 -44.1 -49.1743656982
 52.5 -39.2 -44.0 -48.5799387642
 52.5 -39.1 -43.9 -47.9186496836
 52.5 -39.0 -43.8 -47.191446504
 52.6 -38.9 -43.7 -46.3992785481
 52.6 -38.8 -43.6 -45.5430858903
 52.7 -38.7 -43.5 -44.6237899262
 52.7 -38.6 -43.4 -43.6422850735
 52.8 -38.5 -43.3 -42.5994316308
 52.8 -38.5 -43.2 -41.4960498112
 52.9 -38.4 -43.1 -40.3329149594
 52.9 -38.3 -43.0 -39.110753949
 53.0 -38.2 -42.9 -37.8302427489
 53.0 -38.1 -42.8 -36.492005137
 53.0 -38.0 -42.7 -35.0966125322
 53.1 -37.9 -42.6 -33.6445849057
 53.1 -37.8 -42.5 -32.136392725
 53.2 -37.7 -42.4 -30.5724598777
 53.2 -37.7 -42.3 -28.9531675128
 53.3 -37.6 -42.2 -27.2788587332
 53.3 -37.5 -42.1 -25.5498440664
 53.4 -37.4 -42.0 -23.766407635
 53.4 -37.3 -41.9 -21.9288139458
 53.5 -37.2 -41.8 -20.03731521
 53.5 -37.1 -41.7 -18.0921591082
 53.5 -37.0 -41.6 -16.0935969081
 53.6 -36.9 -41.5 -14.0418918429
 53.6 -36.9 -41.4 -11.9373276594
 53.7 -36.8 -41.3 -9.78021724268
 53.7 -36.7 -41.2 -7.57091122714
 53.8 -36.6 -41.1 -5.30980650357
 53.8 -36.5 -41.0 -2.99735453697
 53.9 -36.4 -40.9 -0.634069410501
 53.9 -36.3 -40.8  1.77946448358
 54.0 -36.2 -40.7  4.24258518152
 54.0 -36.1 -40.6  6.75454638426
 54.1 -36.1 -40.5  9.31451125703
 54.1 -36.0 -40.4  11.9215468509
 54.1 -35.9 -40.3  14.5746191987
 54.2 -35.8 -40.2  17.2725891303
 54.2 -35.7 -40.1  20.0142088463
 54.3 -35.6 -40.0  22.7981192798
 54.3 -35.5 -39.9  25.6228482713
 54.4 -35.4 -39.8  28.4868095711
 54.4 -35.3 -39.7  31.3883026776
 54.5 -35.3 -39.6  34.3255135117
 54.5 -35.2 -39.5  37.2965159208
 54.6 -35.1 -39.4  40.2992739962
 54.6 -35.0 -39.3  43.3316451824
 54.6 -34.9 -39.2  46.3913841496
 54.7 -34.8 -39.1  49.4761473922
 54.7 -34.7 -39.0  52.5834985127
 54.8 -34.6 -38.9  55.710914141
 54.8 -34.5 -38.8  58.8557904363
 54.9 -34.5 -38.7  62.0154501134
 54.9 -34.4 -38.6  65.1871499292
 55.0 -34.3 -38.5  68.3680885626
 55.0 -34.2 -38.4  71.5554148192
 55.1 -34.1 -38.3  74.7462360853
 55.1 -34.0 -38.2  77.9376269598
 55.1 -33.9 -38.1  81.1266379847
 55.2 -33.8 -38.0  84.3103044011
 55.2 -33.7 -37.9  87.4856548515
 55.3 -33.7 -37.8  90.6497199551
 55.3 -33.6 -37.7  93.7995406804
 55.4 -33.5 -37.6  96.9321764443
 55.4 -33.4 -37.5  100.044712868
 55.5 -33.3 -37.4  103.134269126
 55.5 -33.2 -37.3  106.198004819
 55.6 -33.1 -37.2  109.23312633
 55.6 -33.0 -37.1  112.236892588
 55.6 -32.9 -37.0  115.206620219
 55.7 -32.8 -36.9  118.139688018
 55.7 -32.8 -36.8  121.033540729
 55.8 -32.7 -36.7  123.885692095
 55.8 -32.6 -36.6  126.693727159
 55.9 -32.5 -36.5  129.455303799
 55.9 -32.4 -36.4  132.168153506
 56.0 -32.3 -36.3  134.830081383
 56.0 -32.2 -36.2  137.438965394
 56.1 -32.1 -36.1  139.992754873
 56.1 -32.0 -36.0  142.489468306
 56.1 -32.0 -35.9  144.92719044
 56.2 -31.9 -35.8  147.30406873
 56.2 -31.8 -35.7  149.618309184
 56.3 -31.7 -35.6  151.868171664
 56.3 -31.6 -35.5  154.051964674
 56.4 -31.5 -35.4  156.16803972
 56.4 -31.4 -35.3  158.214785302
 56.5 -31.3 -35.2  160.190620607
 56.5 -31.2 -35.1  162.093988981
 56.6 -31.2 -35.0  163.923351252
 56.6 -31.1 -34.9  165.677179001
 56.6 -31.0 -34.8  167.353947845
 56.7 -30.9 -34.7  168.952130831
 56.7 -30.8 -34.6  170.470192014
 56.8 -30.7 -34.5  171.906580317
 56.8 -30.6 -34.4  173.259723744
 56.9 -30.5 -34.3  174.528024037
 56.9 -30.4 -34.2  175.709851852
 57.0 -30.4 -34.1  176.80354253
 57.0 -30.3 -34.0  177.807392544
 57.1 -30.2 -33.9  178.719656677
 57.1 -30.1 -33.8  179.538546008
 57.1 -30.0 -33.7  180.262226754
 57.2 -29.9 -33.6  180.888820022
 57.2 -29.8 -33.5  181.416402524
 57.3 -29.7 -33.4  181.843008274
 57.3 -29.6 -33.3  182.166631317
 57.4 -29.6 -33.2  182.385229503
 57.4 -29.5 -33.1  182.496729307
 57.5 -29.4 -33.0  182.499031732
 57.5 -29.3 -32.9  182.390019255
 57.6 -29.2 -32.8  182.167563826
 57.6 -29.1 -32.7  181.829535892
 57.6 -29.0 -32.6  181.373814417
 57.7 -28.9 -32.5  180.798297851
 57.7 -28.8 -32.4  180.100916017
 57.8 -28.8 -32.3  179.279642833
 57.8 -28.7 -32.2  178.332509841
 57.9 -28.6 -32.1  177.257620426
 57.9 -28.5 -32.0  176.05316469
 58.0 -28.4 -31.9  174.717434862
 58.0 -28.3 -31.8  173.248841165
 58.1 -28.2 -31.7  171.645928041
 58.1 -28.1 -31.6  169.907390624
 58.2 -28.0 -31.5  168.032091363
 58.2 -28.0 -31.4  166.019076669
 58.2 -27.9 -31.3  163.867593487
 58.3 -27.8 -31.2  161.577105664
 58.3 -27.7 -31.1  159.147309994
 58.4 -27.6 -31.0  156.578151837
 58.4 -27.5 -30.9  153.86984017
 58.5 -27.4 -30.8  151.02286197
 58.5 -27.3 -30.7  148.037995811
 58.6 -27.2 -30.6  144.916324552
 58.6 -27.2 -30.5  141.65924702
 58.7 -27.1 -30.4  138.268488577
 58.7 -27.0 -30.3  134.746110474
 58.7 -26.9 -30.2  131.094517894
 58.8 -26.8 -30.1  127.316466608
 58.8 -26.7 -30.0  123.415068158
 58.9 -26.6 -29.9  119.393793491
 58.9 -26.5 -29.8  115.256475002
 59.0 -26.4 -29.7  111.007306906
 59.0 -26.4 -29.6  106.650843922
 59.1 -26.3 -29.5  102.191998214
 59.1 -26.2 -29.4  97.6360345875
 59.2 -26.1 -29.3  92.9885639096
 59.2 -26.0 -29.2  88.2555347671
 59.2 -25.9 -29.1  83.4432233642
 59.3 -25.8 -29.0  78.558221685
 59.3 -25.7 -28.9  73.6074239504
 59.4 -25.6 -28.8  68.5980114145
 59.4 -25.5 -28.7  63.5374355533
 59.5 -25.5 -28.6  58.4333997101
 59.5 -25.4 -28.5  53.2938392715
 59.6 -25.3 -28.4  48.12690046
 59.6 -25.2 -28.3  42.940917834
 59.7 -25.1 -28.2  37.7443905992
 59.7 -25.0 -28.1  32.5459578406
 59.7 -24.9 -28.0  27.3543727943
 59.8 -24.8 -27.9  22.1784762803
 59.8 -24.7 -27.8  17.0271694312
 59.9 -24.7 -27.7  11.9093858476
 59.9 -24.6 -27.6  6.83406332418
 60.0 -24.5 -27.5  1.8101152866
 60.0 -24.4 -27.4 -3.15359791295
 60.1 -24.3 -27.3 -8.04829769517
 60.1 -24.2 -27.2 -12.8653157996
 60.2 -24.1 -27.1 -17.5961225294
 60.2 -24.0 -27.0 -22.2323545482
 60.2 -23.9 -26.9 -26.7658420857
 60.3 -23.9 -26.8 -31.1886354088
 60.3 -23.8 -26.7 -35.4930304234
 60.4 -23.7 -26.6 -39.6715932729
 60.4 -23.6 -26.5 -43.7171838074
 60.5 -23.5 -26.4 -47.6229778049
 60.5 -23.4 -26.3 -51.3824878293
 60.6 -23.3 -26.2 -54.9895826239
 60.6 -23.2 -26.1 -58.4385049428
 60.7 -23.1 -26.0 -61.723887734
 60.7 -23.1 -25.9 -64.8407685996
 60.7 -23.0 -25.8 -67.7846024649
 60.8 -22.9 -25.7 -70.5512724031
 60.8 -22.8 -25.6 -73.1370985714
 60.9 -22.7 -25.5 -75.5388452254
 60.9 -22.6 -25.4 -77.7537257917
 61.0 -22.5 -25.3 -79.7794059896
 61.0 -22.4 -25.2 -81.6140050045
 61.1 -22.3 -25.1 -83.2560947272
 61.1 -22.3 -25.0 -84.7046970858
 61.2 -22.2 -24.9 -85.9592795063
 61.2 -22.1 -24.8 -87.0197485519
 61.2 -22.0 -24.7 -87.8864417992
 61.3 -21.9 -24.6 -88.5601180204
 61.3 -21.8 -24.5 -89.0419457517
 61.4 -21.7 -24.4 -89.3334903351
 61.4 -21.6 -24.3 -89.436699532
 61.5 -21.5 -24.2 -89.3538878113
 61.5 -21.5 -24.1 -89.0877194255
 61.6 -21.4 -24.0 -88.6411903931
 61.6 -21.3 -23.9 -88.0176095088
 61.7 -21.2 -23.8 -87.2205785133
 61.7 -21.1 -23.7 -86.2539715506
 61.7 -21.0 -23.6 -85.1219140516
 61.8 -20.9 -23.5 -83.8287611774
 61.8 -20.8 -23.4 -82.3790759619
 61.9 -20.7 -23.3 -80.7776072899
 61.9 -20.7 -23.2 -79.0292678487
 62.0 -20.6 -23.1 -77.1391121856
 62.0 -20.5 -23.0 -75.1123150054
 62.1 -20.4 -22.9 -72.9541498344
 62.1 -20.3 -22.8 -70.6699681744
 62.2 -20.2 -22.7 -68.2651792654
 62.2 -20.1 -22.6 -65.7452305682
 62.3 -20.0 -22.5 -63.1155890714
 62.3 -19.9 -22.4 -60.3817235208
 62.3 -19.9 -22.3 -57.5490876595
 62.4 -19.8 -22.2 -54.6231045587
 62.4 -19.7 -22.1 -51.6091521102
 62.5 -19.6 -22.0 -48.5125497414
 62.5 -19.5 -21.9 -45.3385464043
 62.6 -19.4 -21.8 -42.0923098776
 62.6 -19.3 -21.7 -38.7789174132
 62.7 -19.2 -21.6 -35.4033477459
 62.7 -19.1 -21.5 -31.970474474
 62.8 -19.1 -21.4 -28.4850608099
 62.8 -19.0 -21.3 -24.9517556861
 62.8 -18.9 -21.2 -21.375091195
 62.9 -18.8 -21.1 -17.7594813278
 62.9 -18.7 -21.0 -14.1092219703
 63.0 -18.6 -20.9 -10.4284921011
 63.0 -18.5 -20.8 -6.72135613343
 63.1 -18.4 -20.7 -2.99176732802
 63.1 -18.3 -20.6  0.75642779905
 63.2 -18.2 -20.5  4.51948415897
 63.2 -18.2 -20.4  8.2937519542
 63.3 -18.1 -20.3  12.0756698207
 63.3 -18.0 -20.2  15.8617573502
 63.3 -17.9 -20.1  19.6486070975
 63.4 -17.8 -20.0  23.4328761822
 63.4 -17.7 -19.9  27.2112775958
 63.5 -17.6 -19.8  30.9805713256
 63.5 -17.5 -19.7  34.7375554094
 63.6 -17.4 -19.6  38.4790570324
 63.6 -17.4 -19.5  42.201923778
 63.7 -17.3 -19.4  45.9030151405
 63.7 -17.2 -19.3  49.5791944058
 63.8 -17.1 -19.2  53.2273210018
 63.8 -17.0 -19.1  56.8442434156
 63.8 -16.9 -19.0  60.4267927677
 63.9 -16.8 -18.9  63.9717771302
 63.9 -16.7 -18.8  67.4759766664
 64.0 -16.6 -18.7  70.9361396614
 64.0 -16.6 -18.6  74.3489795086
 64.1 -16.5 -18.5  77.7111727035
 64.1 -16.4 -18.4  81.0193578918
 64.2 -16.3 -18.3  84.2701360059
 64.2 -16.2 -18.2  87.4600715158
 64.3 -16.1 -18.1  90.5856948112
 64.3 -16.0 -18.0  93.6435057187
 64.3 -15.9 -17.9  96.6299781514
 64.4 -15.8 -17.8  99.5415658755
 64.4 -15.8 -17.7  102.37470937
 64.5 -15.7 -17.6  105.125843743
 64.5 -15.6 -17.5  107.791407666
 64.6 -15.5 -17.4  110.367853265
 64.6 -15.4 -17.3  112.851656909
 64.7 -15.3 -17.2  115.239330836
 64.7 -15.2 -17.1  117.527435518
 64.8 -15.1 -17.0  119.712592694
 64.8 -15.0 -16.9  121.791498974
 64.8 -15.0 -16.8  123.760939915
 64.9 -14.9 -16.7  125.61780447
 64.9 -14.8 -16.6  127.359099687
 65.0 -14.7 -16.5  128.981965571
 65.0 -14.6 -16.4  130.48368997
 65.1 -14.5 -16.3  131.86172338
 65.1 -14.4 -16.2  133.113693556
 65.2 -14.3 -16.1  134.237419803
 65.2 -14.2 -16.0  135.230926828
 65.3 -14.2 -15.9  136.092458052
 65.3 -14.1 -15.8  136.820488255
 65.3 -14.0 -15.7  137.413735453
 65.4 -13.9 -15.6  137.871171899
 65.4 -13.8 -15.5  138.192034113
 65.5 -13.7 -15.4  138.375831843
 65.5 -13.6 -15.3  138.422355868
 65.6 -13.5 -15.2  138.331684574
 65.6 -13.4 -15.1  138.104189224
 65.7 -13.4 -15.0  137.740537854
 65.7 -13.3 -14.9  137.24169776
 65.8 -13.2 -14.8  136.608936507
 65.8 -13.1 -14.7  135.843821452
 65.8 -13.0 -14.6  134.948217732
 65.9 -12.9 -14.5  133.924284728
 65.9 -12.8 -14.4  132.774470986
 66.0 -12.7 -14.3  131.501507606
 66.0 -12.6 -14.2  130.108400128
 66.1 -12.6 -14.1  128.598418931
 66.1 -12.5 -14.0  126.975088198
 66.2 -12.4 -13.9  125.242173487
 66.2 -12.3 -13.8  123.40366798
 66.3 -12.2 -13.7  121.463777472
 66.3 -12.1 -13.6  119.426904178
 66.4 -12.0 -13.5  117.297629459
 66.4 -11.9 -13.4  115.080695551
 66.4 -11.8 -13.3  112.780986403
 66.5 -11.8 -13.2  110.40350774
 66.5 -11.7 -13.1  107.953366465
 66.6 -11.6 -13.0  105.435749515
 66.6 -11.5 -12.9  102.855902312
 66.7 -11.4 -12.8  100.219106917
 66.7 -11.3 -12.7  97.5306600455
 66.8 -11.2 -12.6  94.7958510514
 66.8 -11.1 -12.5  92.019940033
 66.9 -11.0 -12.4  89.2081361857
 66.9 -10.9 -12.3  86.365576537
 66.9 -10.9 -12.2  83.4973051932
 67.0 -10.8 -12.1  80.6082532271
 67.0 -10.7 -12.0  77.7032193281
 67.1 -10.6 -11.9  74.7868513359
 67.1 -10.5 -11.8  71.8636287677
 67.2 -10.4 -11.7  68.9378464489
 67.2 -10.3 -11.6  66.0135993438
 67.3 -10.2 -11.5  63.0947686789
 67.3 -10.1 -11.4  60.1850094416
 67.4 -10.1 -11.3  57.2877393267
 67.4 -10.0 -11.2  54.4061291958
 67.4 -9.9 -11.1  51.5430951023
 67.5 -9.8 -11.0  48.7012919255
 67.5 -9.7 -10.9  45.8831086451
 67.6 -9.6 -10.8  43.0906652784
 67.6 -9.5 -10.7  40.3258114893
 67.7 -9.4 -10.6  37.5901268665
 67.7 -9.3 -10.5  34.8849228607
 67.8 -9.3 -10.4  32.2112463542
 67.8 -9.2 -10.3  29.5698848288
 67.9 -9.1 -10.2  26.9613730863
 67.9 -9.0 -10.1  24.3860014648
 67.9 -8.9 -10.0  21.8438254854
 68.0 -8.8 -9.9  19.3346768508
 68.0 -8.7 -9.8  16.8581757147
 68.1 -8.6 -9.7  14.4137441246
 68.1 -8.5 -9.6  12.0006205395
 68.2 -8.5 -9.5  9.61787531305
 68.2 -8.4 -9.4  7.26442702864
 68.3 -8.3 -9.3  4.93905956497
 68.3 -8.2 -9.2  2.64043976954
 68.4 -8.1 -9.1  0.367135610616
 68.4 -8.0 -9.0 -1.88236532265
 68.4 -7.9 -8.9 -4.10963710472
 68.5 -7.8 -8.8 -6.31629667643
 68.5 -7.7 -8.7 -8.50398509944
 68.6 -7.7 -8.6 -10.6743489948
 68.6 -7.6 -8.5 -12.8290222963
 68.7 -7.5 -8.4 -14.9696084455
 68.7 -7.4 -8.3 -17.0976631535
 68.8 -7.3 -8.2 -19.2146778471
 68.8 -7.2 -8.1 -21.3220639134
 68.9 -7.1 -8.0 -23.4211378509
 68.9 -7.0 -7.9 -25.5131074253
 68.9 -6.9 -7.8 -27.5990589247
 69.0 -6.9 -7.7 -29.6799455955
 69.0 -6.8 -7.6 -31.7565773363
 69.1 -6.7 -7.5 -33.8296117136
 69.1 -6.6 -7.4 -35.899546355
 69.2 -6.5 -7.3 -37.9667127648
 69.2 -6.4 -7.2 -40.0312715977
 69.3 -6.3 -7.1 -42.0932094112
 69.3 -6.2 -7.0 -44.1523369128
 69.4 -6.1 -6.9 -46.2082887004
 69.4 -6.1 -6.8 -48.2605244885
 69.4 -6.0 -6.7 -50.3083317978
 69.5 -5.9 -6.6 -52.3508300791
 69.5 -5.8 -6.5 -54.3869762278
 69.6 -5.7 -6.4 -56.4155714381
 69.6 -5.6 -6.3 -58.4352693359
 69.7 -5.5 -6.2 -60.4445853177
 69.7 -5.4 -6.1 -62.4419070179
 69.8 -5.3 -6.0 -64.4255058161
 69.8 -5.3 -5.9 -66.3935492888
 69.9 -5.2 -5.8 -68.3441145051
 69.9 -5.1 -5.7 -70.2752020574
 69.9 -5.0 -5.6 -72.1847507154
 70.0 -4.9 -5.5 -74.0706525858
 70.0 -4.8 -5.4 -75.9307686581
 70.1 -4.7 -5.3 -77.7629446124
 70.1 -4.6 -5.2 -79.5650267666
 70.2 -4.5 -5.1 -81.3348780363
 70.2 -4.5 -5.0 -83.0703937844
 70.3 -4.4 -4.9 -84.7695174356
 70.3 -4.3 -4.8 -86.4302557358
 70.4 -4.2 -4.7 -88.0506935373
 70.4 -4.1 -4.6 -89.629007996
 70.5 -4.0 -4.5 -91.1634820721
 70.5 -3.9 -4.4 -92.6525172284
 70.5 -3.8 -4.3 -94.0946452314
 70.6 -3.7 -4.2 -95.4885389624
 70.6 -3.6 -4.1 -96.8330221576
 70.7 -3.6 -4.0 -98.1270780031
 70.7 -3.5 -3.9 -99.3698565178
 70.8 -3.4 -3.8 -100.56068067
 70.8 -3.3 -3.7 -101.69905118
 70.9 -3.2 -3.6 -102.784649977
 70.9 -3.1 -3.5 -103.817342272
 71.0 -3.0 -3.4 -104.797177253
 71.0 -2.9 -3.3 -105.724387373
 71.0 -2.8 -3.2 -106.599386259
 71.1 -2.8 -3.1 -107.422765242
 71.1 -2.7 -3.0 -108.195288545
 71.2 -2.6 -2.9 -108.917887162
 71.2 -2.5 -2.8 -109.591651476
 71.3 -2.4 -2.7 -110.217822678
 71.3 -2.3 -2.6 -110.797783038
 71.4 -2.2 -2.5 -111.333045119
 71.4 -2.1 -2.4 -111.825240013
 71.5 -2.0 -2.3 -112.276104677
 71.5 -2.0 -2.2 -112.687468485
 71.5 -1.9 -2.1 -113.061239074
 71.6 -1.8 -2.0 -113.399387624
 71.6 -1.7 -1.9 -113.703933649
 71.7 -1.6 -1.8 -113.976929442
 71.7 -1.5 -1.7 -114.220444281
 71.8 -1.4 -1.6 -114.436548511
 71.8 -1.3 -1.5 -114.62729764
 71.9 -1.2 -1.4 -114.794716548
 71.9 -1.2 -1.3 -114.940783947
 72.0 -1.1 -1.2 -115.067417202
 72.0 -1.0 -1.1 -115.176457627
 72.0 -0.9 -1.0 -115.269656369
 72.1 -0.8 -0.9 -115.348660996
 72.1 -0.7 -0.8 -115.415002869
 72.2 -0.6 -0.7 -115.470085423
 72.2 -0.5 -0.6 -115.515173415
 72.3 -0.4 -0.5 -115.551383249
 72.3 -0.4 -0.4 -115.579674426
 72.4 -0.3 -0.3 -115.600842209
 72.4 -0.2 -0.2 -115.615511534
 72.5 -0.1 -0.1 -115.624132228
 72.5  0.0  0.0 -115.626975573
 72.5  0.1  0.1 -115.624132228
 72.6  0.2  0.2 -115.615511534
 72.6  0.3  0.3 -115.600842209
 72.7  0.4  0.4 -115.579674426
 72.7  0.4  0.5 -115.551383249
 72.8  0.5  0.6 -115.515173415
 72.8  0.6  0.7 -115.470085423
 72.9  0.7  0.8 -115.415002869
 72.9  0.8  0.9 -115.348660996
 73.0  0.9  1.0 -115.269656369
 73.0  1.0  1.1 -115.176457627
 73.0  1.1  1.2 -115.067417202
 73.1  1.2  1.3 -114.940783947
 73.1  1.2  1.4 -114.794716548
 73.2  1.3  1.5 -114.62729764
 73.2  1.4  1.6 -114.436548511
 73.3  1.5  1.7 -114.220444281
 73.3  1.6  1.8 -113.976929442
 73.4  1.7  1.9 -113.703933649
 73.4  1.8  2.0 -113.399387624
 73.5  1.9  2.1 -113.061239074
 73.5  2.0  2.2 -112.687468485
 73.5  2.0  2.3 -112.276104677
 73.6  2.1  2.4 -111.825240013
 73.6  2.2  2.5 -111.333045119
 73.7  2.3  2.6 -110.797783038
 73.7  2.4  2.7 -110.217822678
 73.8  2.5  2.8 -109.591651476
 73.8  2.6  2.9 -108.917887162
 73.9  2.7  3.0 -108.195288545
 73.9  2.8  3.1 -107.422765242
 74.0  2.8  3.2 -106.599386259
 74.0  2.9  3.3 -105.724387373
 74.0  3.0  3.4 -104.797177253
 74.1  3.1  3.5 -103.817342272
 74.1  3.2  3.6 -102.784649977
 74.2  3.3  3.7 -101.69905118
 74.2  3.4  3.8 -100.56068067
 74.3  3.5  3.9 -99.3698565178
 74.3  3.6  4.0 -98.1270780031
 74.4  3.6  4.1 -96.8330221576
 74.4  3.7  4.2 -95.4885389624
 74.5  3.8  4.3 -94.0946452314
 74.5  3.9  4.4 -92.6525172284
 74.5  4.0  4.5 -91.1634820721
 74.6  4.1  4.6 -89.629007996
 74.6  4.2  4.7 -88.0506935373
 74.7  4.3  4.8 -86.4302557358
 74.7  4.4  4.9 -84.7695174356
 74.8  4.5  5.0 -83.0703937844
 74.8  4.5  5.1 -81.3348780363
 74.9  4.6  5.2 -79.5650267666
 74.9  4.7  5.3 -77.7629446124
 75.0  4.8  5.4 -75.9307686581
 75.0  4.9  5.5 -74.0706525858
 75.1  5.0  5.6 -72.1847507154
 75.1  5.1  5.7 -70.2752020574
 75.1  5.2  5.8 -68.3441145051
 75.2  5.3  5.9 -66.3935492888
 75.2  5.3  6.0 -64.4255058161
 75.3  5.4  6.1 -62.4419070179
 75.3  5.5  6.2 -60.4445853177
 75.4  5.6  6.3 -58.4352693359
 75.4  5.7  6.4 -56.4155714381
 75.5  5.8  6.5 -54.3869762278
 75.5  5.9  6.6 -52.3508300791
 75.6  6.0  6.7 -50.3083317978
 75.6  6.1  6.8 -48.2605244885
 75.6  6.1  6.9 -46.2082887004
 75.7  6.2  7.0 -44.1523369128
 75.7  6.3  7.1 -42.0932094112
 75.8  6.4  7.2 -40.0312715977
 75.8  6.5  7.3 -37.9667127648
 75.9  6.6  7.4 -35.899546355
 75.9  6.7  7.5 -33.8296117136
 76.0  6.8  7.6 -31.7565773363
 76.0  6.9  7.7 -29.6799455955
 76.1  6.9  7.8 -27.5990589247
 76.1  7.0  7.9 -25.5131074253
 76.1  7.1  8.0 -23.4211378509
 76.2  7.2  8.1 -21.3220639134
 76.2  7.3  8.2 -19.2146778471
 76.3  7.4  8.3 -17.0976631535
 76.3  7.5  8.4 -14.9696084455
 76.4  7.6  8.5 -12.8290222963
 76.4  7.7  8.6 -10.6743489948
 76.5  7.7  8.7 -8.50398509944
 76.5  7.8  8.8 -6.31629667643
 76.6  7.9  8.9 -4.10963710472
 76.6  8.0  9.0 -1.88236532265
 76.6  8.1  9.1  0.367135610616
 76.7  8.2  9.2  2.64043976954
 76.7  8.3  9.3  4.93905956497
 76.8  8.4  9.4  7.26442702864
 76.8  8.5  9.5  9.61787531305
 76.9  8.5  9.6  12.0006205395
 76.9  8.6  9.7  14.4137441246
 77.0  8.7  9.8  16.8581757147
 77.0  8.8  9.9  19.3346768508
 77.1  8.9  10.0  21.8438254853
 77.1  9.0  10.1  24.3860014648
 77.1  9.1  10.2  26.9613730863
 77.2  9.2  10.3  29.5698848288
 77.2  9.3  10.4  32.2112463542
 77.3  9.3  10.5  34.8849228607
 77.3  9.4  10.6  37.5901268665
 77.4  9.5  10.7  40.3258114893
 77.4  9.6  10.8  43.0906652784
 77.5  9.7  10.9  45.8831086451
 77.5  9.8  11.0  48.7012919255
 77.6  9.9  11.1  51.5430951023
 77.6  10.0  11.2  54.4061291958
 77.6  10.1  11.3  57.2877393267
 77.7  10.1  11.4  60.1850094416
 77.7  10.2  11.5  63.0947686789
 77.8  10.3  11.6  66.0135993438
 77.8  10.4  11.7  68.9378464489
 77.9  10.5  11.8  71.8636287677
 77.9  10.6  11.9  74.7868513359
 78.0  10.7  12.0  77.7032193281
 78.0  10.8  12.1  80.6082532271
 78.1  10.9  12.2  83.4973051932
 78.1  10.9  12.3  86.365576537
 78.1  11.0  12.4  89.2081361857
 78.2  11.1  12.5  92.019940033
 78.2  11.2  12.6  94.7958510514
 78.3  11.3  12.7  97.5306600455
 78.3  11.4  12.8  100.219106917
 78.4  11.5  12.9  102.855902312
 78.4  11.6  13.0  105.435749515
 78.5  11.7  13.1  107.953366465
 78.5  11.8  13.2  110.40350774
 78.6  11.8  13.3  112.780986403
 78.6  11.9  13.4  115.080695551
 78.6  12.0  13.5  117.297629459
 78.7  12.1  13.6  119.426904178
 78.7  12.2  13.7  121.463777472
 78.8  12.3  13.8  123.40366798
 78.8  12.4  13.9  125.242173487
 78.9  12.5  14.0  126.975088198
 78.9  12.6  14.1  128.598418931
 79.0  12.6  14.2  130.108400128
 79.0  12.7  14.3  131.501507606
 79.1  12.8  14.4  132.774470986
 79.1  12.9  14.5  133.924284728
 79.2  13.0  14.6  134.948217732
 79.2  13.1  14.7  135.843821452
 79.2  13.2  14.8  136.608936507
 79.3  13.3  14.9  137.24169776
 79.3  13.4  15.0  137.740537854
 79.4  13.4  15.1  138.104189224
 79.4  13.5  15.2  138.331684574
 79.5  13.6  15.3  138.422355868
 79.5  13.7  15.4  138.375831843
 79.6  13.8  15.5  138.192034113
 79.6  13.9  15.6  137.871171899
 79.7  14.0  15.7  137.413735453
 79.7  14.1  15.8  136.820488255
 79.7  14.2  15.9  136.092458052
 79.8  14.2  16.0  135.230926828
 79.8  14.3  16.1  134.237419803
 79.9  14.4  16.2  133.113693556
 79.9  14.5  16.3  131.86172338
 80.0  14.6  16.4  130.48368997
 80.0  14.7  16.5  128.981965571
 80.1  14.8  16.6  127.359099687
 80.1  14.9  16.7  125.61780447
 80.2  15.0  16.8  123.760939915
 80.2  15.0  16.9  121.791498974
 80.2  15.1  17.0  119.712592694
 80.3  15.2  17.1  117.527435518
 80.3  15.3  17.2  115.239330836
 80.4  15.4  17.3  112.851656909
 80.4  15.5  17.4  110.367853265
 80.5  15.6  17.5  107.791407666
 80.5  15.7  17.6  105.125843743
 80.6  15.8  17.7  102.37470937
 80.6  15.8  17.8  99.5415658755
 80.7  15.9  17.9  96.6299781514
 80.7  16.0  18.0  93.6435057187
 80.7  16.1  18.1  90.5856948112
 80.8  16.2  18.2  87.4600715158
 80.8  16.3  18.3  84.2701360059
 80.9  16.4  18.4  81.0193578918
 80.9  16.5  18.5  77.7111727035
 81.0  16.6  18.6  74.3489795086
 81.0  16.6  18.7  70.9361396614
 81.1  16.7  18.8  67.4759766664
 81.1  16.8  18.9  63.9717771302
 81.2  16.9  19.0  60.4267927677
 81.2  17.0  19.1  56.8442434156
 81.2  17.1  19.2  53.2273210018
 81.3  17.2  19.3  49.5791944058
 81.3  17.3  19.4  45.9030151405
 81.4  17.4  19.5  42.201923778
 81.4  17.4  19.6  38.4790570324
 81.5  17.5  19.7  34.7375554094
 81.5  17.6  19.8  30.9805713256
 81.6  17.7  19.9  27.2112775958
 81.6  17.8  20.0  23.4328761822
 81.7  17.9  20.1  19.6486070975
 81.7  18.0  20.2  15.8617573502
 81.7  18.1  20.3  12.0756698207
 81.8  18.2  20.4  8.2937519542
 81.8  18.2  20.5  4.51948415897
 81.9  18.3  20.6  0.756427799052
 81.9  18.4  20.7 -2.99176732802
 82.0  18.5  20.8 -6.72135613343
 82.0  18.6  20.9 -10.4284921011
 82.1  18.7  21.0 -14.1092219703
 82.1  18.8  21.1 -17.7594813278
 82.2  18.9  21.2 -21.375091195
 82.2  19.0  21.3 -24.9517556861
 82.2  19.1  21.4 -28.4850608099
 82.3  19.1  21.5 -31.970474474
 82.3  19.2  21.6 -35.4033477459
 82.4  19.3  21.7 -38.7789174132
 82.4  19.4  21.8 -42.0923098776
 82.5  19.5  21.9 -45.3385464043
 82.5  19.6  22.0 -48.5125497414
 82.6  19.7  22.1 -51.6091521102
 82.6  19.8  22.2 -54.6231045587
 82.7  19.9  22.3 -57.5490876595
 82.7  19.9  22.4 -60.3817235208
 82.7  20.0  22.5 -63.1155890714
 82.8  20.1  22.6 -65.7452305682
 82.8  20.2  22.7 -68.2651792654
 82.9  20.3  22.8 -70.6699681744
 82.9  20.4  22.9 -72.9541498344
 83.0  20.5  23.0 -75.1123150054
 83.0  20.6  23.1 -77.1391121856
 83.1  20.7  23.2 -79.0292678487
 83.1  20.7  23.3 -80.7776072899
 83.2  20.8  23.4 -82.3790759619
 83.2  20.9  23.5 -83.8287611774
 83.3  21.0  23.6 -85.1219140516
 83.3  21.1  23.7 -86.2539715506
 83.3  21.2  23.8 -87.2205785133
 83.4  21.3  23.9 -88.0176095088
 83.4  21.4  24.0 -88.6411903931
 83.5  21.5  24.1 -89.0877194255
 83.5  21.5  24.2 -89.3538878113
 83.6  21.6  24.3 -89.436699532
 83.6  21.7  24.4 -89.3334903351
 83.7  21.8  24.5 -89.0419457517
 83.7  21.9  24.6 -88.5601180204
 83.8  22.0  24.7 -87.8864417992
 83.8  22.1  24.8 -87.0197485519
 83.8  22.2  24.9 -85.9592795063
 83.9  22.3  25.0 -84.7046970858
 83.9  22.3  25.1 -83.2560947272
 84.0  22.4  25.2 -81.6140050045
 84.0  22.5  25.3 -79.7794059896
 84.1  22.6  25.4 -77.7537257917
 84.1  22.7  25.5 -75.5388452254
 84.2  22.8  25.6 -73.1370985714
 84.2  22.9  25.7 -70.5512724031
 84.3  23.0  25.8 -67.7846024649
 84.3  23.1  25.9 -64.8407685996
 84.3  23.1  26.0 -61.723887734
 84.4  23.2  26.1 -58.4385049428
 84.4  23.3  26.2 -54.9895826239
 84.5  23.4  26.3 -51.3824878293
 84.5  23.5  26.4 -47.6229778049
 84.6  23.6  26.5 -43.7171838074
 84.6  23.7  26.6 -39.6715932729
 84.7  23.8  26.7 -35.4930304234
 84.7  23.9  26.8 -31.1886354088
 84.8  23.9  26.9 -26.7658420857
 84.8  24.0  27.0 -22.2323545482
 84.8  24.1  27.1 -17.5961225294
 84.9  24.2  27.2 -12.8653157996
 84.9  24.3  27.3 -8.04829769518
 85.0  24.4  27.4 -3.15359791295
 85.0  24.5  27.5  1.8101152866
 85.1  24.6  27.6  6.83406332418
 85.1  24.7  27.7  11.9093858476
 85.2  24.7  27.8  17.0271694312
 85.2  24.8  27.9  22.1784762803
 85.3  24.9  28.0  27.3543727943
 85.3  25.0  28.1  32.5459578406
 85.3  25.1  28.2  37.7443905992
 85.4  25.2  28.3  42.940917834
 85.4  25.3  28.4  48.12690046
 85.5  25.4  28.5  53.2938392715
 85.5  25.5  28.6  58.4333997101
 85.6  25.5  28.7  63.5374355533
 85.6  25.6  28.8  68.5980114145
 85.7  25.7  28.9  73.6074239504
 85.7  25.8  29.0  78.558221685
 85.8  25.9  29.1  83.4432233642
 85.8  26.0  29.2  88.2555347671
 85.8  26.1  29.3  92.9885639096
 85.9  26.2  29.4  97.6360345875
 85.9  26.3  29.5  102.191998214
 86.0  26.4  29.6  106.650843922
 86.0  26.4  29.7  111.007306906
 86.1  26.5  29.8  115.256475002
 86.1  26.6  29.9  119.393793491
 86.2  26.7  30.0  123.415068158
 86.2  26.8  30.1  127.316466608
 86.3  26.9  30.2  131.094517894
 86.3  27.0  30.3  134.746110474
 86.3  27.1  30.4  138.268488577
 86.4  27.2  30.5  141.65924702
 86.4  27.2  30.6  144.916324552
 86.5  27.3  30.7  148.037995811
 86.5  27.4  30.8  151.02286197
 86.6  27.5  30.9  153.86984017
 86.6  27.6  31.0  156.578151837
 86.7  27.7  31.1  159.147309994
 86.7  27.8  31.2  161.577105664
 86.8  27.9  31.3  163.867593487
 86.8  28.0  31.4  166.019076669
 86.8  28.0  31.5  168.032091363
 86.9  28.1  31.6  169.907390624
 86.9  28.2  31.7  171.645928041
 87.0  28.3  31.8  173.248841165
 87.0  28.4  31.9  174.717434862
 87.1  28.5  32.0  176.05316469
 87.1  28.6  32.1  177.257620426
 87.2  28.7  32.2  178.332509841
 87.2  28.8  32.3  179.279642833
 87.3  28.8  32.4  180.100916017
 87.3  28.9  32.5  180.798297851
 87.4  29.0  32.6  181.373814417
 87.4  29.1  32.7  181.829535892
 87.4  29.2  32.8  182.167563826
 87.5  29.3  32.9  182.390019255
 87.5  29.4  33.0  182.499031732
 87.6  29.5  33.1  182.496729307
 87.6  29.6  33.2  182.385229503
 87.7  29.6  33.3  182.166631317
 87.7  29.7  33.4  181.843008274
 87.8  29.8  33.5  181.416402524
 87.8  29.9  33.6  180.888820022
 87.9  30.0  33.7  180.262226754
 87.9  30.1  33.8  179.538546008
 87.9  30.2  33.9  178.719656677
 88.0  30.3  34.0  177.807392544
 88.0  30.4  34.1  176.80354253
 88.1  30.4  34.2  175.709851852
 88.1  30.5  34.3  174.528024037
 88.2  30.6  34.4  173.259723744
 88.2  30.7  34.5  171.906580317
 88.3  30.8  34.6  170.470192014
 88.3  30.9  34.7  168.952130831
 88.4  31.0  34.8  167.353947845
 88.4  31.1  34.9  165.677179001
 88.4  31.2  35.0  163.923351252
 88.5  31.2  35.1  162.093988981
 88.5  31.3  35.2  160.190620607
 88.6  31.4  35.3  158.214785302
 88.6  31.5  35.4  156.16803972
 88.7  31.6  35.5  154.051964674
 88.7  31.7  35.6  151.868171664
 88.8  31.8  35.7  149.618309184
 88.8  31.9  35.8  147.30406873
 88.9  32.0  35.9  144.92719044
 88.9  32.0  36.0  142.489468306
 88.9  32.1  36.1  139.992754873
 89.0  32.2  36.2  137.438965394
 89.0  32.3  36.3  134.830081383
 89.1  32.4  36.4  132.168153506
 89.1  32.5  36.5  129.455303799
 89.2  32.6  36.6  126.693727159
 89.2  32.7  36.7  123.885692095
 89.3  32.8  36.8  121.033540729
 89.3  32.8  36.9  118.139688018
 89.4  32.9  37.0  115.206620219
 89.4  33.0  37.1  112.236892588
 89.4  33.1  37.2  109.23312633
 89.5  33.2  37.3  106.198004819
 89.5  33.3  37.4  103.134269126
 89.6  33.4  37.5  100.044712868
 89.6  33.5  37.6  96.9321764443
 89.7  33.6  37.7  93.7995406804
 89.7  33.7  37.8  90.6497199551
 89.8  33.7  37.9  87.4856548515
 89.8  33.8  38.0  84.3103044011
 89.9  33.9  38.1  81.1266379847
 89.9  34.0  38.2  77.9376269598
 89.9  34.1  38.3  74.7462360853
 90.0  34.2  38.4  71.5554148192
 90.0  34.3  38.5  68.3680885626
 90.1  34.4  38.6  65.1871499292
 90.1  34.5  38.7  62.0154501135
 90.2  34.5  38.8  58.8557904363
 90.2  34.6  38.9  55.710914141
 90.3  34.7  39.0  52.5834985127
 90.3  34.8  39.1  49.4761473922
 90.4  34.9  39.2  46.3913841496
 90.4  35.0  39.3  43.3316451824
 90.4  35.1  39.4  40.2992739962
 90.5  35.2  39.5  37.2965159208
 90.5  35.3  39.6  34.3255135117
 90.6  35.3  39.7  31.3883026776
 90.6  35.4  39.8  28.4868095711
 90.7  35.5  39.9  25.6228482713
 90.7  35.6  40.0  22.7981192798
 90.8  35.7  40.1  20.0142088463
 90.8  35.8  40.2  17.2725891303
 90.9  35.9  40.3  14.5746191987
 90.9  36.0  40.4  11.9215468509
 90.9  36.1  40.5  9.31451125703
 91.0  36.1  40.6  6.75454638426
 91.0  36.2  40.7  4.24258518152
 91.1  36.3  40.8  1.77946448358
 91.1  36.4  40.9 -0.6340694105
 91.2  36.5  41.0 -2.99735453697
 91.2  36.6  41.1 -5.30980650357
 91.3  36.7  41.2 -7.57091122713
 91.3  36.8  41.3 -9.78021724268
 91.4  36.9  41.4 -11.9373276594
 91.4  36.9  41.5 -14.0418918429
 91.5  37.0  41.6 -16.0935969081
 91.5  37.1  41.7 -18.0921591082
 91.5  37.2  41.8 -20.03731521
 91.6  37.3  41.9 -21.9288139458
 91.6  37.4  42.0 -23.766407635
 91.7  37.5  42.1 -25.5498440664
 91.7  37.6  42.2 -27.2788587332
 91.8  37.7  42.3 -28.9531675128
 91.8  37.7  42.4 -30.5724598777
 91.9  37.8  42.5 -32.136392725
 91.9  37.9  42.6 -33.6445849057
 92.0  38.0  42.7 -35.0966125322
 92.0  38.1  42.8 -36.492005137
 92.0  38.2  42.9 -37.8302427489
 92.1  38.3  43.0 -39.110753949
 92.1  38.4  43.1 -40.3329149594
 92.2  38.5  43.2 -41.4960498112
 92.2  38.5  43.3 -42.5994316308
 92.3  38.6  43.4 -43.6422850735
 92.3  38.7  43.5 -44.6237899262
 92.4  38.8  43.6 -45.5430858903
 92.4  38.9  43.7 -46.3992785481
 92.5  39.0  43.8 -47.191446504
 92.5  39.1  43.9 -47.9186496836
 92.5  39.2  44.0 -48.5799387642
 92.6  39.3  44.1 -49.1743656982
 92.6  39.3  44.2 -49.7009952835
 92.7  39.4  44.3 -50.1589177231
 92.7  39.5  44.4 -50.5472621081
 92.8  39.6  44.5 -50.8652107494
 92.8  39.7  44.6 -51.1120142718
 92.9  39.8  44.7 -51.2870073797
 92.9  39.9  44.8 -51.3896251932
 93.0  40.0  44.9 -51.4194200464
 93.0  40.1  45.0 -51.3760786332
 93.0  40.1  45.1 -51.2594393808
 93.1  40.2  45.2 -51.0695099244
 93.1  40.3  45.3 -50.806484552
 93.2  40.4  45.4 -50.4707614874
 93.2  40.5  45.5 -50.062959872
 93.3  40.6  45.6 -49.5839363089
 93.3  40.7  45.7 -49.0348008277
 93.4  40.8  45.8 -48.4169321324
 93.4  40.9  45.9 -47.7319919913
 93.5  40.9  46.0 -46.981938634
 93.5  41.0  46.1 -46.1690390213
 93.5  41.1  46.2 -45.2958798561
 93.6  41.2  46.3 -44.3653772128
 93.6  41.3  46.4 -43.3807846631
 93.7  41.4  46.5 -42.3456997875
 93.7  41.5  46.6 -41.2640689652
 93.8  41.6  46.7 -40.1401903464
 93.8  41.7  46.8 -38.9787149195
 93.9  41.8  46.9 -37.7846455943
 93.9  41.8  47.0 -36.5633342346
 94.0  41.9  47.1 -35.3204765837
 94.0  42.0  47.2 -34.062105039
 94.0  42.1  47.3 -32.7945792434
 94.1  42.2  47.4 -31.5245744741
 94.1  42.3  47.5 -30.2590678234
 94.2  42.4  47.6 -29.0053221776
 94.2  42.5  47.7 -27.7708680168
 94.3  42.6  47.8 -26.5634830669
 94.3  42.6  47.9 -25.3911698558
 94.4  42.7  48.0 -24.2621312321
 94.4  42.8  48.1 -23.1847439244
 94.5  42.9  48.2 -22.1675302269
 94.5  43.0  48.3 -21.2191279163
 94.5  43.1  48.4 -20.3482585101
 94.6  43.2  48.5 -19.5636939951
 94.6  43.3  48.6 -18.8742221629
 94.7  43.4  48.7 -18.2886106999
 94.7  43.4  48.8 -17.8155701913
 94.8  43.5  48.9 -17.4637162063
 94.8  43.6  49.0 -17.2415306408
 94.9  43.7  49.1 -17.1573225023
 94.9  43.8  49.2 -17.2191883257
 95.0  43.9  49.3 -17.4349724185
 95.0  44.0  49.4 -17.8122271339
 95.0  44.1  49.5 -18.358173377
 95.1  44.2  49.6 -19.0796615509
 95.1  44.2  49.7 -19.983133149
 95.2  44.3  49.8 -21.0745832034
 95.2  44.4  49.9 -22.3595237934
 95.3  44.5  50.0 -23.8429488199
