x z dist ED
 10.2 -48.9 -50.0 -67.3697526478
 10.2 -48.8 -49.9 -66.8851055094
 10.2 -48.7 -49.8 -66.4332416432
 10.2 -48.6 -49.7 -66.0180422913
 10.1 -48.6 -49.6 -65.6432179796
 10.1 -48.5 -49.5 -65.312233996
 10.1 -48.4 -49.4 -65.0282382581
 10.1 -48.3 -49.3 -64.7939923207
 10.1 -48.2 -49.2 -64.6118062376
 10.0 -48.1 -49.1 -64.4834779509
 10.0 -48.0 -49.0 -64.4102378341
 10.0 -47.9 -48.9 -64.3926989617
 10.0 -47.8 -48.8 -64.4308136194
 10.0 -47.7 -48.7 -64.5238365056
 9.9 -47.6 -48.6 -64.6702950083
 9.9 -47.5 -48.5 -64.8679668693
 9.9 -47.4 -48.4 -65.1138654762
 9.9 -47.3 -48.3 -65.4042329455
 9.9 -47.2 -48.2 -65.7345410839
 9.8 -47.1 -48.1 -66.0995002399
 9.8 -47.0 -48.0 -66.4930759762
 9.8 -46.9 -47.9 -66.9085134227
 9.8 -46.8 -47.8 -67.3383690926
 9.8 -46.7 -47.7 -67.7745498721
 9.7 -46.6 -47.6 -68.2083588279
 9.7 -46.5 -47.5 -68.6305474086
 9.7 -46.4 -47.4 -69.0313735589
 9.7 -46.3 -47.3 -69.4006652062
 9.7 -46.2 -47.2 -69.7278885314
 9.6 -46.1 -47.1 -70.0022203916
 9.6 -46.0 -47.0 -70.2126242219
 9.6 -45.9 -46.9 -70.3479287146
 9.6 -45.8 -46.8 -70.3969085488
 9.5 -45.7 -46.7 -70.3483664251
 9.5 -45.6 -46.6 -70.1912156517
 9.5 -45.5 -46.5 -69.9145625255
 9.5 -45.4 -46.4 -69.5077877533
 9.5 -45.3 -46.3 -68.9606261754
 9.4 -45.2 -46.2 -68.2632440681
 9.4 -45.1 -46.1 -67.4063133309
 9.4 -45.0 -46.0 -66.381081895
 9.4 -44.9 -45.9 -65.1794397286
 9.4 -44.8 -45.8 -63.7939798611
 9.3 -44.7 -45.7 -62.2180538968
 9.3 -44.6 -45.6 -60.4458215439
 9.3 -44.5 -45.5 -58.4722937452
 9.3 -44.4 -45.4 -56.2933690596
 9.3 -44.3 -45.3 -53.9058630097
 9.2 -44.2 -45.2 -51.3075301799
 9.2 -44.1 -45.1 -48.4970789208
 9.2 -44.0 -45.0 -45.474178586
 9.2 -44.0 -44.9 -42.2394593006
 9.2 -43.9 -44.8 -38.794504333
 9.1 -43.8 -44.7 -35.1418352101
 9.1 -43.7 -44.6 -31.2848897885
 9.1 -43.6 -44.5 -27.2279935571
 9.1 -43.5 -44.4 -22.9763245137
 9.1 -43.4 -44.3 -18.5358720145
 9.0 -43.3 -44.2 -13.9133900546
 9.0 -43.2 -44.1 -9.11634548513
 9.0 -43.1 -44.0 -4.15286172004
 9.0 -43.0 -43.9  0.968341474437
 9.0 -42.9 -43.8  6.23801148292
 8.9 -42.8 -43.7  11.6464289826
 8.9 -42.7 -43.6  17.1834760501
 8.9 -42.6 -43.5  22.8387055467
 8.9 -42.5 -43.4  28.6014110869
 8.9 -42.4 -43.3  34.4606968981
 8.8 -42.3 -43.2  40.4055468851
 8.8 -42.2 -43.1  46.4248922268
 8.8 -42.1 -43.0  52.5076768563
 8.8 -42.0 -42.9  58.6429202011
 8.8 -41.9 -42.8  64.8197765943
 8.7 -41.8 -42.7  71.0275908092
 8.7 -41.7 -42.6  77.2559492136
 8.7 -41.6 -42.5  83.4947260919
 8.7 -41.5 -42.4  89.7341247362
 8.7 -41.4 -42.3  95.9647129696
 8.6 -41.3 -42.2  102.177452825
 8.6 -41.2 -42.1  108.363724166
 8.6 -41.1 -42.0  114.515342116
 8.6 -41.0 -41.9  120.624568202
 8.5 -40.9 -41.8  126.684115229
 8.5 -40.8 -41.7  132.687145931
 8.5 -40.7 -41.6  138.627265545
 8.5 -40.6 -41.5  144.498508496
 8.5 -40.5 -41.4  150.295319461
 8.4 -40.4 -41.3  156.012529145
 8.4 -40.3 -41.2  161.645325145
 8.4 -40.2 -41.1  167.189218356
 8.4 -40.1 -41.0  172.640005389
 8.4 -40.0 -40.9  177.99372756
 8.3 -39.9 -40.8  183.246627018
 8.3 -39.8 -40.7  188.395100606
 8.3 -39.7 -40.6  193.435652127
 8.3 -39.6 -40.5  198.364843629
 8.3 -39.5 -40.4  203.179246422
 8.2 -39.4 -40.3  207.875392473
 8.2 -39.4 -40.2  212.449726879
 8.2 -39.3 -40.1  216.89856207
 8.2 -39.2 -40.0  221.218034415
 8.2 -39.1 -39.9  225.404063848
 8.1 -39.0 -39.8  229.452317132
 8.1 -38.9 -39.7  233.358175324
 8.1 -38.8 -39.6  237.116705968
 8.1 -38.7 -39.5  240.722640505
 8.1 -38.6 -39.4  244.170357315
 8.0 -38.5 -39.3  247.453870781
 8.0 -38.4 -39.2  250.566826662
 8.0 -38.3 -39.1  253.502504037
 8.0 -38.2 -39.0  256.253823977
 8.0 -38.1 -38.9  258.81336506
 7.9 -38.0 -38.8  261.17338576
 7.9 -37.9 -38.7  263.325853649
 7.9 -37.8 -38.6  265.262481306
 7.9 -37.7 -38.5  266.974768745
 7.9 -37.6 -38.4  268.454052071
 7.8 -37.5 -38.3  269.691558055
 7.8 -37.4 -38.2  270.678464206
 7.8 -37.3 -38.1  271.405963862
 7.8 -37.2 -38.0  271.865335787
 7.8 -37.1 -37.9  272.048017674
 7.7 -37.0 -37.8  271.9456829
 7.7 -36.9 -37.7  271.550319875
 7.7 -36.8 -37.6  270.854313238
 7.7 -36.7 -37.5  269.850526139
 7.6 -36.6 -37.4  268.532382842
 7.6 -36.5 -37.3  266.893950828
 7.6 -36.4 -37.2  264.930021588
 7.6 -36.3 -37.1  262.636189297
 7.6 -36.2 -37.0  260.008926546
 7.5 -36.1 -36.9  257.045656346
 7.5 -36.0 -36.8  253.744819604
 7.5 -35.9 -36.7  250.105937352
 7.5 -35.8 -36.6  246.129666977
 7.5 -35.7 -36.5  241.81785182
 7.4 -35.6 -36.4  237.17356348
 7.4 -35.5 -36.3  232.201136304
 7.4 -35.4 -36.2  226.906193509
 7.4 -35.3 -36.1  221.295664553
 7.4 -35.2 -36.0  215.377793344
 7.3 -35.1 -35.9  209.162137041
 7.3 -35.0 -35.8  202.659555213
 7.3 -34.9 -35.7  195.882189253
 7.3 -34.8 -35.6  188.843432
 7.3 -34.7 -35.5  181.557887619
 7.2 -34.7 -35.4  174.041321882
 7.2 -34.6 -35.3  166.310603076
 7.2 -34.5 -35.2  158.38363383
 7.2 -34.4 -35.1  150.279274281
 7.2 -34.3 -35.0  142.01725703
 7.1 -34.2 -34.9  133.618094453
 7.1 -34.1 -34.8  125.102978994
 7.1 -34.0 -34.7  116.493677126
 7.1 -33.9 -34.6  107.812417743
 7.1 -33.8 -34.5  99.081775796
 7.0 -33.7 -34.4  90.324552042
 7.0 -33.6 -34.3  81.5636498029
 7.0 -33.5 -34.2  72.8219496882
 7.0 -33.4 -34.1  64.1221832442
 7.0 -33.3 -34.0  55.4868065207
 6.9 -33.2 -33.9  46.9378745541
 6.9 -33.1 -33.8  38.4969177661
 6.9 -33.0 -33.7  30.1848212723
 6.9 -32.9 -33.6  22.0217080766
 6.9 -32.8 -33.5  14.0268271044
 6.8 -32.7 -33.4  6.21844699307
 6.8 -32.6 -33.3 -1.38624348238
 6.8 -32.5 -33.2 -8.77122752127
 6.8 -32.4 -33.1 -15.921744175
 6.7 -32.3 -33.0 -22.8243632845
 6.7 -32.2 -32.9 -29.4670508403
 6.7 -32.1 -32.8 -35.8392242071
 6.7 -32.0 -32.7 -41.9317967331
 6.7 -31.9 -32.6 -47.7372113546
 6.6 -31.8 -32.5 -53.2494628942
 6.6 -31.7 -32.4 -58.4641088453
 6.6 -31.6 -32.3 -63.37826853
 6.6 -31.5 -32.2 -67.990610618
 6.6 -31.4 -32.1 -72.3013290862
 6.5 -31.3 -32.0 -76.3121078021
 6.5 -31.2 -31.9 -80.0260740047
 6.5 -31.1 -31.8 -83.4477410551
 6.5 -31.0 -31.7 -86.5829409179
 6.5 -30.9 -31.6 -89.4387469226
 6.4 -30.8 -31.5 -92.0233874374
 6.4 -30.7 -31.4 -94.3461511663
 6.4 -30.6 -31.3 -96.4172848522
 6.4 -30.5 -31.2 -98.247884233
 6.4 -30.4 -31.1 -99.8497791587
 6.3 -30.3 -31.0 -101.235413825
 6.3 -30.2 -30.9 -102.417723127
 6.3 -30.1 -30.8 -103.410006157
 6.3 -30.1 -30.7 -104.225797922
 6.3 -30.0 -30.6 -104.87874034
 6.2 -29.9 -30.5 -105.382453603
 6.2 -29.8 -30.4 -105.750408994
 6.2 -29.7 -30.3 -105.995804207
 6.2 -29.6 -30.2 -106.131442243
 6.2 -29.5 -30.1 -106.169614869
 6.1 -29.4 -30.0 -106.121991649
 6.1 -29.3 -29.9 -105.999515449
 6.1 -29.2 -29.8 -105.812305313
 6.1 -29.1 -29.7 -105.569567509
 6.1 -29.0 -29.6 -105.279515496
 6.0 -28.9 -29.5 -104.949299472
 6.0 -28.8 -29.4 -104.584946093
 6.0 -28.7 -29.3 -104.191308849
 6.0 -28.6 -29.2 -103.772029519
 6.0 -28.5 -29.1 -103.329511002
 5.9 -28.4 -29.0 -102.864901734
 5.9 -28.3 -28.9 -102.378091823
 5.9 -28.2 -28.8 -101.867720898
 5.9 -28.1 -28.7 -101.331197585
 5.8 -28.0 -28.6 -100.764730437
 5.8 -27.9 -28.5 -100.163370022
 5.8 -27.8 -28.4 -99.5210617899
 5.8 -27.7 -28.3 -98.8307092561
 5.8 -27.6 -28.2 -98.0842469288
 5.7 -27.5 -28.1 -97.2727223533
 5.7 -27.4 -28.0 -96.386386544
 5.7 -27.3 -27.9 -95.4147920205
 5.7 -27.2 -27.8 -94.3468975945
 5.7 -27.1 -27.7 -93.1711789969
 5.6 -27.0 -27.6 -91.8757443913
 5.6 -26.9 -27.5 -90.4484537755
 5.6 -26.8 -27.4 -88.8770412441
 5.6 -26.7 -27.3 -87.1492390636
 5.6 -26.6 -27.2 -85.2529024964
 5.5 -26.5 -27.1 -83.1761343095
 5.5 -26.4 -27.0 -80.9074079065
 5.5 -26.3 -26.9 -78.4356880386
 5.5 -26.2 -26.8 -75.7505480721
 5.5 -26.1 -26.7 -72.8422828246
 5.4 -26.0 -26.6 -69.7020160217
 5.4 -25.9 -26.5 -66.3218014762
 5.4 -25.8 -26.4 -62.6947171464
 5.4 -25.7 -26.3 -58.8149512989
 5.4 -25.6 -26.2 -54.6778800649
 5.3 -25.5 -26.1 -50.2801357614
 5.3 -25.5 -26.0 -45.6196654266
 5.3 -25.4 -25.9 -40.6957791052
 5.3 -25.3 -25.8 -35.5091875102
 5.3 -25.2 -25.7 -30.062028778
 5.2 -25.1 -25.6 -24.3578841293
 5.2 -25.0 -25.5 -18.4017823439
 5.2 -24.9 -25.4 -12.2001930517
 5.2 -24.8 -25.3 -5.7610089394
 5.2 -24.7 -25.2  0.906482935306
 5.1 -24.6 -25.1  7.79164043819
 5.1 -24.5 -25.0  14.8825158888
 5.1 -24.4 -24.9  22.1659153697
 5.1 -24.3 -24.8  29.6274672774
 5.1 -24.2 -24.7  37.2516995021
 5.0 -24.1 -24.6  45.0221245555
 5.0 -24.0 -24.5  52.9213319028
 5.0 -23.9 -24.4  60.9310866979
 5.0 -23.8 -24.3  69.032434076
 4.9 -23.7 -24.2  77.205808114
 4.9 -23.6 -24.1  85.4311445388
 4.9 -23.5 -24.0  93.6879962396
 4.9 -23.4 -23.9  101.955650625
 4.9 -23.3 -23.8  110.213247859
 4.8 -23.2 -23.7  118.439899012
 4.8 -23.1 -23.6  126.61480317
 4.8 -23.0 -23.5  134.71736258
 4.8 -22.9 -23.4  142.727294906
 4.8 -22.8 -23.3  150.624741743
 4.7 -22.7 -23.2  158.39037254
 4.7 -22.6 -23.1  166.005483177
 4.7 -22.5 -23.0  173.45208845
 4.7 -22.4 -22.9  180.71300781
 4.7 -22.3 -22.8  187.771943775
 4.6 -22.2 -22.7  194.613552476
 4.6 -22.1 -22.6  201.223505903
 4.6 -22.0 -22.5  207.588545484
 4.6 -21.9 -22.4  213.696526711
 4.6 -21.8 -22.3  219.536454625
 4.5 -21.7 -22.2  225.098510026
 4.5 -21.6 -22.1  230.374066405
 4.5 -21.5 -22.0  235.35569763
 4.5 -21.4 -21.9  240.037176538
 4.5 -21.3 -21.8  244.413464652
 4.4 -21.2 -21.7  248.480693312
 4.4 -21.1 -21.6  252.2361366
 4.4 -21.0 -21.5  255.678176496
 4.4 -20.9 -21.4  258.806260773
 4.4 -20.8 -21.3  261.620854194
 4.3 -20.8 -21.2  264.123383636
 4.3 -20.7 -21.1  266.316177799
 4.3 -20.6 -21.0  268.202402214
 4.3 -20.5 -20.9  269.785990286
 4.3 -20.4 -20.8  271.07157113
 4.2 -20.3 -20.7  272.064395
 4.2 -20.2 -20.6  272.770257078
 4.2 -20.1 -20.5  273.195420439
 4.2 -20.0 -20.4  273.346538971
 4.2 -19.9 -20.3  273.230581025
 4.1 -19.8 -20.2  272.854754547
 4.1 -19.7 -20.1  272.226434429
 4.1 -19.6 -20.0  271.353092762
 4.1 -19.5 -19.9  270.242232637
 4.0 -19.4 -19.8  268.901326112
 4.0 -19.3 -19.7  267.337756879
 4.0 -19.2 -19.6  265.558768132
 4.0 -19.1 -19.5  263.571416062
 4.0 -19.0 -19.4  261.382529347
 3.9 -18.9 -19.3  258.998674922
 3.9 -18.8 -19.2  256.426130266
 3.9 -18.7 -19.1  253.670862336
 3.9 -18.6 -19.0  250.738513249
 3.9 -18.5 -18.9  247.634392689
 3.8 -18.4 -18.8  244.36347698
 3.8 -18.3 -18.7  240.930414684
 3.8 -18.2 -18.6  237.339538491
 3.8 -18.1 -18.5  233.594883146
 3.8 -18.0 -18.4  229.700209038
 3.7 -17.9 -18.3  225.659031064
 3.7 -17.8 -18.2  221.474652302
 3.7 -17.7 -18.1  217.150201967
 3.7 -17.6 -18.0  212.688677116
 3.7 -17.5 -17.9  208.09298748
 3.6 -17.4 -17.8  203.366002815
 3.6 -17.3 -17.7  198.510602107
 3.6 -17.2 -17.6  193.529723954
 3.6 -17.1 -17.5  188.426417454
 3.6 -17.0 -17.4  183.203892897
 3.5 -16.9 -17.3  177.86557158
 3.5 -16.8 -17.2  172.415134074
 3.5 -16.7 -17.1  166.856566267
 3.5 -16.6 -17.0  161.194202575
 3.5 -16.5 -16.9  155.432765689
 3.4 -16.4 -16.8  149.577402312
 3.4 -16.3 -16.7  143.633714351
 3.4 -16.2 -16.6  137.607785095
 3.4 -16.2 -16.5  131.506199952
 3.4 -16.1 -16.4  125.336061381
 3.3 -16.0 -16.3  119.104997726
 3.3 -15.9 -16.2  112.821165704
 3.3 -15.8 -16.1  106.493246384
 3.3 -15.7 -16.0  100.130434557
 3.3 -15.6 -15.9  93.7424214664
 3.2 -15.5 -15.8  87.3393709444
 3.2 -15.4 -15.7  80.9318890662
 3.2 -15.3 -15.6  74.5309875057
 3.2 -15.2 -15.5  68.1480408467
 3.1 -15.1 -15.4  61.794738167
 3.1 -15.0 -15.3  55.4830292777
 3.1 -14.9 -15.2  49.2250660591
 3.1 -14.8 -15.1  43.033139389
 3.1 -14.7 -15.0  36.9196122111
 3.0 -14.6 -14.9  30.8968493355
 3.0 -14.5 -14.8  24.9771446024
 3.0 -14.4 -14.7  19.1726460736
 3.0 -14.3 -14.6  13.4952799431
 3.0 -14.2 -14.5  7.95667387792
 2.9 -14.1 -14.4  2.56808051253
 2.9 -14.0 -14.3 -2.65969817421
 2.9 -13.9 -14.2 -7.71638487109
 2.9 -13.8 -14.1 -12.5922986177
 2.9 -13.7 -14.0 -17.278423456
 2.8 -13.6 -13.9 -21.7664733707
 2.8 -13.5 -13.8 -26.0489528699
 2.8 -13.4 -13.7 -30.1192125922
 2.8 -13.3 -13.6 -33.9714993707
 2.8 -13.2 -13.5 -37.6010002341
 2.7 -13.1 -13.4 -41.0038798744
 2.7 -13.0 -13.3 -44.1773111762
 2.7 -12.9 -13.2 -47.11949846
 2.7 -12.8 -13.1 -49.8296931617
 2.7 -12.7 -13.0 -52.3082017397
 2.6 -12.6 -12.9 -54.5563856733
 2.6 -12.5 -12.8 -56.5766534893
 2.6 -12.4 -12.7 -58.3724448297
 2.6 -12.3 -12.6 -59.9482066472
 2.6 -12.2 -12.5 -61.3093616911
 2.5 -12.1 -12.4 -62.4622695185
 2.5 -12.0 -12.3 -63.4141803369
 2.5 -11.9 -12.2 -64.1731820543
 2.5 -11.8 -12.1 -64.7481409776
 2.5 -11.7 -12.0 -65.1486366599
 2.4 -11.6 -11.9 -65.3848914579
 2.4 -11.6 -11.8 -65.4676954075
 2.4 -11.5 -11.7 -65.4083270765
 2.4 -11.4 -11.6 -65.2184710891
 2.4 -11.3 -11.5 -64.9101330528
 2.3 -11.2 -11.4 -64.4955526433
 2.3 -11.1 -11.3 -63.9871156239
 2.3 -11.0 -11.2 -63.3972655849
 2.3 -10.9 -11.1 -62.7384161961
 2.2 -10.8 -11.0 -62.0228647605
 2.2 -10.7 -10.9 -61.2627078462
 2.2 -10.6 -10.8 -60.4697597562
 2.2 -10.5 -10.7 -59.6554745697
 2.2 -10.4 -10.6 -58.8308724556
 2.1 -10.3 -10.5 -58.0064709189
 2.1 -10.2 -10.4 -57.1922215962
 2.1 -10.1 -10.3 -56.3974531612
 2.1 -10.0 -10.2 -55.6308208476
 2.1 -9.9 -10.1 -54.9002630294
 2.0 -9.8 -10.0 -54.212965235
 2.0 -9.7 -9.9 -53.5753318992
 2.0 -9.6 -9.8 -52.9929660812
 2.0 -9.5 -9.7 -52.4706573038
 2.0 -9.4 -9.6 -52.0123775862
 1.9 -9.3 -9.5 -51.6212856678
 1.9 -9.2 -9.4 -51.2997393367
 1.9 -9.1 -9.3 -51.049315701
 1.9 -9.0 -9.2 -50.8708391608
 1.9 -8.9 -9.1 -50.764416765
 1.8 -8.8 -9.0 -50.7294805623
 1.8 -8.7 -8.9 -50.7648364884
 1.8 -8.6 -8.8 -50.8687192644
 1.8 -8.5 -8.7 -51.0388527223
 1.8 -8.4 -8.6 -51.2725149184
 1.7 -8.3 -8.5 -51.5666073458
 1.7 -8.2 -8.4 -51.9177275155
 1.7 -8.1 -8.3 -52.3222441392
 1.7 -8.0 -8.2 -52.7763741205
 1.7 -7.9 -8.1 -53.2762605367
 1.6 -7.8 -8.0 -53.8180507857
 1.6 -7.7 -7.9 -54.3979740625
 1.6 -7.6 -7.8 -55.012417336
 1.6 -7.5 -7.7 -55.6579990078
 1.6 -7.4 -7.6 -56.3316394511
 1.5 -7.3 -7.5 -57.0306276593
 1.5 -7.2 -7.4 -57.7526832639
 1.5 -7.1 -7.3 -58.4960132259
 1.5 -7.0 -7.2 -59.2593625536
 1.5 -6.9 -7.1 -60.0420584539
 1.4 -6.9 -7.0 -60.8440473866
 1.4 -6.8 -6.9 -61.6659245573
 1.4 -6.7 -6.8 -62.5089554581
 1.4 -6.6 -6.7 -63.3750891377
 1.3 -6.5 -6.6 -64.2669629663
 1.3 -6.4 -6.5 -65.1878987395
 1.3 -6.3 -6.4 -66.1418900519
 1.3 -6.2 -6.3 -67.1335809553
 1.3 -6.1 -6.2 -68.1682360026
 1.2 -6.0 -6.1 -69.2517018649
 1.2 -5.9 -6.0 -70.3903607929
 1.2 -5.8 -5.9 -71.591076276
 1.2 -5.7 -5.8 -72.8611313324
 1.2 -5.6 -5.7 -74.20815994
 1.1 -5.5 -5.6 -75.6400721895
 1.1 -5.4 -5.5 -77.1649738068
 1.1 -5.3 -5.4 -78.7910807554
 1.1 -5.2 -5.3 -80.5266296823
 1.1 -5.1 -5.2 -82.379785021
 1.0 -5.0 -5.1 -84.358543604
 1.0 -4.9 -5.0 -86.4706376742
 1.0 -4.8 -4.9 -88.7234372053
 1.0 -4.7 -4.8 -91.1238524625
 1.0 -4.6 -4.7 -93.6782377407
 0.9 -4.5 -4.6 -96.3922972186
 0.9 -4.4 -4.5 -99.2709938584
 0.9 -4.3 -4.4 -102.318462262
 0.9 -4.2 -4.3 -105.537926369
 0.9 -4.1 -4.2 -108.931622853
 0.8 -4.0 -4.1 -112.500731017
 0.8 -3.9 -4.0 -116.245309958
 0.8 -3.8 -3.9 -120.164243687
 0.8 -3.7 -3.8 -124.255194867
 0.8 -3.6 -3.7 -128.514567705
 0.7 -3.5 -3.6 -132.937480518
 0.7 -3.4 -3.5 -137.517748364
 0.7 -3.3 -3.4 -142.247876073
 0.7 -3.2 -3.3 -147.119061908
 0.7 -3.1 -3.2 -152.121212005
 0.6 -3.0 -3.1 -157.242965641
 0.6 -2.9 -3.0 -162.47173128
 0.6 -2.8 -2.9 -167.793733275
 0.6 -2.7 -2.8 -173.194068971
 0.6 -2.6 -2.7 -178.6567759
 0.5 -2.5 -2.6 -184.164908647
 0.5 -2.4 -2.5 -189.700624881
 0.5 -2.3 -2.4 -195.245279966
 0.5 -2.3 -2.3 -200.779529484
 0.4 -2.2 -2.2 -206.283438941
 0.4 -2.1 -2.1 -211.736599833
 0.4 -2.0 -2.0 -217.118251221
 0.4 -1.9 -1.9 -222.407405888
 0.4 -1.8 -1.8 -227.582980111
 0.3 -1.7 -1.7 -232.623926052
 0.3 -1.6 -1.6 -237.509365733
 0.3 -1.5 -1.5 -242.218725537
 0.3 -1.4 -1.4 -246.731870192
 0.3 -1.3 -1.3 -251.029235154
 0.2 -1.2 -1.2 -255.091956345
 0.2 -1.1 -1.1 -258.901996203
 0.2 -1.0 -1.0 -262.44226503
 0.2 -0.9 -0.9 -265.696736663
 0.2 -0.8 -0.8 -268.65055753
 0.1 -0.7 -0.7 -271.290148196
 0.1 -0.6 -0.6 -273.603296597
 0.1 -0.5 -0.5 -275.579242178
 0.1 -0.4 -0.4 -277.208750263
 0.1 -0.3 -0.3 -278.484176042
 0.0 -0.2 -0.2 -279.399517661
 0.0 -0.1 -0.1 -279.950457962
 0.0  0.0  0.0 -280.134394557
-0.0  0.1  0.1 -279.950457962
-0.0  0.2  0.2 -279.399517661
-0.1  0.3  0.3 -278.484176042
-0.1  0.4  0.4 -277.208750263
-0.1  0.5  0.5 -275.579242178
-0.1  0.6  0.6 -273.603296597
-0.1  0.7  0.7 -271.290148196
-0.2  0.8  0.8 -268.65055753
-0.2  0.9  0.9 -265.696736663
-0.2  1.0  1.0 -262.44226503
-0.2  1.1  1.1 -258.901996203
-0.2  1.2  1.2 -255.091956345
-0.3  1.3  1.3 -251.029235154
-0.3  1.4  1.4 -246.731870192
-0.3  1.5  1.5 -242.218725537
-0.3  1.6  1.6 -237.509365733
-0.3  1.7  1.7 -232.623926052
-0.4  1.8  1.8 -227.582980111
-0.4  1.9  1.9 -222.407405888
-0.4  2.0  2.0 -217.118251221
-0.4  2.1  2.1 -211.736599833
-0.4  2.2  2.2 -206.283438941
-0.5  2.3  2.3 -200.779529484
-0.5  2.3  2.4 -195.245279966
-0.5  2.4  2.5 -189.700624881
-0.5  2.5  2.6 -184.164908647
-0.6  2.6  2.7 -178.6567759
-0.6  2.7  2.8 -173.194068971
-0.6  2.8  2.9 -167.793733275
-0.6  2.9  3.0 -162.47173128
-0.6  3.0  3.1 -157.242965641
-0.7  3.1  3.2 -152.121212005
-0.7  3.2  3.3 -147.119061908
-0.7  3.3  3.4 -142.247876073
-0.7  3.4  3.5 -137.517748364
-0.7  3.5  3.6 -132.937480518
-0.8  3.6  3.7 -128.514567705
-0.8  3.7  3.8 -124.255194867
-0.8  3.8  3.9 -120.164243687
-0.8  3.9  4.0 -116.245309958
-0.8  4.0  4.1 -112.500731017
-0.9  4.1  4.2 -108.931622853
-0.9  4.2  4.3 -105.537926369
-0.9  4.3  4.4 -102.318462262
-0.9  4.4  4.5 -99.2709938584
-0.9  4.5  4.6 -96.3922972186
-1.0  4.6  4.7 -93.6782377407
-1.0  4.7  4.8 -91.1238524625
-1.0  4.8  4.9 -88.7234372053
-1.0  4.9  5.0 -86.4706376742
-1.0  5.0  5.1 -84.358543604
-1.1  5.1  5.2 -82.379785021
-1.1  5.2  5.3 -80.5266296823
-1.1  5.3  5.4 -78.7910807554
-1.1  5.4  5.5 -77.1649738068
-1.1  5.5  5.6 -75.6400721895
-1.2  5.6  5.7 -74.20815994
-1.2  5.7  5.8 -72.8611313324
-1.2  5.8  5.9 -71.591076276
-1.2  5.9  6.0 -70.3903607929
-1.2  6.0  6.1 -69.2517018649
-1.3  6.1  6.2 -68.1682360026
-1.3  6.2  6.3 -67.1335809553
-1.3  6.3  6.4 -66.1418900519
-1.3  6.4  6.5 -65.1878987395
-1.3  6.5  6.6 -64.2669629663
-1.4  6.6  6.7 -63.3750891377
-1.4  6.7  6.8 -62.5089554581
-1.4  6.8  6.9 -61.6659245573
-1.4  6.9  7.0 -60.8440473866
-1.5  6.9  7.1 -60.0420584539
-1.5  7.0  7.2 -59.2593625536
-1.5  7.1  7.3 -58.4960132259
-1.5  7.2  7.4 -57.7526832639
-1.5  7.3  7.5 -57.0306276593
-1.6  7.4  7.6 -56.3316394511
-1.6  7.5  7.7 -55.6579990078
-1.6  7.6  7.8 -55.012417336
-1.6  7.7  7.9 -54.3979740625
-1.6  7.8  8.0 -53.8180507857
-1.7  7.9  8.1 -53.2762605367
-1.7  8.0  8.2 -52.7763741205
-1.7  8.1  8.3 -52.3222441392
-1.7  8.2  8.4 -51.9177275155
-1.7  8.3  8.5 -51.5666073458
-1.8  8.4  8.6 -51.2725149184
-1.8  8.5  8.7 -51.0388527223
-1.8  8.6  8.8 -50.8687192644
-1.8  8.7  8.9 -50.7648364884
-1.8  8.8  9.0 -50.7294805623
-1.9  8.9  9.1 -50.764416765
-1.9  9.0  9.2 -50.8708391608
-1.9  9.1  9.3 -51.049315701
-1.9  9.2  9.4 -51.2997393367
-1.9  9.3  9.5 -51.6212856678
-2.0  9.4  9.6 -52.0123775862
-2.0  9.5  9.7 -52.4706573038
-2.0  9.6  9.8 -52.9929660812
-2.0  9.7  9.9 -53.5753318992
-2.0  9.8  10.0 -54.212965235
-2.1  9.9  10.1 -54.9002630294
-2.1  10.0  10.2 -55.6308208476
-2.1  10.1  10.3 -56.3974531612
-2.1  10.2  10.4 -57.1922215962
-2.1  10.3  10.5 -58.0064709189
-2.2  10.4  10.6 -58.8308724556
-2.2  10.5  10.7 -59.6554745697
-2.2  10.6  10.8 -60.4697597562
-2.2  10.7  10.9 -61.2627078462
-2.2  10.8  11.0 -62.0228647605
-2.3  10.9  11.1 -62.7384161961
-2.3  11.0  11.2 -63.3972655849
-2.3  11.1  11.3 -63.9871156239
-2.3  11.2  11.4 -64.4955526433
-2.4  11.3  11.5 -64.9101330528
-2.4  11.4  11.6 -65.2184710891
-2.4  11.5  11.7 -65.4083270765
-2.4  11.6  11.8 -65.4676954075
-2.4  11.6  11.9 -65.3848914579
-2.5  11.7  12.0 -65.1486366599
-2.5  11.8  12.1 -64.7481409776
-2.5  11.9  12.2 -64.1731820543
-2.5  12.0  12.3 -63.4141803369
-2.5  12.1  12.4 -62.4622695185
-2.6  12.2  12.5 -61.3093616911
-2.6  12.3  12.6 -59.9482066472
-2.6  12.4  12.7 -58.3724448297
-2.6  12.5  12.8 -56.5766534893
-2.6  12.6  12.9 -54.5563856733
-2.7  12.7  13.0 -52.3082017397
-2.7  12.8  13.1 -49.8296931617
-2.7  12.9  13.2 -47.11949846
-2.7  13.0  13.3 -44.1773111762
-2.7  13.1  13.4 -41.0038798744
-2.8  13.2  13.5 -37.6010002341
-2.8  13.3  13.6 -33.9714993707
-2.8  13.4  13.7 -30.1192125922
-2.8  13.5  13.8 -26.0489528699
-2.8  13.6  13.9 -21.7664733707
-2.9  13.7  14.0 -17.278423456
-2.9  13.8  14.1 -12.5922986177
-2.9  13.9  14.2 -7.71638487109
-2.9  14.0  14.3 -2.65969817421
-2.9  14.1  14.4  2.56808051253
-3.0  14.2  14.5  7.95667387792
-3.0  14.3  14.6  13.4952799431
-3.0  14.4  14.7  19.1726460736
-3.0  14.5  14.8  24.9771446024
-3.0  14.6  14.9  30.8968493355
-3.1  14.7  15.0  36.9196122111
-3.1  14.8  15.1  43.033139389
-3.1  14.9  15.2  49.2250660591
-3.1  15.0  15.3  55.4830292777
-3.1  15.1  15.4  61.794738167
-3.2  15.2  15.5  68.1480408467
-3.2  15.3  15.6  74.5309875057
-3.2  15.4  15.7  80.9318890662
-3.2  15.5  15.8  87.3393709444
-3.3  15.6  15.9  93.7424214664
-3.3  15.7  16.0  100.130434557
-3.3  15.8  16.1  106.493246384
-3.3  15.9  16.2  112.821165704
-3.3  16.0  16.3  119.104997726
-3.4  16.1  16.4  125.336061381
-3.4  16.2  16.5  131.506199952
-3.4  16.2  16.6  137.607785095
-3.4  16.3  16.7  143.633714351
-3.4  16.4  16.8  149.577402312
-3.5  16.5  16.9  155.432765689
-3.5  16.6  17.0  161.194202575
-3.5  16.7  17.1  166.856566267
-3.5  16.8  17.2  172.415134074
-3.5  16.9  17.3  177.86557158
-3.6  17.0  17.4  183.203892897
-3.6  17.1  17.5  188.426417454
-3.6  17.2  17.6  193.529723954
-3.6  17.3  17.7  198.510602107
-3.6  17.4  17.8  203.366002815
-3.7  17.5  17.9  208.09298748
-3.7  17.6  18.0  212.688677116
-3.7  17.7  18.1  217.150201967
-3.7  17.8  18.2  221.474652302
-3.7  17.9  18.3  225.659031064
-3.8  18.0  18.4  229.700209038
-3.8  18.1  18.5  233.594883146
-3.8  18.2  18.6  237.339538491
-3.8  18.3  18.7  240.930414684
-3.8  18.4  18.8  244.36347698
-3.9  18.5  18.9  247.634392689
-3.9  18.6  19.0  250.738513249
-3.9  18.7  19.1  253.670862336
-3.9  18.8  19.2  256.426130266
-3.9  18.9  19.3  258.998674922
-4.0  19.0  19.4  261.382529347
-4.0  19.1  19.5  263.571416062
-4.0  19.2  19.6  265.558768132
-4.0  19.3  19.7  267.337756879
-4.0  19.4  19.8  268.901326112
-4.1  19.5  19.9  270.242232637
-4.1  19.6  20.0  271.353092762
-4.1  19.7  20.1  272.226434429
-4.1  19.8  20.2  272.854754547
-4.2  19.9  20.3  273.230581025
-4.2  20.0  20.4  273.346538971
-4.2  20.1  20.5  273.195420439
-4.2  20.2  20.6  272.770257078
-4.2  20.3  20.7  272.064395
-4.3  20.4  20.8  271.07157113
-4.3  20.5  20.9  269.785990286
-4.3  20.6  21.0  268.202402214
-4.3  20.7  21.1  266.316177799
-4.3  20.8  21.2  264.123383636
-4.4  20.8  21.3  261.620854194
-4.4  20.9  21.4  258.806260773
-4.4  21.0  21.5  255.678176496
-4.4  21.1  21.6  252.2361366
-4.4  21.2  21.7  248.480693312
-4.5  21.3  21.8  244.413464652
-4.5  21.4  21.9  240.037176538
-4.5  21.5  22.0  235.35569763
-4.5  21.6  22.1  230.374066405
-4.5  21.7  22.2  225.098510026
-4.6  21.8  22.3  219.536454625
-4.6  21.9  22.4  213.696526711
-4.6  22.0  22.5  207.588545484
-4.6  22.1  22.6  201.223505903
-4.6  22.2  22.7  194.613552476
-4.7  22.3  22.8  187.771943775
-4.7  22.4  22.9  180.71300781
-4.7  22.5  23.0  173.45208845
-4.7  22.6  23.1  166.005483177
-4.7  22.7  23.2  158.39037254
-4.8  22.8  23.3  150.624741743
-4.8  22.9  23.4  142.727294906
-4.8  23.0  23.5  134.71736258
-4.8  23.1  23.6  126.61480317
-4.8  23.2  23.7  118.439899012
-4.9  23.3  23.8  110.213247859
-4.9  23.4  23.9  101.955650625
-4.9  23.5  24.0  93.6879962396
-4.9  23.6  24.1  85.4311445388
-4.9  23.7  24.2  77.205808114
-5.0  23.8  24.3  69.032434076
-5.0  23.9  24.4  60.9310866979
-5.0  24.0  24.5  52.9213319028
-5.0  24.1  24.6  45.0221245555
-5.1  24.2  24.7  37.2516995021
-5.1  24.3  24.8  29.6274672774
-5.1  24.4  24.9  22.1659153697
-5.1  24.5  25.0  14.8825158888
-5.1  24.6  25.1  7.79164043819
-5.2  24.7  25.2  0.906482935306
-5.2  24.8  25.3 -5.7610089394
-5.2  24.9  25.4 -12.2001930517
-5.2  25.0  25.5 -18.4017823439
-5.2  25.1  25.6 -24.3578841293
-5.3  25.2  25.7 -30.062028778
-5.3  25.3  25.8 -35.5091875102
-5.3  25.4  25.9 -40.6957791052
-5.3  25.5  26.0 -45.6196654266
-5.3  25.5  26.1 -50.2801357614
-5.4  25.6  26.2 -54.6778800649
-5.4  25.7  26.3 -58.8149512989
-5.4  25.8  26.4 -62.6947171464
-5.4  25.9  26.5 -66.3218014762
-5.4  26.0  26.6 -69.7020160217
-5.5  26.1  26.7 -72.8422828246
-5.5  26.2  26.8 -75.7505480721
-5.5  26.3  26.9 -78.4356880386
-5.5  26.4  27.0 -80.9074079065
-5.5  26.5  27.1 -83.1761343095
-5.6  26.6  27.2 -85.2529024964
-5.6  26.7  27.3 -87.1492390636
-5.6  26.8  27.4 -88.8770412441
-5.6  26.9  27.5 -90.4484537755
-5.6  27.0  27.6 -91.8757443913
-5.7  27.1  27.7 -93.1711789969
-5.7  27.2  27.8 -94.3468975945
-5.7  27.3  27.9 -95.4147920205
-5.7  27.4  28.0 -96.386386544
-5.7  27.5  28.1 -97.2727223533
-5.8  27.6  28.2 -98.0842469288
-5.8  27.7  28.3 -98.8307092561
-5.8  27.8  28.4 -99.5210617899
-5.8  27.9  28.5 -100.163370022
-5.8  28.0  28.6 -100.764730437
-5.9  28.1  28.7 -101.331197585
-5.9  28.2  28.8 -101.867720898
-5.9  28.3  28.9 -102.378091823
-5.9  28.4  29.0 -102.864901734
-6.0  28.5  29.1 -103.329511002
-6.0  28.6  29.2 -103.772029519
-6.0  28.7  29.3 -104.191308849
-6.0  28.8  29.4 -104.584946093
-6.0  28.9  29.5 -104.949299472
-6.1  29.0  29.6 -105.279515496
-6.1  29.1  29.7 -105.569567509
-6.1  29.2  29.8 -105.812305313
-6.1  29.3  29.9 -105.999515449
-6.1  29.4  30.0 -106.121991649
-6.2  29.5  30.1 -106.169614869
-6.2  29.6  30.2 -106.131442243
-6.2  29.7  30.3 -105.995804207
-6.2  29.8  30.4 -105.750408994
-6.2  29.9  30.5 -105.382453603
-6.3  30.0  30.6 -104.87874034
-6.3  30.1  30.7 -104.225797922
-6.3  30.1  30.8 -103.410006157
-6.3  30.2  30.9 -102.417723127
-6.3  30.3  31.0 -101.235413825
-6.4  30.4  31.1 -99.8497791587
-6.4  30.5  31.2 -98.247884233
-6.4  30.6  31.3 -96.4172848522
-6.4  30.7  31.4 -94.3461511663
-6.4  30.8  31.5 -92.0233874374
-6.5  30.9  31.6 -89.4387469226
-6.5  31.0  31.7 -86.5829409179
-6.5  31.1  31.8 -83.4477410551
-6.5  31.2  31.9 -80.0260740047
-6.5  31.3  32.0 -76.3121078021
-6.6  31.4  32.1 -72.3013290862
-6.6  31.5  32.2 -67.990610618
-6.6  31.6  32.3 -63.37826853
-6.6  31.7  32.4 -58.4641088453
-6.6  31.8  32.5 -53.2494628942
-6.7  31.9  32.6 -47.7372113546
-6.7  32.0  32.7 -41.9317967331
-6.7  32.1  32.8 -35.8392242071
-6.7  32.2  32.9 -29.4670508403
-6.7  32.3  33.0 -22.8243632845
-6.8  32.4  33.1 -15.921744175
-6.8  32.5  33.2 -8.77122752127
-6.8  32.6  33.3 -1.38624348238
-6.8  32.7  33.4  6.21844699307
-6.9  32.8  33.5  14.0268271044
-6.9  32.9  33.6  22.0217080766
-6.9  33.0  33.7  30.1848212723
-6.9  33.1  33.8  38.4969177661
-6.9  33.2  33.9  46.9378745541
-7.0  33.3  34.0  55.4868065207
-7.0  33.4  34.1  64.1221832442
-7.0  33.5  34.2  72.8219496882
-7.0  33.6  34.3  81.5636498029
-7.0  33.7  34.4  90.324552042
-7.1  33.8  34.5  99.081775796
-7.1  33.9  34.6  107.812417743
-7.1  34.0  34.7  116.493677126
-7.1  34.1  34.8  125.102978994
-7.1  34.2  34.9  133.618094453
-7.2  34.3  35.0  142.01725703
-7.2  34.4  35.1  150.279274281
-7.2  34.5  35.2  158.38363383
-7.2  34.6  35.3  166.310603076
-7.2  34.7  35.4  174.041321882
-7.3  34.7  35.5  181.557887619
-7.3  34.8  35.6  188.843432
-7.3  34.9  35.7  195.882189253
-7.3  35.0  35.8  202.659555213
-7.3  35.1  35.9  209.162137041
-7.4  35.2  36.0  215.377793344
-7.4  35.3  36.1  221.295664553
-7.4  35.4  36.2  226.906193509
-7.4  35.5  36.3  232.201136304
-7.4  35.6  36.4  237.17356348
-7.5  35.7  36.5  241.81785182
-7.5  35.8  36.6  246.129666977
-7.5  35.9  36.7  250.105937352
-7.5  36.0  36.8  253.744819604
-7.5  36.1  36.9  257.045656346
-7.6  36.2  37.0  260.008926546
-7.6  36.3  37.1  262.636189297
-7.6  36.4  37.2  264.930021588
-7.6  36.5  37.3  266.893950828
-7.6  36.6  37.4  268.532382842
-7.7  36.7  37.5  269.850526139
-7.7  36.8  37.6  270.854313238
-7.7  36.9  37.7  271.550319875
-7.7  37.0  37.8  271.9456829
-7.8  37.1  37.9  272.048017674
-7.8  37.2  38.0  271.865335787
-7.8  37.3  38.1  271.405963862
-7.8  37.4  38.2  270.678464206
-7.8  37.5  38.3  269.691558055
-7.9  37.6  38.4  268.454052071
-7.9  37.7  38.5  266.974768745
-7.9  37.8  38.6  265.262481306
-7.9  37.9  38.7  263.325853649
-7.9  38.0  38.8  261.17338576
-8.0  38.1  38.9  258.81336506
-8.0  38.2  39.0  256.253823977
-8.0  38.3  39.1  253.502504037
-8.0  38.4  39.2  250.566826662
-8.0  38.5  39.3  247.453870781
-8.1  38.6  39.4  244.170357315
-8.1  38.7  39.5  240.722640505
-8.1  38.8  39.6  237.116705968
-8.1  38.9  39.7  233.358175324
-8.1  39.0  39.8  229.452317132
-8.2  39.1  39.9  225.404063848
-8.2  39.2  40.0  221.218034415
-8.2  39.3  40.1  216.89856207
-8.2  39.4  40.2  212.449726879
-8.2  39.4  40.3  207.875392473
-8.3  39.5  40.4  203.179246422
-8.3  39.6  40.5  198.364843629
-8.3  39.7  40.6  193.435652127
-8.3  39.8  40.7  188.395100606
-8.3  39.9  40.8  183.246627018
-8.4  40.0  40.9  177.99372756
-8.4  40.1  41.0  172.640005389
-8.4  40.2  41.1  167.189218356
-8.4  40.3  41.2  161.645325145
-8.4  40.4  41.3  156.012529145
-8.5  40.5  41.4  150.295319461
-8.5  40.6  41.5  144.498508496
-8.5  40.7  41.6  138.627265545
-8.5  40.8  41.7  132.687145931
-8.5  40.9  41.8  126.684115229
-8.6  41.0  41.9  120.624568202
-8.6  41.1  42.0  114.515342116
-8.6  41.2  42.1  108.363724166
-8.6  41.3  42.2  102.177452825
-8.7  41.4  42.3  95.9647129696
-8.7  41.5  42.4  89.7341247362
-8.7  41.6  42.5  83.4947260919
-8.7  41.7  42.6  77.2559492136
-8.7  41.8  42.7  71.0275908092
-8.8  41.9  42.8  64.8197765943
-8.8  42.0  42.9  58.6429202011
-8.8  42.1  43.0  52.5076768563
-8.8  42.2  43.1  46.4248922268
-8.8  42.3  43.2  40.4055468851
-8.9  42.4  43.3  34.4606968981
-8.9  42.5  43.4  28.6014110869
-8.9  42.6  43.5  22.8387055467
-8.9  42.7  43.6  17.1834760501
-8.9  42.8  43.7  11.6464289826
-9.0  42.9  43.8  6.23801148292
-9.0  43.0  43.9  0.968341474437
-9.0  43.1  44.0 -4.15286172004
-9.0  43.2  44.1 -9.11634548513
-9.0  43.3  44.2 -13.9133900546
-9.1  43.4  44.3 -18.5358720145
-9.1  43.5  44.4 -22.9763245137
-9.1  43.6  44.5 -27.2279935571
-9.1  43.7  44.6 -31.2848897885
-9.1  43.8  44.7 -35.1418352101
-9.2  43.9  44.8 -38.794504333
-9.2  44.0  44.9 -42.2394593006
-9.2  44.0  45.0 -45.474178586
-9.2  44.1  45.1 -48.4970789208
-9.2  44.2  45.2 -51.3075301799
-9.3  44.3  45.3 -53.9058630097
-9.3  44.4  45.4 -56.2933690596
-9.3  44.5  45.5 -58.4722937452
-9.3  44.6  45.6 -60.4458215439
-9.3  44.7  45.7 -62.2180538968
-9.4  44.8  45.8 -63.7939798611
-9.4  44.9  45.9 -65.1794397286
-9.4  45.0  46.0 -66.381081895
-9.4  45.1  46.1 -67.4063133309
-9.4  45.2  46.2 -68.2632440681
-9.5  45.3  46.3 -68.9606261754
-9.5  45.4  46.4 -69.5077877533
-9.5  45.5  46.5 -69.9145625255
-9.5  45.6  46.6 -70.1912156517
-9.5  45.7  46.7 -70.3483664251
-9.6  45.8  46.8 -70.3969085488
-9.6  45.9  46.9 -70.3479287146
-9.6  46.0  47.0 -70.2126242219
-9.6  46.1  47.1 -70.0022203916
-9.7  46.2  47.2 -69.7278885314
-9.7  46.3  47.3 -69.4006652062
-9.7  46.4  47.4 -69.0313735589
-9.7  46.5  47.5 -68.6305474086
-9.7  46.6  47.6 -68.2083588279
-9.8  46.7  47.7 -67.7745498721
-9.8  46.8  47.8 -67.3383690926
-9.8  46.9  47.9 -66.9085134227
-9.8  47.0  48.0 -66.4930759762
-9.8  47.1  48.1 -66.0995002399
-9.9  47.2  48.2 -65.7345410839
-9.9  47.3  48.3 -65.4042329455
-9.9  47.4  48.4 -65.1138654762
-9.9  47.5  48.5 -64.8679668693
-9.9  47.6  48.6 -64.6702950083
-10.0  47.7  48.7 -64.5238365056
-10.0  47.8  48.8 -64.4308136194
-10.0  47.9  48.9 -64.3926989617
-10.0  48.0  49.0 -64.4102378341
-10.0  48.1  49.1 -64.4834779509
-10.1  48.2  49.2 -64.6118062376
-10.1  48.3  49.3 -64.7939923207
-10.1  48.4  49.4 -65.0282382581
-10.1  48.5  49.5 -65.312233996
-10.1  48.6  49.6 -65.6432179796
-10.2  48.6  49.7 -66.0180422913
-10.2  48.7  49.8 -66.4332416432
-10.2  48.8  49.9 -66.8851055094
-10.2  48.9  50.0 -67.3697526478
