x lower upper
-145.0 -20.8  20.8
-144.0 -20.6  21.0
-143.0 -20.4  21.2
-142.0 -20.2  21.4
-141.0 -20.0  21.6
-140.0 -19.8  21.8
-139.0 -19.6  22.0
-138.0 -19.3  22.2
-137.0 -19.1  22.4
-136.0 -18.8  22.6
-135.0 -18.6  22.7
-134.0 -18.3  22.9
-133.0 -18.0  23.0
-132.0 -17.6  23.3
-131.0 -17.4  23.5
-130.0 -17.1  23.6
-129.0 -16.9  23.8
-128.0 -16.7  24.0
-127.0 -16.5  24.2
-126.0 -16.4  24.5
-125.0 -16.2  24.8
-124.0 -16.0  25.1
-123.0 -15.9  25.5
-122.0 -15.7  25.8
-121.0 -15.5  26.1
-120.0 -15.4  26.3
-119.0 -15.2  26.5
-118.0 -15.0  26.7
-117.0 -14.8  26.9
-116.0 -14.6  27.0
-115.0 -14.4  27.1
-114.0 -14.2  27.2
-113.0 -14.0  27.3
-112.0 -13.7  27.4
-111.0 -13.5  27.4
-110.0 -13.3  27.5
-109.0 -13.1  27.5
-108.0 -12.9  27.6
-107.0 -12.7  27.6
-106.0 -12.5  27.8
-105.0 -12.3  27.9
-104.0 -12.2  28.0
-103.0 -12.0  28.1
-102.0 -11.8  28.2
-101.0 -11.7  28.2
-100.0 -11.5  28.3
-99.0 -11.4  28.3
-98.0 -11.3  28.3
-97.0 -11.1  28.2
-96.0 -11.0  28.1
-95.0 -10.9  28.0
-94.0 -10.7  27.8
-93.0 -10.7  27.6
-92.0 -10.6  27.3
-91.0 -10.5  27.1
-90.0 -10.5  26.7
-89.0 -10.6  26.2
-88.0 -10.6  25.8
-87.0 -10.7  25.2
-86.0 -10.9  24.6
-85.0 -11.2  24.1
-84.0 -11.5  23.6
-83.0 -12.5  22.9
-82.0 -13.5  22.0
-81.0 -14.0  21.2
-80.0 -14.4  20.5
-79.0 -14.7  20.0
-78.0 -14.9  19.8
-77.0 -15.2  19.4
-76.0 -15.6  19.1
-75.0 -16.0  18.9
-74.0 -16.8  18.5
-73.0 -17.6  18.1
-72.0 -18.1  17.6
-71.0 -18.5  16.8
-70.0 -18.9  16.0
-69.0 -19.1  15.6
-68.0 -19.4  15.2
-67.0 -19.8  14.9
-66.0 -20.0  14.7
-65.0 -20.5  14.4
-64.0 -21.2  14.0
-63.0 -22.0  13.5
-62.0 -22.9  12.5
-61.0 -23.6  11.5
-60.0 -24.1  11.2
-59.0 -24.6  10.9
-58.0 -25.2  10.7
-57.0 -25.8  10.6
-56.0 -26.2  10.6
-55.0 -26.7  10.5
-54.0 -27.1  10.5
-53.0 -27.3  10.6
-52.0 -27.6  10.7
-51.0 -27.8  10.7
-50.0 -28.0  10.9
-49.0 -28.1  11.0
-48.0 -28.2  11.1
-47.0 -28.3  11.3
-46.0 -28.3  11.4
-45.0 -28.3  11.5
-44.0 -28.2  11.7
-43.0 -28.2  11.8
-42.0 -28.1  12.0
-41.0 -28.0  12.2
-40.0 -27.9  12.3
-39.0 -27.8  12.5
-38.0 -27.6  12.7
-37.0 -27.6  12.9
-36.0 -27.5  13.1
-35.0 -27.5  13.3
-34.0 -27.4  13.5
-33.0 -27.4  13.7
-32.0 -27.3  14.0
-31.0 -27.2  14.2
-30.0 -27.1  14.4
-29.0 -27.0  14.6
-28.0 -26.9  14.8
-27.0 -26.7  15.0
-26.0 -26.5  15.2
-25.0 -26.3  15.4
-24.0 -26.1  15.5
-23.0 -25.8  15.7
-22.0 -25.5  15.9
-21.0 -25.1  16.0
-20.0 -24.8  16.2
-19.0 -24.5  16.4
-18.0 -24.2  16.5
-17.0 -24.0  16.7
-16.0 -23.8  16.9
-15.0 -23.6  17.1
-14.0 -23.5  17.4
-13.0 -23.3  17.6
-12.0 -23.0  18.0
-11.0 -22.9  18.3
-10.0 -22.7  18.6
-9.0 -22.6  18.8
-8.0 -22.4  19.1
-7.0 -22.2  19.3
-6.0 -22.0  19.6
-5.0 -21.8  19.8
-4.0 -21.6  20.0
-3.0 -21.4  20.2
-2.0 -21.2  20.4
-1.0 -21.0  20.6
 0.0 -20.8  20.8
 1.0 -20.6  21.0
 2.0 -20.4  21.2
 3.0 -20.2  21.4
 4.0 -20.0  21.6
 5.0 -19.8  21.8
 6.0 -19.6  22.0
 7.0 -19.3  22.2
 8.0 -19.1  22.4
 9.0 -18.8  22.6
 10.0 -18.6  22.7
 11.0 -18.3  22.9
 12.0 -18.0  23.0
 13.0 -17.6  23.3
 14.0 -17.4  23.5
 15.0 -17.1  23.6
 16.0 -16.9  23.8
 17.0 -16.7  24.0
 18.0 -16.5  24.2
 19.0 -16.4  24.5
 20.0 -16.2  24.8
 21.0 -16.0  25.1
 22.0 -15.9  25.5
 23.0 -15.7  25.8
 24.0 -15.5  26.1
 25.0 -15.4  26.3
 26.0 -15.2  26.5
 27.0 -15.0  26.7
 28.0 -14.8  26.9
 29.0 -14.6  27.0
 30.0 -14.4  27.1
 31.0 -14.2  27.2
 32.0 -14.0  27.3
 33.0 -13.7  27.4
 34.0 -13.5  27.4
 35.0 -13.3  27.5
 36.0 -13.1  27.5
 37.0 -12.9  27.6
 38.0 -12.7  27.6
 39.0 -12.5  27.8
 40.0 -12.3  27.9
 41.0 -12.2  28.0
 42.0 -12.0  28.1
 43.0 -11.8  28.2
 44.0 -11.7  28.2
 45.0 -11.5  28.3
 46.0 -11.4  28.3
 47.0 -11.3  28.3
 48.0 -11.1  28.2
 49.0 -11.0  28.1
 50.0 -10.9  28.0
 51.0 -10.7  27.8
 52.0 -10.7  27.6
 53.0 -10.6  27.3
 54.0 -10.5  27.1
 55.0 -10.5  26.7
 56.0 -10.6  26.2
 57.0 -10.6  25.8
 58.0 -10.7  25.2
 59.0 -10.9  24.6
 60.0 -11.2  24.1
 61.0 -11.5  23.6
 62.0 -12.5  22.9
 63.0 -13.5  22.0
 64.0 -14.0  21.2
 65.0 -14.4  20.5
 66.0 -14.7  20.0
 67.0 -14.9  19.8
 68.0 -15.2  19.4
 69.0 -15.6  19.1
 70.0 -16.0  18.9
 71.0 -16.8  18.5
 72.0 -17.6  18.1
 73.0 -18.1  17.6
 74.0 -18.5  16.8
 75.0 -18.9  16.0
 76.0 -19.1  15.6
 77.0 -19.4  15.2
 78.0 -19.8  14.9
 79.0 -20.0  14.7
 80.0 -20.5  14.4
 81.0 -21.2  14.0
 82.0 -22.0  13.5
 83.0 -22.9  12.5
 84.0 -23.6  11.5
 85.0 -24.1  11.2
 86.0 -24.6  10.9
 87.0 -25.2  10.7
 88.0 -25.8  10.6
 89.0 -26.2  10.6
 90.0 -26.7  10.5
 91.0 -27.1  10.5
 92.0 -27.3  10.6
 93.0 -27.6  10.7
 94.0 -27.8  10.7
 95.0 -28.0  10.9
 96.0 -28.1  11.0
 97.0 -28.2  11.1
 98.0 -28.3  11.3
 99.0 -28.3  11.4
 100.0 -28.3  11.5
 101.0 -28.2  11.7
 102.0 -28.2  11.8
 103.0 -28.1  12.0
 104.0 -28.0  12.2
 105.0 -27.9  12.3
 106.0 -27.8  12.5
 107.0 -27.6  12.7
 108.0 -27.6  12.9
 109.0 -27.5  13.1
 110.0 -27.5  13.3
 111.0 -27.4  13.5
 112.0 -27.4  13.7
 113.0 -27.3  14.0
 114.0 -27.2  14.2
 115.0 -27.1  14.4
 116.0 -27.0  14.6
 117.0 -26.9  14.8
 118.0 -26.7  15.0
 119.0 -26.5  15.2
 120.0 -26.3  15.4
 121.0 -26.1  15.5
 122.0 -25.8  15.7
 123.0 -25.5  15.9
 124.0 -25.1  16.0
 125.0 -24.8  16.2
 126.0 -24.5  16.4
 127.0 -24.2  16.5
 128.0 -24.0  16.7
 129.0 -23.8  16.9
 130.0 -23.6  17.1
 131.0 -23.5  17.4
 132.0 -23.3  17.6
 133.0 -23.0  18.0
 134.0 -22.9  18.3
 135.0 -22.7  18.6
 136.0 -22.6  18.8
 137.0 -22.4  19.1
 138.0 -22.2  19.3
 139.0 -22.0  19.6
 140.0 -21.8  19.8
 141.0 -21.6  20.0
 142.0 -21.4  20.2
 143.0 -21.2  20.4
 144.0 -21.0  20.6
 145.0 -20.8  20.8
