x z_lower ED_lower z_upper ED_upper
-145.0 -21.5  656.7  21.5  656.7
-144.0 -21.3  653.5  21.7  658.0
-143.0 -21.1  648.8  21.8  657.3
-142.0 -20.9  643.2  22.0  654.5
-141.0 -20.7  637.5  22.2  649.6
-140.0 -20.4  632.4  22.3  643.1
-139.0 -20.2  628.9  22.5  635.1
-138.0 -19.9  627.8  22.7  626.1
-137.0 -19.5  629.6  23.0  616.8
-136.0 -19.2  634.3  23.2  607.6
-135.0 -18.9  641.9  23.4  599.3
-134.0 -18.6  651.4  23.7  592.6
-133.0 -18.3  662.2  24.0  588.1
-132.0 -18.1  673.3  24.3  586.3
-131.0 -17.9  683.6  24.6  587.6
-130.0 -17.7  692.4  24.9  591.9
-129.0 -17.5  698.9  25.1  599.1
-128.0 -17.4  702.7  25.4  608.5
-127.0 -17.2  703.5  25.6  619.6
-126.0 -17.0  701.3  25.8  631.7
-125.0 -16.8  696.3  26.0  643.8
-124.0 -16.6  689.2  26.2  655.4
-123.0 -16.3  681.0  26.3  665.8
-122.0 -15.9  672.8  26.6  674.3
-121.0 -15.6  666.0  26.7  680.5
-120.0 -15.2  662.0  26.8  684.0
-119.0 -14.8  661.6  26.9  684.6
-118.0 -14.4  664.6  27.0  682.1
-117.0 -14.2  670.6  27.1  676.5
-116.0 -13.9  678.5  27.2  668.0
-115.0 -13.7  687.3  27.2  657.0
-114.0 -13.6  696.0  27.3  643.9
-113.0 -13.5  703.9  27.4  629.0
-112.0 -13.4  710.0  27.5  613.1
-111.0 -13.3  713.9  27.6  596.8
-110.0 -13.2  714.8  27.7  580.9
-109.0 -13.1  712.5  27.8  566.1
-108.0 -13.0  706.7  28.0  553.1
-107.0 -12.8  697.3  28.2  542.5
-106.0 -12.7  684.7  28.4  534.8
-105.0 -12.6  669.3  28.6  530.0
-104.0 -12.5  651.9  28.7  527.8
-103.0 -12.3  633.3  28.9  527.6
-102.0 -12.1  614.8  29.0  528.5
-101.0 -11.9  597.7  29.0  529.8
-100.0 -11.7  583.1  29.0  530.5
-99.0 -11.4  572.3  28.9  530.2
-98.0 -11.1  565.9  28.8  528.3
-97.0 -10.8  563.7  28.7  524.5
-96.0 -10.5  565.1  28.5  518.6
-95.0 -10.3  568.7  28.3  510.2
-94.0 -10.1  573.0  28.2  499.3
-93.0 -10.0  576.8  28.0  485.8
-92.0 -10.0  578.8  27.7  469.8
-91.0 -10.0  578.0  27.4  451.8
-90.0 -9.9  573.8  27.1  432.3
-89.0 -10.0  565.5  26.7  412.4
-88.0 -10.1  552.9  26.3  393.0
-87.0 -10.3  535.9  25.8  374.5
-86.0 -10.4  514.9  25.5  357.0
-85.0 -10.6  490.9  25.2  339.8
-84.0 -11.1  465.7  24.8  322.0
-83.0 -11.7  442.9  24.5  302.9
-82.0 -12.4  427.1  24.2  282.2
-81.0 -13.0  418.8  23.7  259.9
-80.0 -13.5  414.3  23.2  237.3
-79.0 -13.8  409.7  21.8  219.5
-78.0 -14.0  402.4  20.5  216.7
-77.0 -14.2  391.1  19.9  219.5
-76.0 -14.4  374.8  19.3  223.1
-75.0 -14.6  353.6  18.7  227.1
-74.0 -14.7  327.6  17.8  234.0
-73.0 -14.9  297.3  15.2  263.9
-72.0 -15.2  263.9  14.9  297.3
-71.0 -17.8  234.0  14.7  327.6
-70.0 -18.7  227.1  14.6  353.6
-69.0 -19.3  223.1  14.4  374.8
-68.0 -19.9  219.5  14.2  391.1
-67.0 -20.5  216.7  14.0  402.4
-66.0 -21.8  219.5  13.8  409.7
-65.0 -23.2  237.3  13.5  414.3
-64.0 -23.7  259.9  13.0  418.8
-63.0 -24.2  282.2  12.4  427.1
-62.0 -24.5  302.9  11.7  442.9
-61.0 -24.8  322.0  11.1  465.7
-60.0 -25.2  339.8  10.6  490.9
-59.0 -25.5  357.0  10.4  514.9
-58.0 -25.8  374.5  10.3  535.9
-57.0 -26.3  393.0  10.1  552.9
-56.0 -26.7  412.4  10.0  565.5
-55.0 -27.1  432.3  9.9  573.8
-54.0 -27.4  451.8  10.0  578.0
-53.0 -27.7  469.8  10.0  578.8
-52.0 -28.0  485.8  10.0  576.8
-51.0 -28.2  499.3  10.1  573.0
-50.0 -28.3  510.2  10.3  568.7
-49.0 -28.5  518.6  10.5  565.1
-48.0 -28.7  524.5  10.8  563.7
-47.0 -28.8  528.3  11.1  565.9
-46.0 -28.9  530.2  11.4  572.3
-45.0 -29.0  530.5  11.7  583.1
-44.0 -29.0  529.8  11.9  597.7
-43.0 -29.0  528.5  12.1  614.8
-42.0 -28.9  527.6  12.3  633.3
-41.0 -28.7  527.8  12.5  651.9
-40.0 -28.6  530.0  12.6  669.3
-39.0 -28.4  534.8  12.7  684.7
-38.0 -28.2  542.5  12.8  697.3
-37.0 -28.0  553.1  13.0  706.7
-36.0 -27.8  566.1  13.1  712.5
-35.0 -27.7  580.9  13.2  714.8
-34.0 -27.6  596.8  13.3  713.9
-33.0 -27.5  613.1  13.4  710.0
-32.0 -27.4  629.0  13.5  703.9
-31.0 -27.3  643.9  13.6  696.0
-30.0 -27.2  657.0  13.7  687.3
-29.0 -27.2  668.0  13.9  678.5
-28.0 -27.1  676.5  14.2  670.6
-27.0 -27.0  682.1  14.4  664.6
-26.0 -26.9  684.6  14.8  661.6
-25.0 -26.8  684.0  15.2  662.0
-24.0 -26.7  680.5  15.6  666.0
-23.0 -26.6  674.3  15.9  672.8
-22.0 -26.3  665.8  16.3  681.0
-21.0 -26.2  655.4  16.6  689.2
-20.0 -26.0  643.8  16.8  696.3
-19.0 -25.8  631.7  17.0  701.3
-18.0 -25.6  619.6  17.2  703.5
-17.0 -25.4  608.5  17.4  702.7
-16.0 -25.1  599.1  17.5  698.9
-15.0 -24.9  591.9  17.7  692.4
-14.0 -24.6  587.6  17.9  683.6
-13.0 -24.3  586.3  18.1  673.3
-12.0 -24.0  588.1  18.3  662.2
-11.0 -23.7  592.6  18.6  651.4
-10.0 -23.4  599.3  18.9  641.9
-9.0 -23.2  607.6  19.2  634.3
-8.0 -23.0  616.8  19.5  629.6
-7.0 -22.7  626.1  19.9  627.8
-6.0 -22.5  635.1  20.2  628.9
-5.0 -22.3  643.1  20.4  632.4
-4.0 -22.2  649.6  20.7  637.5
-3.0 -22.0  654.5  20.9  643.2
-2.0 -21.8  657.3  21.1  648.8
-1.0 -21.7  658.0  21.3  653.5
 0.0 -21.5  656.7  21.5  656.7
 1.0 -21.3  653.5  21.7  658.0
 2.0 -21.1  648.8  21.8  657.3
 3.0 -20.9  643.2  22.0  654.5
 4.0 -20.7  637.5  22.2  649.6
 5.0 -20.4  632.4  22.3  643.1
 6.0 -20.2  628.9  22.5  635.1
 7.0 -19.9  627.8  22.7  626.1
 8.0 -19.5  629.6  23.0  616.8
 9.0 -19.2  634.3  23.2  607.6
 10.0 -18.9  641.9  23.4  599.3
 11.0 -18.6  651.4  23.7  592.6
 12.0 -18.3  662.2  24.0  588.1
 13.0 -18.1  673.3  24.3  586.3
 14.0 -17.9  683.6  24.6  587.6
 15.0 -17.7  692.4  24.9  591.9
 16.0 -17.5  698.9  25.1  599.1
 17.0 -17.4  702.7  25.4  608.5
 18.0 -17.2  703.5  25.6  619.6
 19.0 -17.0  701.3  25.8  631.7
 20.0 -16.8  696.3  26.0  643.8
 21.0 -16.6  689.2  26.2  655.4
 22.0 -16.3  681.0  26.3  665.8
 23.0 -15.9  672.8  26.6  674.3
 24.0 -15.6  666.0  26.7  680.5
 25.0 -15.2  662.0  26.8  684.0
 26.0 -14.8  661.6  26.9  684.6
 27.0 -14.4  664.6  27.0  682.1
 28.0 -14.2  670.6  27.1  676.5
 29.0 -13.9  678.5  27.2  668.0
 30.0 -13.7  687.3  27.2  657.0
 31.0 -13.6  696.0  27.3  643.9
 32.0 -13.5  703.9  27.4  629.0
 33.0 -13.4  710.0  27.5  613.1
 34.0 -13.3  713.9  27.6  596.8
 35.0 -13.2  714.8  27.7  580.9
 36.0 -13.1  712.5  27.8  566.1
 37.0 -13.0  706.7  28.0  553.1
 38.0 -12.8  697.3  28.2  542.5
 39.0 -12.7  684.7  28.4  534.8
 40.0 -12.6  669.3  28.6  530.0
 41.0 -12.5  651.9  28.7  527.8
 42.0 -12.3  633.3  28.9  527.6
 43.0 -12.1  614.8  29.0  528.5
 44.0 -11.9  597.7  29.0  529.8
 45.0 -11.7  583.1  29.0  530.5
 46.0 -11.4  572.3  28.9  530.2
 47.0 -11.1  565.9  28.8  528.3
 48.0 -10.8  563.7  28.7  524.5
 49.0 -10.5  565.1  28.5  518.6
 50.0 -10.3  568.7  28.3  510.2
 51.0 -10.1  573.0  28.2  499.3
 52.0 -10.0  576.8  28.0  485.8
 53.0 -10.0  578.8  27.7  469.8
 54.0 -10.0  578.0  27.4  451.8
 55.0 -9.9  573.8  27.1  432.3
 56.0 -10.0  565.5  26.7  412.4
 57.0 -10.1  552.9  26.3  393.0
 58.0 -10.3  535.9  25.8  374.5
 59.0 -10.4  514.9  25.5  357.0
 60.0 -10.6  490.9  25.2  339.8
 61.0 -11.1  465.7  24.8  322.0
 62.0 -11.7  442.9  24.5  302.9
 63.0 -12.4  427.1  24.2  282.2
 64.0 -13.0  418.8  23.7  259.9
 65.0 -13.5  414.3  23.2  237.3
 66.0 -13.8  409.7  21.8  219.5
 67.0 -14.0  402.4  20.5  216.7
 68.0 -14.2  391.1  19.9  219.5
 69.0 -14.4  374.8  19.3  223.1
 70.0 -14.6  353.6  18.7  227.1
 71.0 -14.7  327.6  17.8  234.0
 72.0 -14.9  297.3  15.2  263.9
 73.0 -15.2  263.9  14.9  297.3
 74.0 -17.8  234.0  14.7  327.6
 75.0 -18.7  227.1  14.6  353.6
 76.0 -19.3  223.1  14.4  374.8
 77.0 -19.9  219.5  14.2  391.1
 78.0 -20.5  216.7  14.0  402.4
 79.0 -21.8  219.5  13.8  409.7
 80.0 -23.2  237.3  13.5  414.3
 81.0 -23.7  259.9  13.0  418.8
 82.0 -24.2  282.2  12.4  427.1
 83.0 -24.5  302.9  11.7  442.9
 84.0 -24.8  322.0  11.1  465.7
 85.0 -25.2  339.8  10.6  490.9
 86.0 -25.5  357.0  10.4  514.9
 87.0 -25.8  374.5  10.3  535.9
 88.0 -26.3  393.0  10.1  552.9
 89.0 -26.7  412.4  10.0  565.5
 90.0 -27.1  432.3  9.9  573.8
 91.0 -27.4  451.8  10.0  578.0
 92.0 -27.7  469.8  10.0  578.8
 93.0 -28.0  485.8  10.0  576.8
 94.0 -28.2  499.3  10.1  573.0
 95.0 -28.3  510.2  10.3  568.7
 96.0 -28.5  518.6  10.5  565.1
 97.0 -28.7  524.5  10.8  563.7
 98.0 -28.8  528.3  11.1  565.9
 99.0 -28.9  530.2  11.4  572.3
 100.0 -29.0  530.5  11.7  583.1
 101.0 -29.0  529.8  11.9  597.7
 102.0 -29.0  528.5  12.1  614.8
 103.0 -28.9  527.6  12.3  633.3
 104.0 -28.7  527.8  12.5  651.9
 105.0 -28.6  530.0  12.6  669.3
 106.0 -28.4  534.8  12.7  684.7
 107.0 -28.2  542.5  12.8  697.3
 108.0 -28.0  553.1  13.0  706.7
 109.0 -27.8  566.1  13.1  712.5
 110.0 -27.7  580.9  13.2  714.8
 111.0 -27.6  596.8  13.3  713.9
 112.0 -27.5  613.1  13.4  710.0
 113.0 -27.4  629.0  13.5  703.9
 114.0 -27.3  643.9  13.6  696.0
 115.0 -27.2  657.0  13.7  687.3
 116.0 -27.2  668.0  13.9  678.5
 117.0 -27.1  676.5  14.2  670.6
 118.0 -27.0  682.1  14.4  664.6
 119.0 -26.9  684.6  14.8  661.6
 120.0 -26.8  684.0  15.2  662.0
 121.0 -26.7  680.5  15.6  666.0
 122.0 -26.6  674.3  15.9  672.8
 123.0 -26.3  665.8  16.3  681.0
 124.0 -26.2  655.4  16.6  689.2
 125.0 -26.0  643.8  16.8  696.3
 126.0 -25.8  631.7  17.0  701.3
 127.0 -25.6  619.6  17.2  703.5
 128.0 -25.4  608.5  17.4  702.7
 129.0 -25.1  599.1  17.5  698.9
 130.0 -24.9  591.9  17.7  692.4
 131.0 -24.6  587.6  17.9  683.6
 132.0 -24.3  586.3  18.1  673.3
 133.0 -24.0  588.1  18.3  662.2
 134.0 -23.7  592.6  18.6  651.4
 135.0 -23.4  599.3  18.9  641.9
 136.0 -23.2  607.6  19.2  634.3
 137.0 -23.0  616.8  19.5  629.6
 138.0 -22.7  626.1  19.9  627.8
 139.0 -22.5  635.1  20.2  628.9
 140.0 -22.3  643.1  20.4  632.4
 141.0 -22.2  649.6  20.7  637.5
 142.0 -22.0  654.5  20.9  643.2
 143.0 -21.8  657.3  21.1  648.8
 144.0 -21.7  658.0  21.3  653.5
 145.0 -21.5  656.7  21.5  656.7
