x z dist ED
-40.0  21.0  0.0 -50.2233522823
-39.5  21.1  0.5 -53.1716733498
-39.0  21.2  1.0 -55.7254587812
-38.5  21.3  1.5 -57.8076996849
-38.0  21.4  2.0 -59.3585249978
-37.5  21.5  2.6 -60.3365636289
-37.0  21.6  3.1 -60.7197329767
-36.5  21.7  3.6 -60.5054488207
-36.0  21.9  4.1 -59.7102681104
-35.5  22.0  4.6 -58.3689919726
-35.0  22.1  5.1 -56.5332708841
-34.5  22.2  5.6 -54.2697670126
-34.0  22.3  6.1 -51.6579398712
-33.5  22.4  6.6 -48.787530375
-33.0  22.5  7.2 -45.7558249159
-32.5  22.6  7.7 -42.6647850566
-32.0  22.7  8.2 -39.6181298072
-31.5  22.8  8.7 -36.7184562316
-31.0  22.9  9.2 -34.0644804069
-30.5  23.0  9.7 -31.7484747166
-30.0  23.1  10.2 -29.8539693197
-29.5  23.2  10.7 -28.4537756991
-29.0  23.3  11.2 -27.6083788041
-28.5  23.4  11.8 -27.3647318289
-28.0  23.6  12.3 -27.755474529
-27.5  23.7  12.8 -28.7985825801
-27.0  23.8  13.3 -30.4974422442
-26.5  23.9  13.8 -32.8413319366
-26.0  24.0  14.3 -35.8062805493
-25.5  24.1  14.8 -39.3562619308
-25.0  24.2  15.3 -43.444676037
-24.5  24.3  15.8 -48.0160601915
-24.0  24.4  16.4 -53.0079688052
-23.5  24.5  16.9 -58.3529569042
-23.0  24.6  17.4 -63.9806019594
-22.5  24.7  17.9 -69.8194997547
-22.0  24.8  18.4 -75.7991732956
-21.5  24.9  18.9 -81.8518388809
-21.0  25.0  19.4 -87.9139802226
-20.5  25.1  19.9 -93.9276896555
-20.0  25.2  20.4 -99.8417447061
-19.5  25.4  21.0 -105.612398286
-19.0  25.5  21.5 -111.203871161
-18.5  25.6  22.0 -116.588545816
-18.0  25.7  22.5 -121.746870951
-17.5  25.8  23.0 -126.666995428
-17.0  25.9  23.5 -131.344159021
-16.5  26.0  24.0 -135.779874769
-16.0  26.1  24.5 -139.980943677
-15.5  26.2  25.0 -143.958346901
-15.0  26.3  25.6 -147.726063229
-14.5  26.4  26.1 -151.29986059
-14.0  26.5  26.6 -154.696109466
-13.5  26.6  27.1 -157.930663579
-13.0  26.7  27.6 -161.0178491
-12.5  26.8  28.1 -163.969598183
-12.0  26.9  28.6 -166.794755923
-11.5  27.1  29.1 -169.498582313
-11.0  27.2  29.6 -172.08246255
-10.5  27.3  30.2 -174.543830521
-10.0  27.4  30.7 -176.876301784
-9.5  27.5  31.2 -179.070004105
-9.0  27.6  31.7 -181.112085954
-8.5  27.7  32.2 -182.987376606
-8.0  27.8  32.7 -184.679165778
-7.5  27.9  33.2 -186.170066346
-7.0  28.0  33.7 -187.442920742
-6.5  28.1  34.2 -188.48171023
-6.0  28.2  34.8 -189.272426441
-5.5  28.3  35.3 -189.803866283
-5.0  28.4  35.8 -190.06831461
-4.5  28.5  36.3 -190.062083659
-4.0  28.6  36.8 -189.78588407
-3.5  28.8  37.3 -189.245009141
-3.0  28.9  37.8 -188.449321488
-2.5  29.0  38.3 -187.413039306
-2.0  29.1  38.8 -186.154327555
-1.5  29.2  39.4 -184.694707443
-1.0  29.3  39.9 -183.058305127
-0.5  29.4  40.4 -181.270967419
 0.0  29.5  40.9 -179.359278162
 0.5  29.6  41.4 -177.349513574
 1.0  29.7  41.9 -175.266578157
 1.5  29.8  42.4 -173.132964489
 2.0  29.9  42.9 -170.967780336
 2.5  30.0  43.4 -168.785885022
 3.0  30.1  44.0 -166.597173864
 3.5  30.2  44.5 -164.406044823
 4.0  30.4  45.0 -162.211075533
 4.5  30.5  45.5 -160.004931635
 5.0  30.6  46.0 -157.774519221
 5.5  30.7  46.5 -155.501385352
 6.0  30.8  47.0 -153.162361449
 6.5  30.9  47.5 -150.730435113
 7.0  31.0  48.0 -148.17582696
 7.5  31.1  48.6 -145.467240716
 8.0  31.2  49.1 -142.57324735
 8.5  31.3  49.6 -139.46375777
 9.0  31.4  50.1 -136.111533751
 9.5  31.5  50.6 -132.493683593
 10.0  31.6  51.1 -128.593087558
 10.5  31.7  51.6 -124.39969861
 11.0  31.8  52.1 -119.911666323
 11.5  31.9  52.6 -115.136236063
 12.0  32.0  53.2 -110.09038151
 12.5  32.2  53.7 -104.801136245
 13.0  32.3  54.2 -99.3055990619
 13.5  32.4  54.7 -93.6505978436
 14.0  32.5  55.2 -87.8920077696
 14.5  32.6  55.7 -82.0937310306
 15.0  32.7  56.2 -76.3263567757
 15.5  32.8  56.7 -70.6655312678
 16.0  32.9  57.3 -65.1900788385
 16.5  33.0  57.8 -59.9799238449
 17.0  33.1  58.3 -55.1138720842
 17.5  33.2  58.8 -50.6673167366
 18.0  33.3  59.3 -46.7099386091
 18.5  33.4  59.8 -43.3034730525
 19.0  33.5  60.3 -40.4996162858
 19.5  33.6  60.8 -38.3381419101
 20.0  33.8  61.3 -36.8452941427
 20.5  33.9  61.9 -36.0325178191
 21.0  34.0  62.4 -35.8955766539
 21.5  34.1  62.9 -36.4141008322
 22.0  34.2  63.4 -37.5515930063
 22.5  34.3  63.9 -39.2559085325
 23.0  34.4  64.4 -41.4602116826
 23.5  34.5  64.9 -44.0843950188
 24.0  34.6  65.4 -47.0369345712
 24.5  34.7  65.9 -50.2171393475
 25.0  34.8  66.5 -53.5177404845
 25.5  34.9  67.0 -56.8277534365
 26.0  35.0  67.5 -60.03553639
 26.5  35.1  68.0 -63.0319599394
 27.0  35.2  68.5 -65.7135972512
 27.5  35.3  69.0 -67.9858407111
 28.0  35.5  69.5 -69.7658505463
 28.5  35.6  70.0 -70.985243216
 29.0  35.7  70.5 -71.5924324639
 29.5  35.8  71.1 -71.5545437299
 30.0  35.9  71.6 -70.8588329562
 30.5  36.0  72.1 -69.5135534396
 31.0  36.1  72.6 -67.5482289527
 31.5  36.2  73.1 -65.0133074958
 32.0  36.3  73.6 -61.9791873065
 32.5  36.4  74.1 -58.5346246609
 33.0  36.5  74.6 -54.7845510481
 33.5  36.6  75.1 -50.8473449559
 34.0  36.7  75.7 -46.8516202658
 34.5  36.8  76.2 -42.9326086067
 35.0  36.9  76.7 -39.2282265024
 35.5  37.0  77.2 -35.8749293408
 36.0  37.1  77.7 -33.0034627387
 36.5  37.3  78.2 -30.7346274798
 37.0  37.4  78.7 -29.175176662
 37.5  37.5  79.2 -28.4139628773
 38.0  37.6  79.7 -28.5184491348
 38.5  37.7  80.3 -29.5316898901
 39.0  37.8  80.8 -31.4698781132
 39.5  37.9  81.3 -34.3205410653
 40.0  38.0  81.8 -38.0414516787
