x z dist ED
 40.2 -42.5 -50.0 -262.145167173
 40.2 -42.4 -49.9 -264.151602125
 40.2 -42.3 -49.8 -265.954912313
 40.2 -42.2 -49.7 -267.524415414
 40.1 -42.2 -49.6 -268.831874363
 40.1 -42.1 -49.5 -269.85166944
 40.1 -42.0 -49.4 -270.560947997
 40.1 -41.9 -49.3 -270.939750543
 40.1 -41.8 -49.2 -270.97111214
 40.0 -41.7 -49.1 -270.641138206
 40.0 -41.6 -49.0 -269.939054112
 40.0 -41.5 -48.9 -268.857228114
 40.0 -41.4 -48.8 -267.391167437
 40.0 -41.3 -48.7 -265.539487532
 39.9 -41.2 -48.6 -263.303854764
 39.9 -41.1 -48.5 -260.688903029
 39.9 -41.0 -48.4 -257.702125005
 39.9 -40.9 -48.3 -254.353738987
 39.9 -40.8 -48.2 -250.656532451
 39.8 -40.7 -48.1 -246.625683704
 39.8 -40.6 -48.0 -242.278563184
 39.8 -40.5 -47.9 -237.634516133
 39.8 -40.4 -47.8 -232.714628546
 39.8 -40.3 -47.7 -227.541478467
 39.7 -40.2 -47.6 -222.138874788
 39.7 -40.1 -47.5 -216.531585894
 39.7 -40.0 -47.4 -210.745060522
 39.7 -39.9 -47.3 -204.805143331
 39.7 -39.8 -47.2 -198.737787701
 39.6 -39.7 -47.1 -192.568768334
 39.6 -39.6 -47.0 -186.323396224
 39.6 -39.5 -46.9 -180.026238558
 39.6 -39.4 -46.8 -173.700846075
 39.5 -39.3 -46.7 -167.369490365
 39.5 -39.2 -46.6 -161.052913471
 39.5 -39.1 -46.5 -154.770092123
 39.5 -39.0 -46.4 -148.538018749
 39.5 -38.9 -46.3 -142.371501308
 39.4 -38.8 -46.2 -136.282983821
 39.4 -38.7 -46.1 -130.282389304
 39.4 -38.6 -46.0 -124.37698661
 39.4 -38.5 -45.9 -118.571282495
 39.4 -38.4 -45.8 -112.866940003
 39.3 -38.3 -45.7 -107.262724037
 39.3 -38.2 -45.6 -101.754474748
 39.3 -38.1 -45.5 -96.3351091521
 39.3 -38.0 -45.4 -90.9946511113
 39.3 -37.9 -45.3 -85.7202895919
 39.2 -37.8 -45.2 -80.4964648629
 39.2 -37.7 -45.1 -75.3049820472
 39.2 -37.6 -45.0 -70.1251512044
 39.2 -37.6 -44.9 -64.9339528912
 39.2 -37.5 -44.8 -59.7062279193
 39.1 -37.4 -44.7 -54.4148898178
 39.1 -37.3 -44.6 -49.0311583059
 39.1 -37.2 -44.5 -43.5248118953
 39.1 -37.1 -44.4 -37.8644575667
 39.1 -37.0 -44.3 -32.0178153161
 39.0 -36.9 -44.2 -25.9520152246
 39.0 -36.8 -44.1 -19.6339045949
 39.0 -36.7 -44.0 -13.0303625999
 39.0 -36.6 -43.9 -6.10861981436
 39.0 -36.5 -43.8  1.16342004677
 38.9 -36.4 -43.7  8.81685889201
 38.9 -36.3 -43.6  16.8814862308
 38.9 -36.2 -43.5  25.385467059
 38.9 -36.1 -43.4  34.3550383075
 38.9 -36.0 -43.3  43.8142164431
 38.8 -35.9 -43.2  53.7845187281
 38.8 -35.8 -43.1  64.2847005379
 38.8 -35.7 -43.0  75.3305110074
 38.8 -35.6 -42.9  86.9344691327
 38.8 -35.5 -42.8  99.1056622902
 38.7 -35.4 -42.7  111.849568953
 38.7 -35.3 -42.6  125.167907188
 38.7 -35.2 -42.5  139.05851032
 38.7 -35.1 -42.4  153.515230896
 38.7 -35.0 -42.3  168.527873904
 38.6 -34.9 -42.2  184.08215991
 38.6 -34.8 -42.1  200.159718568
 38.6 -34.7 -42.0  216.7381127
 38.6 -34.6 -41.9  233.790892894
 38.5 -34.5 -41.8  251.287682321
 38.5 -34.4 -41.7  269.194291227
 38.5 -34.3 -41.6  287.472860328
 38.5 -34.2 -41.5  306.082032074
 38.5 -34.1 -41.4  324.977148567
 38.4 -34.0 -41.3  344.110474664
 38.4 -33.9 -41.2  363.431444622
 38.4 -33.8 -41.1  382.886930452
 38.4 -33.7 -41.0  402.42152997
 38.4 -33.6 -40.9  421.977872387
 38.3 -33.5 -40.8  441.49693915
 38.3 -33.4 -40.7  460.918397626
 38.3 -33.3 -40.6  480.180945118
 38.3 -33.2 -40.5  499.222660658
 38.3 -33.1 -40.4  517.981361934
 38.2 -33.0 -40.3  536.394964702
 38.2 -33.0 -40.2  554.401842028
 38.2 -32.9 -40.1  571.941180707
 38.2 -32.8 -40.0  588.953332248
 38.2 -32.7 -39.9  605.380155878
 38.1 -32.6 -39.8  621.16535109
 38.1 -32.5 -39.7  636.254777361
 38.1 -32.4 -39.6  650.596758789
 38.1 -32.3 -39.5  664.142371519
 38.1 -32.2 -39.4  676.845712001
 38.0 -32.1 -39.3  688.664144274
 38.0 -32.0 -39.2  699.558524652
 38.0 -31.9 -39.1  709.493402398
 38.0 -31.8 -39.0  718.437195151
 38.0 -31.7 -38.9  726.36233809
 37.9 -31.6 -38.8  733.245406059
 37.9 -31.5 -38.7  739.067208055
 37.9 -31.4 -38.6  743.812853748
 37.9 -31.3 -38.5  747.471791905
 37.9 -31.2 -38.4  750.037820809
 37.8 -31.1 -38.3  751.50907101
 37.8 -31.0 -38.2  751.887960927
 37.8 -30.9 -38.1  751.181126048
 37.8 -30.8 -38.0  749.399322682
 37.8 -30.7 -37.9  746.557307372
 37.7 -30.6 -37.8  742.673693292
 37.7 -30.5 -37.7  737.770785091
 37.7 -30.4 -37.6  731.8743938
 37.7 -30.3 -37.5  725.013633559
 37.6 -30.2 -37.4  717.220702022
 37.6 -30.1 -37.3  708.530646403
 37.6 -30.0 -37.2  698.98111721
 37.6 -29.9 -37.1  688.612111768
 37.6 -29.8 -37.0  677.465709669
 37.5 -29.7 -36.9  665.585802328
 37.5 -29.6 -36.8  653.017818788
 37.5 -29.5 -36.7  639.808449964
 37.5 -29.4 -36.6  626.005373404
 37.5 -29.3 -36.5  611.656980658
 37.4 -29.2 -36.4  596.812109236
 37.4 -29.1 -36.3  581.519781065
 37.4 -29.0 -36.2  565.828949257
 37.4 -28.9 -36.1  549.788254865
 37.4 -28.8 -36.0  533.445795188
 37.3 -28.7 -35.9  516.848905065
 37.3 -28.6 -35.8  500.043952388
 37.3 -28.5 -35.7  483.076148978
 37.3 -28.4 -35.6  465.989377746
 37.3 -28.3 -35.5  448.82603692
 37.2 -28.3 -35.4  431.626901924
 37.2 -28.2 -35.3  414.431005336
 37.2 -28.1 -35.2  397.275535173
 37.2 -28.0 -35.1  380.19575155
 37.2 -27.9 -35.0  363.224921632
 37.1 -27.8 -34.9  346.394272594
 37.1 -27.7 -34.8  329.732962161
 37.1 -27.6 -34.7  313.268066147
 37.1 -27.5 -34.6  297.024582259
 37.1 -27.4 -34.5  281.025449313
 37.0 -27.3 -34.4  265.291580882
 37.0 -27.2 -34.3  249.841912281
 37.0 -27.1 -34.2  234.693459716
 37.0 -27.0 -34.1  219.861390324
 37.0 -26.9 -34.0  205.359101787
 36.9 -26.8 -33.9  191.198310134
 36.9 -26.7 -33.8  177.389144326
 36.9 -26.6 -33.7  163.94024619
 36.9 -26.5 -33.6  150.858874273
 36.9 -26.4 -33.5  138.1510102
 36.8 -26.3 -33.4  125.821466132
 36.8 -26.2 -33.3  113.873992002
 36.8 -26.1 -33.2  102.311381202
 36.8 -26.0 -33.1  91.1355735341
 36.7 -25.9 -33.0  80.3477542611
 36.7 -25.8 -32.9  69.9484482269
 36.7 -25.7 -32.8  59.9376080912
 36.7 -25.6 -32.7  50.3146958541
 36.7 -25.5 -32.6  41.0787569567
 36.6 -25.4 -32.5  32.2284863703
 36.6 -25.3 -32.4  23.7622862182
 36.6 -25.2 -32.3  15.6783146043
 36.6 -25.1 -32.2  7.9745254607
 36.6 -25.0 -32.1  0.648699357603
 36.5 -24.9 -32.0 -6.30153464647
 36.5 -24.8 -31.9 -12.8786859066
 36.5 -24.7 -31.8 -19.0853975124
 36.5 -24.6 -31.7 -24.9244495757
 36.5 -24.5 -31.6 -30.3987699198
 36.4 -24.4 -31.5 -35.5114514996
 36.4 -24.3 -31.4 -40.265775792
 36.4 -24.2 -31.3 -44.6652413048
 36.4 -24.1 -31.2 -48.7135962872
 36.4 -24.0 -31.1 -52.41487466
 36.3 -23.9 -31.0 -55.7734341375
 36.3 -23.8 -30.9 -58.7939954822
 36.3 -23.7 -30.8 -61.4816818085
 36.3 -23.7 -30.7 -63.8420568506
 36.3 -23.6 -30.6 -65.8811611162
 36.2 -23.5 -30.5 -67.6055448698
 36.2 -23.4 -30.4 -69.0222969263
 36.2 -23.3 -30.3 -70.1390682867
 36.2 -23.2 -30.2 -70.9640897067
 36.2 -23.1 -30.1 -71.5061823692
 36.1 -23.0 -30.0 -71.7747609137
 36.1 -22.9 -29.9 -71.7798281742
 36.1 -22.8 -29.8 -71.5319610844
 36.1 -22.7 -29.7 -71.0422873215
 36.1 -22.6 -29.6 -70.3224523839
 36.0 -22.5 -29.5 -69.3845769234
 36.0 -22.4 -29.4 -68.2412042853
 36.0 -22.3 -29.3 -66.9052383432
 36.0 -22.2 -29.2 -65.3898718533
 36.0 -22.1 -29.1 -63.7085056847
 35.9 -22.0 -29.0 -61.8746594197
 35.9 -21.9 -28.9 -59.9018739471
 35.9 -21.8 -28.8 -57.8036067957
 35.9 -21.7 -28.7 -55.5931210795
 35.8 -21.6 -28.6 -53.2833690312
 35.8 -21.5 -28.5 -50.8868712107
 35.8 -21.4 -28.4 -48.4155925627
 35.8 -21.3 -28.3 -45.8808165819
 35.8 -21.2 -28.2 -43.2930189125
 35.7 -21.1 -28.1 -40.6617417639
 35.7 -21.0 -28.0 -37.9954705669
 35.7 -20.9 -27.9 -35.3015143208
 35.7 -20.8 -27.8 -32.5858910939
 35.7 -20.7 -27.7 -29.8532201343
 35.6 -20.6 -27.6 -27.1066220307
 35.6 -20.5 -27.5 -24.3476283219
 35.6 -20.4 -27.4 -21.5761019088
 35.6 -20.3 -27.3 -18.7901695473
 35.6 -20.2 -27.2 -15.9861676268
 35.5 -20.1 -27.1 -13.1586023337
 35.5 -20.0 -27.0 -10.300125196
 35.5 -19.9 -26.9 -7.4015248769
 35.5 -19.8 -26.8 -4.45173595239
 35.5 -19.7 -26.7 -1.43786526255
 35.4 -19.6 -26.6  1.65476373048
 35.4 -19.5 -26.5  4.84254830572
 35.4 -19.4 -26.4  8.14352546618
 35.4 -19.3 -26.3  11.577272613
 35.4 -19.2 -26.2  15.1647901602
 35.3 -19.1 -26.1  18.9283665178
 35.3 -19.1 -26.0  22.8914260499
 35.3 -19.0 -25.9  27.0783607899
 35.3 -18.9 -25.8  31.5143468692
 35.3 -18.8 -25.7  36.2251467822
 35.2 -18.7 -25.6  41.2368987696
 35.2 -18.6 -25.5  46.5758947562
 35.2 -18.5 -25.4  52.2683484175
 35.2 -18.4 -25.3  58.3401550799
 35.2 -18.3 -25.2  64.8166452755
 35.1 -18.2 -25.1  71.7223338727
 35.1 -18.1 -25.0  79.0806667913
 35.1 -18.0 -24.9  86.9137673759
 35.1 -17.9 -24.8  95.2421845583
 35.1 -17.8 -24.7  104.084644966
 35.0 -17.7 -24.6  113.457811153
 35.0 -17.6 -24.5  123.37604812
 35.0 -17.5 -24.4  133.851200268
 35.0 -17.4 -24.3  144.892380885
 34.9 -17.3 -24.2  156.5057762
 34.9 -17.2 -24.1  168.694465952
 34.9 -17.1 -24.0  181.45826233
 34.9 -17.0 -23.9  194.793569011
 34.9 -16.9 -23.8  208.693261891
 34.8 -16.8 -23.7  223.146592936
 34.8 -16.7 -23.6  238.139118453
 34.8 -16.6 -23.5  253.652652844
 34.8 -16.5 -23.4  269.665248753
 34.8 -16.4 -23.3  286.151204305
 34.7 -16.3 -23.2  303.081097911
 34.7 -16.2 -23.1  320.421850893
 34.7 -16.1 -23.0  338.136817992
 34.7 -16.0 -22.9  356.185905533
 34.7 -15.9 -22.8  374.525716857
 34.6 -15.8 -22.7  393.109724358
 34.6 -15.7 -22.6  411.88846724
 34.6 -15.6 -22.5  430.80977393
 34.6 -15.5 -22.4  449.819007801
 34.6 -15.4 -22.3  468.859334722
 34.5 -15.3 -22.2  487.872010706
 34.5 -15.2 -22.1  506.796687775
 34.5 -15.1 -22.0  525.571735979
 34.5 -15.0 -21.9  544.134579366
 34.5 -14.9 -21.8  562.422043537
 34.4 -14.8 -21.7  580.37071235
 34.4 -14.7 -21.6  597.917291186
 34.4 -14.6 -21.5  614.998974156
 34.4 -14.5 -21.4  631.553812552
 34.4 -14.4 -21.3  647.521081813
 34.3 -14.4 -21.2  662.841644272
 34.3 -14.3 -21.1  677.458304961
 34.3 -14.2 -21.0  691.31615778
 34.3 -14.1 -20.9  704.362919391
 34.3 -14.0 -20.8  716.549248304
 34.2 -13.9 -20.7  727.829046674
 34.2 -13.8 -20.6  738.159742503
 34.2 -13.7 -20.5  747.50255004
 34.2 -13.6 -20.4  755.82270636
 34.2 -13.5 -20.3  763.089682274
 34.1 -13.4 -20.2  769.277365909
 34.1 -13.3 -20.1  774.364217509
 34.1 -13.2 -20.0  778.333394244
 34.1 -13.1 -19.9  781.172844026
 34.0 -13.0 -19.8  782.875367583
 34.0 -12.9 -19.7  783.438648294
 34.0 -12.8 -19.6  782.865249532
 34.0 -12.7 -19.5  781.16257953
 34.0 -12.6 -19.4  778.342824028
 33.9 -12.5 -19.3  774.422847231
 33.9 -12.4 -19.2  769.424061843
 33.9 -12.3 -19.1  763.372269194
 33.9 -12.2 -19.0  756.297470727
 33.9 -12.1 -18.9  748.233652308
 33.8 -12.0 -18.8  739.218543074
 33.8 -11.9 -18.7  729.293350708
 33.8 -11.8 -18.6  718.502475224
 33.8 -11.7 -18.5  706.893203519
 33.8 -11.6 -18.4  694.51538709
 33.7 -11.5 -18.3  681.421105443
 33.7 -11.4 -18.2  667.664317843
 33.7 -11.3 -18.1  653.300506116
 33.7 -11.2 -18.0  638.386311297
 33.7 -11.1 -17.9  622.979166961
 33.6 -11.0 -17.8  607.136932055
 33.6 -10.9 -17.7  590.917526096
 33.6 -10.8 -17.6  574.37856952
 33.6 -10.7 -17.5  557.577031936
 33.6 -10.6 -17.4  540.568890959
 33.5 -10.5 -17.3  523.408804182
 33.5 -10.4 -17.2  506.149796756
 33.5 -10.3 -17.1  488.84296686
 33.5 -10.2 -17.0  471.537211225
 33.5 -10.1 -16.9  454.278972665
 33.4 -10.0 -16.8  437.112011402
 33.4 -9.9 -16.7  420.077201723
 33.4 -9.8 -16.6  403.212355342
 33.4 -9.8 -16.5  386.552072534
 33.4 -9.7 -16.4  370.12762195
 33.3 -9.6 -16.3  353.966849695
 33.3 -9.5 -16.2  338.094118059
 33.3 -9.4 -16.1  322.530274009
 33.3 -9.3 -16.0  307.292647294
 33.3 -9.2 -15.9  292.395077785
 33.2 -9.1 -15.8  277.847971392
 33.2 -9.0 -15.7  263.658383707
 33.2 -8.9 -15.6  249.830130232
 33.2 -8.8 -15.5  236.36392189
 33.1 -8.7 -15.4  223.257524262
 33.1 -8.6 -15.3  210.505938821
 33.1 -8.5 -15.2  198.101604272
 33.1 -8.4 -15.1  186.034615901
 33.1 -8.3 -15.0  174.292960747
 33.0 -8.2 -14.9  162.862766262
 33.0 -8.1 -14.8  151.728560022
 33.0 -8.0 -14.7  140.873537989
 33.0 -7.9 -14.6  130.279838773
 33.0 -7.8 -14.5  119.928821272
 32.9 -7.7 -14.4  109.801343124
 32.9 -7.6 -14.3  99.8780373524
 32.9 -7.5 -14.2  90.1395846745
 32.9 -7.4 -14.1  80.5669789678
 32.9 -7.3 -14.0  71.1417834949
 32.8 -7.2 -13.9  61.8463755722
 32.8 -7.1 -13.8  52.6641775016
 32.8 -7.0 -13.7  43.5798717193
 32.8 -6.9 -13.6  34.5795982782
 32.8 -6.8 -13.5  25.6511329539
 32.7 -6.7 -13.4  16.7840444531
 32.7 -6.6 -13.3  7.96982940599
 32.7 -6.5 -13.2 -0.797975963513
 32.7 -6.4 -13.1 -9.52370837397
 32.7 -6.3 -13.0 -18.2095148863
 32.6 -6.2 -12.9 -26.85531559
 32.6 -6.1 -12.8 -35.4587917649
 32.6 -6.0 -12.7 -44.0153994688
 32.6 -5.9 -12.6 -52.5184082702
 32.6 -5.8 -12.5 -60.9589646135
 32.5 -5.7 -12.4 -69.3261790781
 32.5 -5.6 -12.3 -77.6072365786
 32.5 -5.5 -12.2 -85.7875283435
 32.5 -5.4 -12.1 -93.8508043179
 32.5 -5.3 -12.0 -101.779344449
 32.4 -5.2 -11.9 -109.554147149
 32.4 -5.2 -11.8 -117.155133082
 32.4 -5.1 -11.7 -124.561362277
 32.4 -5.0 -11.6 -131.75126247
 32.4 -4.9 -11.5 -138.702866471
 32.3 -4.8 -11.4 -145.394056281
 32.3 -4.7 -11.3 -151.802811641
 32.3 -4.6 -11.2 -157.907460633
 32.3 -4.5 -11.1 -163.686929986
 32.2 -4.4 -11.0 -169.120992716
 32.2 -4.3 -10.9 -174.190510776
 32.2 -4.2 -10.8 -178.877670438
 32.2 -4.1 -10.7 -183.166208224
 32.2 -4.0 -10.6 -187.041625262
 32.1 -3.9 -10.5 -190.491388085
 32.1 -3.8 -10.4 -193.505114009
 32.1 -3.7 -10.3 -196.074739369
 32.1 -3.6 -10.2 -198.194669056
 32.1 -3.5 -10.1 -199.861905979
 32.0 -3.4 -10.0 -201.076159244
 32.0 -3.3 -9.9 -201.839930058
 32.0 -3.2 -9.8 -202.158574556
 32.0 -3.1 -9.7 -202.040342962
 32.0 -3.0 -9.6 -201.496394705
 31.9 -2.9 -9.5 -200.540789347
 31.9 -2.8 -9.4 -199.190453356
 31.9 -2.7 -9.3 -197.465123022
 31.9 -2.6 -9.2 -195.387263971
 31.9 -2.5 -9.1 -192.981967993
 31.8 -2.4 -9.0 -190.276828042
 31.8 -2.3 -8.9 -187.301792502
 31.8 -2.2 -8.8 -184.088999952
 31.8 -2.1 -8.7 -180.672595862
 31.8 -2.0 -8.6 -177.088532768
 31.7 -1.9 -8.5 -173.374355645
 31.7 -1.8 -8.4 -169.568974281
 31.7 -1.7 -8.3 -165.712424595
 31.7 -1.6 -8.2 -161.84562088
 31.7 -1.5 -8.1 -158.010101072
 31.6 -1.4 -8.0 -154.247767134
 31.6 -1.3 -7.9 -150.600622718
 31.6 -1.2 -7.8 -147.110510244
 31.6 -1.1 -7.7 -143.818849534
 31.6 -1.0 -7.6 -140.766380115
 31.5 -0.9 -7.5 -137.992909221
 31.5 -0.8 -7.4 -135.537067503
 31.5 -0.7 -7.3 -133.436074328
 31.5 -0.6 -7.2 -131.725514461
 31.5 -0.5 -7.1 -130.439127806
 31.4 -0.5 -7.0 -129.60861375
 31.4 -0.4 -6.9 -129.263451501
 31.4 -0.3 -6.8 -129.430737655
 31.4 -0.2 -6.7 -130.135042078
 31.3 -0.1 -6.6 -131.398282977
 31.3  0.0 -6.5 -133.2396219
 31.3  0.1 -6.4 -135.675379173
 31.3  0.2 -6.3 -138.718970135
 31.3  0.3 -6.2 -142.38086231
 31.2  0.4 -6.1 -146.668553479
 31.2  0.5 -6.0 -151.586570442
 31.2  0.6 -5.9 -157.136488053
 31.2  0.7 -5.8 -163.316967961
 31.2  0.8 -5.7 -170.123816296
 31.1  0.9 -5.6 -177.550059408
 31.1  1.0 -5.5 -185.586036608
 31.1  1.1 -5.4 -194.219508707
 31.1  1.2 -5.3 -203.435781063
 31.1  1.3 -5.2 -213.217839707
 31.0  1.4 -5.1 -223.546499037
 31.0  1.5 -5.0 -234.400559509
 31.0  1.6 -4.9 -245.756973653
 31.0  1.7 -4.8 -257.591018744
 31.0  1.8 -4.7 -269.876474416
 30.9  1.9 -4.6 -282.585803472
 30.9  2.0 -4.5 -295.690334208
 30.9  2.1 -4.4 -309.160442535
 30.9  2.2 -4.3 -322.965732279
 30.9  2.3 -4.2 -337.075212046
 30.8  2.4 -4.1 -351.457467173
 30.8  2.5 -4.0 -366.080825312
 30.8  2.6 -3.9 -380.913514342
 30.8  2.7 -3.8 -395.923811402
 30.8  2.8 -3.7 -411.08018196
 30.7  2.9 -3.6 -426.351407967
 30.7  3.0 -3.5 -441.706704302
 30.7  3.1 -3.4 -457.115822846
 30.7  3.2 -3.3 -472.549143683
 30.7  3.3 -3.2 -487.977753097
 30.6  3.4 -3.1 -503.37350816
 30.6  3.5 -3.0 -518.709087911
 30.6  3.6 -2.9 -533.958031238
 30.6  3.7 -2.8 -549.094761766
 30.6  3.8 -2.7 -564.094600166
 30.5  3.9 -2.6 -578.933764491
 30.5  4.0 -2.5 -593.589359225
 30.5  4.1 -2.4 -608.039353898
 30.5  4.1 -2.3 -622.26255221
 30.4  4.2 -2.2 -636.238552727
 30.4  4.3 -2.1 -649.947702279
 30.4  4.4 -2.0 -663.371043294
 30.4  4.5 -1.9 -676.490256334
 30.4  4.6 -1.8 -689.287599165
 30.3  4.7 -1.7 -701.745843712
 30.3  4.8 -1.6 -713.84821228
 30.3  4.9 -1.5 -725.57831438
 30.3  5.0 -1.4 -736.920085542
 30.3  5.1 -1.3 -747.857729405
 30.2  5.2 -1.2 -758.375664353
 30.2  5.3 -1.1 -768.458475899
 30.2  5.4 -1.0 -778.090875942
 30.2  5.5 -0.9 -787.257669907
 30.2  5.6 -0.8 -795.943732714
 30.1  5.7 -0.7 -804.133994355
 30.1  5.8 -0.6 -811.813435785
 30.1  5.9 -0.5 -818.967095648
 30.1  6.0 -0.4 -825.580088258
 30.1  6.1 -0.3 -831.637633071
 30.0  6.2 -0.2 -837.125095762
 30.0  6.3 -0.1 -842.028040839
 30.0  6.4  0.0 -846.332295593
 30.0  6.5  0.1 -850.024025008
 30.0  6.6  0.2 -853.089817121
 29.9  6.7  0.3 -855.516778143
 29.9  6.8  0.4 -857.292636556
 29.9  6.9  0.5 -858.405855207
 29.9  7.0  0.6 -858.845750345
 29.9  7.1  0.7 -858.602616402
 29.8  7.2  0.8 -857.667855208
 29.8  7.3  0.9 -856.03410827
 29.8  7.4  1.0 -853.695390623
 29.8  7.5  1.1 -850.64722474
 29.8  7.6  1.2 -846.8867729
 29.7  7.7  1.3 -842.412966421
 29.7  7.8  1.4 -837.226630114
 29.7  7.9  1.5 -831.330600339
 29.7  8.0  1.6 -824.729835061
 29.7  8.1  1.7 -817.431514331
 29.6  8.2  1.8 -809.445129685
 29.6  8.3  1.9 -800.782561009
 29.6  8.4  2.0 -791.458139532
 29.6  8.5  2.1 -781.488695673
 29.6  8.6  2.2 -770.893590629
 29.5  8.7  2.3 -759.69473069
 29.5  8.7  2.4 -747.916563423
 29.5  8.8  2.5 -735.586055036
 29.5  8.9  2.6 -722.732648366
 29.4  9.0  2.7 -709.388201145
 29.4  9.1  2.8 -695.58690435
 29.4  9.2  2.9 -681.365180653
 29.4  9.3  3.0 -666.761563144
 29.4  9.4  3.1 -651.816554738
 29.3  9.5  3.2 -636.572468804
 29.3  9.6  3.3 -621.07325181
 29.3  9.7  3.4 -605.364288902
 29.3  9.8  3.5 -589.492193551
 29.3  9.9  3.6 -573.504582564
 29.2  10.0  3.7 -557.449837895
 29.2  10.1  3.8 -541.376856875
 29.2  10.2  3.9 -525.334792586
 29.2  10.3  4.0 -509.372786255
 29.2  10.4  4.1 -493.539693615
 29.1  10.5  4.2 -477.883807324
 29.1  10.6  4.3 -462.452577536
 29.1  10.7  4.4 -447.292332848
 29.1  10.8  4.5 -432.448003821
 29.1  10.9  4.6 -417.962851326
 29.0  11.0  4.7 -403.878201936
 29.0  11.1  4.8 -390.23319259
 29.0  11.2  4.9 -377.064526678
 29.0  11.3  5.0 -364.406243645
 29.0  11.4  5.1 -352.289504139
 28.9  11.5  5.2 -340.742392596
 28.9  11.6  5.3 -329.789739058
 28.9  11.7  5.4 -319.452961868
 28.9  11.8  5.5 -309.749932724
 28.9  11.9  5.6 -300.694865425
 28.8  12.0  5.7 -292.298229426
 28.8  12.1  5.8 -284.566689148
 28.8  12.2  5.9 -277.503069768
 28.8  12.3  6.0 -271.106350008
 28.8  12.4  6.1 -265.371682204
 28.7  12.5  6.2 -260.290439727
 28.7  12.6  6.3 -255.850291585
 28.7  12.7  6.4 -252.035303808
 28.7  12.8  6.5 -248.826066999
 28.7  12.9  6.6 -246.199849185
 28.6  13.0  6.7 -244.13077291
 28.6  13.1  6.8 -242.590015277
 28.6  13.2  6.9 -241.546029461
 28.6  13.3  7.0 -240.964786004
 28.5  13.3  7.1 -240.810032048
 28.5  13.4  7.2 -241.043566482
 28.5  13.5  7.3 -241.625528833
 28.5  13.6  7.4 -242.514699619
 28.5  13.7  7.5 -243.668809747
 28.4  13.8  7.6 -245.044856477
 28.4  13.9  7.7 -246.599423376
 28.4  14.0  7.8 -248.289001679
 28.4  14.1  7.9 -250.070310398
 28.4  14.2  8.0 -251.90061258
 28.3  14.3  8.1 -253.738025081
 28.3  14.4  8.2 -255.541819308
 28.3  14.5  8.3 -257.272710433
 28.3  14.6  8.4 -258.893132673
 28.3  14.7  8.5 -260.367498338
 28.2  14.8  8.6 -261.662438505
 28.2  14.9  8.7 -262.747023285
 28.2  15.0  8.8 -263.592959863
 28.2  15.1  8.9 -264.17476665
 28.2  15.2  9.0 -264.469922103
 28.1  15.3  9.1 -264.458986971
 28.1  15.4  9.2 -264.125698962
 28.1  15.5  9.3 -263.457039071
 28.1  15.6  9.4 -262.443269022
 28.1  15.7  9.5 -261.077939568
 28.0  15.8  9.6 -259.357869613
 28.0  15.9  9.7 -257.283096395
 28.0  16.0  9.8 -254.856797209
 28.0  16.1  9.9 -252.085183409
 28.0  16.2  10.0 -248.977367662
 27.9  16.3  10.1 -245.545205676
 27.9  16.4  10.2 -241.803113833
 27.9  16.5  10.3 -237.767864394
 27.9  16.6  10.4 -233.458360118
 27.9  16.7  10.5 -228.895390348
 27.8  16.8  10.6 -224.10137076
 27.8  16.9  10.7 -219.100069138
 27.8  17.0  10.8 -213.916319657
 27.8  17.1  10.9 -208.57572826
 27.8  17.2  11.0 -203.104371803
 27.7  17.3  11.1 -197.528493708
 27.7  17.4  11.2 -191.874198888
 27.7  17.5  11.3 -186.167150725
 27.7  17.6  11.4 -180.432272881
 27.6  17.7  11.5 -174.693458666
 27.6  17.8  11.6 -168.973290641
 27.6  17.9  11.7 -163.292773043
 27.6  18.0  11.8 -157.671079512
 27.6  18.0  11.9 -152.125318479
 27.5  18.1  12.0 -146.670318401
 27.5  18.2  12.1 -141.318434889
 27.5  18.3  12.2 -136.079381564
 27.5  18.4  12.3 -130.960086271
 27.5  18.5  12.4 -125.964574086
 27.4  18.6  12.5 -121.093878287
 27.4  18.7  12.6 -116.345980223
 27.4  18.8  12.7 -111.715778789
 27.4  18.9  12.8 -107.19508992
 27.4  19.0  12.9 -102.772676273
 27.3  19.1  13.0 -98.4343069968
 27.3  19.2  13.1 -94.162847227
 27.3  19.3  13.2 -89.9383766775
 27.3  19.4  13.3 -85.738336441
 27.3  19.5  13.4 -81.5377028671
 27.2  19.6  13.5 -77.3091871414
 27.2  19.7  13.6 -73.023458961
 27.2  19.8  13.7 -68.6493924861
 27.2  19.9  13.8 -64.1543325488
 27.2  20.0  13.9 -59.5043789166
 27.1  20.1  14.0 -54.6646862439
 27.1  20.2  14.1 -49.5997772016
 27.1  20.3  14.2 -44.2738661542
 27.1  20.4  14.3 -38.6511906536
 27.1  20.5  14.4 -32.696347942
 27.0  20.6  14.5 -26.3746336075
 27.0  20.7  14.6 -19.6523795065
 27.0  20.8  14.7 -12.4972880672
 27.0  20.9  14.8 -4.87876010933
 27.0  21.0  14.9  3.23178663489
 26.9  21.1  15.0  11.860611044
 26.9  21.2  15.1  21.0313568227
 26.9  21.3  15.2  30.764777941
 26.9  21.4  15.3  41.0784836865
 26.9  21.5  15.4  51.9867055609
 26.8  21.6  15.5  63.5000880715
 26.8  21.7  15.6  75.6255052705
 26.8  21.8  15.7  88.3659046838
 26.8  21.9  15.8  101.720180043
 26.7  22.0  15.9  115.683073998
 26.7  22.1  16.0  130.245111733
 26.7  22.2  16.1  145.392566163
 26.7  22.3  16.2  161.107455122
 26.7  22.4  16.3  177.367570675
 26.6  22.5  16.4  194.146540459
 26.6  22.6  16.5  211.41392064
 26.6  22.6  16.6  229.135319872
 26.6  22.7  16.7  247.272553338
 26.6  22.8  16.8  265.783825745
 26.5  22.9  16.9  284.623941886
 26.5  23.0  17.0  303.744543176
 26.5  23.1  17.1  323.094368343
 26.5  23.2  17.2  342.619536279
 26.5  23.3  17.3  362.263848872
 26.4  23.4  17.4  381.969111479
 26.4  23.5  17.5  401.67546858
 26.4  23.6  17.6  421.321752018
 26.4  23.7  17.7  440.84583916
 26.4  23.8  17.8  460.185018229
 26.3  23.9  17.9  479.276358005
 26.3  24.0  18.0  498.057079108
 26.3  24.1  18.1  516.464924027
 26.3  24.2  18.2  534.438523128
 26.3  24.3  18.3  551.917753894
 26.2  24.4  18.4  568.844090744
 26.2  24.5  18.5  585.160942851
 26.2  24.6  18.6  600.813977516
 26.2  24.7  18.7  615.75142677
 26.2  24.8  18.8  629.924375043
 26.1  24.9  18.9  643.287025905
 26.1  25.0  19.0  655.796946065
 26.1  25.1  19.1  667.415285035
 26.1  25.2  19.2  678.106969038
 26.1  25.3  19.3  687.840868017
 26.0  25.4  19.4  696.58993477
 26.0  25.5  19.5  704.331315529
 26.0  25.6  19.6  711.046431494
 26.0  25.7  19.7  716.721031112
 26.0  25.8  19.8  721.345213101
 25.9  25.9  19.9  724.913420479
 25.9  26.0  20.0  727.424406076
 25.9  26.1  20.1  728.881170251
 25.9  26.2  20.2  729.290871727
 25.8  26.3  20.3  728.664712694
 25.8  26.4  20.4  727.017799502
 25.8  26.5  20.5  724.368980461
 25.8  26.6  20.6  720.740662415
 25.8  26.7  20.7  716.158607929
 25.7  26.8  20.8  710.651715027
 25.7  26.9  20.9  704.251781562
 25.7  27.0  21.0  696.993256369
 25.7  27.1  21.1  688.912979434
 25.7  27.2  21.2  680.049913351
 25.6  27.2  21.3  670.444868387
 25.6  27.3  21.4  660.140223474
 25.6  27.4  21.5  649.179645413
 25.6  27.5  21.6  637.607808594
 25.6  27.6  21.7  625.470117422
 25.5  27.7  21.8  612.812433621
 25.5  27.8  21.9  599.680810446
 25.5  27.9  22.0  586.121235783
 25.5  28.0  22.1  572.179385932
 25.5  28.1  22.2  557.900391782
 25.4  28.2  22.3  543.328618894
 25.4  28.3  22.4  528.507462881
 25.4  28.4  22.5  513.479161267
 25.4  28.5  22.6  498.284622849
 25.4  28.6  22.7  482.963275394
 25.3  28.7  22.8  467.552932296
 25.3  28.8  22.9  452.089678644
 25.3  28.9  23.0  436.607776948
 25.3  29.0  23.1  421.139592571
 25.3  29.1  23.2  405.715538729
 25.2  29.2  23.3  390.364040743
 25.2  29.3  23.4  375.111519031
 25.2  29.4  23.5  359.982390177
 25.2  29.5  23.6  344.999085238
 25.2  29.6  23.7  330.182084305
 25.1  29.7  23.8  315.549966212
 25.1  29.8  23.9  301.119472143
 25.1  29.9  24.0  286.905581789
 25.1  30.0  24.1  272.921600635
 25.1  30.1  24.2  259.17925684
 25.0  30.2  24.3  245.688806165
 25.0  30.3  24.4  232.459143331
 25.0  30.4  24.5  219.497918176
 25.0  30.5  24.6  206.811654987
 24.9  30.6  24.7  194.405873383
 24.9  30.7  24.8  182.285209162
 24.9  30.8  24.9  170.453533575
 24.9  30.9  25.0  158.914069556
 24.9  31.0  25.1  147.669503501
 24.8  31.1  25.2  136.722091315
 24.8  31.2  25.3  126.07375751
 24.8  31.3  25.4  115.726186292
 24.8  31.4  25.5  105.680903695
 24.8  31.5  25.6  95.9393499298
 24.7  31.6  25.7  86.5029413188
 24.7  31.7  25.8  77.3731212732
 24.7  31.8  25.9  68.5513999763
 24.7  31.9  26.0  60.0393825655
 24.7  31.9  26.1  51.8387857746
 24.6  32.0  26.2  43.951443153
 24.6  32.1  26.3  36.3792991312
 24.6  32.2  26.4  29.1243923553
 24.6  32.3  26.5  22.1888288522
 24.6  32.4  26.6  15.5747457268
 24.5  32.5  26.7  9.28426621657
 24.5  32.6  26.8  3.31944704627
 24.5  32.7  26.9 -2.31778087128
 24.5  32.8  27.0 -7.62567725095
 24.5  32.9  27.1 -12.6027615531
 24.4  33.0  27.2 -17.2478851268
 24.4  33.1  27.3 -21.560305056
 24.4  33.2  27.4 -25.5397583532
 24.4  33.3  27.5 -29.1865351347
 24.4  33.4  27.6 -32.5015494107
 24.3  33.5  27.7 -35.486406144
 24.3  33.6  27.8 -38.1434632667
 24.3  33.7  27.9 -40.4758873968
 24.3  33.8  28.0 -42.4877020601
 24.3  33.9  28.1 -44.1838273112
 24.2  34.0  28.2 -45.5701097371
 24.2  34.1  28.3 -46.6533419417
 24.2  34.2  28.4 -47.4412707261
 24.2  34.3  28.5 -47.9425933162
 24.2  34.4  28.6 -48.1669411259
 24.1  34.5  28.7 -48.1248506963
 24.1  34.6  28.8 -47.827721606
 24.1  34.7  28.9 -47.2877613059
 24.1  34.8  29.0 -46.5179169967
 24.0  34.9  29.1 -45.5317948301
 24.0  35.0  29.2 -44.3435668778
 24.0  35.1  29.3 -42.9678664734
 24.0  35.2  29.4 -41.4196726898
 24.0  35.3  29.5 -39.7141848625
 23.9  35.4  29.6 -37.8666882166
 23.9  35.5  29.7 -35.8924117852
 23.9  35.6  29.8 -33.8063799319
 23.9  35.7  29.9 -31.6232589012
 23.9  35.8  30.0 -29.3571999159
 23.8  35.9  30.1 -27.0216804274
 23.8  36.0  30.2 -24.6293451862
 23.8  36.1  30.3 -22.1918488556
 23.8  36.2  30.4 -19.7197019197
 23.8  36.3  30.5 -17.2221216559
 23.7  36.4  30.6 -14.7068899354
 23.7  36.5  30.7 -12.1802195949
 23.7  36.5  30.8 -9.64663108098
 23.7  36.6  30.9 -7.10884101084
 23.7  36.7  31.0 -4.56766421459
 23.6  36.8  31.1 -2.02193073007
 23.6  36.9  31.2  0.531580890327
 23.6  37.0  31.3  3.09819272923
 23.6  37.1  31.4  5.685358021
 23.6  37.2  31.5  8.30267210254
 23.5  37.3  31.6  10.9618630339
 23.5  37.4  31.7  13.6767613036
 23.5  37.5  31.8  16.4632482219
 23.5  37.6  31.9  19.3391828027
 23.5  37.7  32.0  22.3243071352
 23.4  37.8  32.1  25.4401304521
 23.4  37.9  32.2  28.7097923105
 23.4  38.0  32.3  32.1579055068
 23.4  38.1  32.4  35.8103795544
 23.4  38.2  32.5  39.6942257516
 23.3  38.3  32.6  43.8373450653
 23.3  38.4  32.7  48.2683002408
 23.3  38.5  32.8  53.0160737265
 23.3  38.6  32.9  58.1098131668
 23.3  38.7  33.0  63.5785663698
 23.2  38.8  33.1  69.4510077916
 23.2  38.9  33.2  75.755158701
 23.2  39.0  33.3  82.5181032902
 23.2  39.1  33.4  89.7657030803
 23.1  39.2  33.5  97.5223120343
 23.1  39.3  33.6  105.810494832
 23.1  39.4  33.7  114.650750784
 23.1  39.5  33.8  124.061245859
 23.1  39.6  33.9  134.057555271
 23.0  39.7  34.0  144.652419043
 23.0  39.8  34.1  155.855512873
 23.0  39.9  34.2  167.673236555
 23.0  40.0  34.3  180.108522093
 23.0  40.1  34.4  193.160663516
 22.9  40.2  34.5  206.825170233
 22.9  40.3  34.6  221.093645638
 22.9  40.4  34.7  235.95369244
 22.9  40.5  34.8  251.388846033
 22.9  40.6  34.9  267.378536967
 22.8  40.7  35.0  283.898083397
 22.8  40.8  35.1  300.918714103
 22.8  40.9  35.2  318.407622463
 22.8  41.0  35.3  336.328051485
 22.8  41.1  35.4  354.639409773
 22.7  41.1  35.5  373.297418007
 22.7  41.2  35.6  392.254285302
 22.7  41.3  35.7  411.458914527
 22.7  41.4  35.8  430.85713542
 22.7  41.5  35.9  450.391964111
 22.6  41.6  36.0  470.003887412
 22.6  41.7  36.1  489.631170017
 22.6  41.8  36.2  509.210182558
 22.6  41.9  36.3  528.675748268
 22.6  42.0  36.4  547.961505815
 22.5  42.1  36.5  567.000285735
 22.5  42.2  36.6  585.724497751
 22.5  42.3  36.7  604.066526142
 22.5  42.4  36.8  621.959130257
 22.5  42.5  36.9  639.335847185
 22.4  42.6  37.0  656.131393564
 22.4  42.7  37.1  672.28206348
 22.4  42.8  37.2  687.726119448
 22.4  42.9  37.3  702.404173453
 22.4  43.0  37.4  716.259555146
 22.3  43.1  37.5  729.238664328
 22.3  43.2  37.6  741.291304984
 22.3  43.3  37.7  752.370998276
 22.3  43.4  37.8  762.435272024
 22.2  43.5  37.9  771.445924418
 22.2  43.6  38.0  779.369259868
 22.2  43.7  38.1  786.176295143
 22.2  43.8  38.2  791.842934151
 22.2  43.9  38.3  796.350109978
 22.1  44.0  38.4  799.683893066
 22.1  44.1  38.5  801.835564639
 22.1  44.2  38.6  802.801654818
 22.1  44.3  38.7  802.583945103
 22.1  44.4  38.8  801.189435194
 22.0  44.5  38.9  798.630274434
 22.0  44.6  39.0  794.923658391
 22.0  44.7  39.1  790.09169143
 22.0  44.8  39.2  784.161216354
 22.0  44.9  39.3  777.163612479
 21.9  45.0  39.4  769.134563764
 21.9  45.1  39.5  760.113798832
 21.9  45.2  39.6  750.144804975
 21.9  45.3  39.7  739.274518412
 21.9  45.4  39.8  727.552993276
 21.8  45.5  39.9  715.033051962
 21.8  45.6  40.0  701.769919614
 21.8  45.7  40.1  687.82084566
 21.8  45.8  40.2  673.24471538
 21.8  45.8  40.3  658.101654584
 21.7  45.9  40.4  642.452630498
 21.7  46.0  40.5  626.359052014
 21.7  46.1  40.6  609.882372395
 21.7  46.2  40.7  593.083697552
 21.7  46.3  40.8  576.023402904
 21.6  46.4  40.9  558.760761772
 21.6  46.5  41.0  541.353588135
 21.6  46.6  41.1  523.857896449
 21.6  46.7  41.2  506.327581073
 21.6  46.8  41.3  488.814117657
 21.5  46.9  41.4  471.366288667
 21.5  47.0  41.5  454.029934998
 21.5  47.1  41.6  436.847735384
 21.5  47.2  41.7  419.859015098
 21.5  47.3  41.8  403.099585145
 21.4  47.4  41.9  386.601612904
 21.4  47.5  42.0  370.393524912
 21.4  47.6  42.1  354.499942165
 21.4  47.7  42.2  338.941648088
 21.3  47.8  42.3  323.735588991
 21.3  47.9  42.4  308.894906591
 21.3  48.0  42.5  294.429001888
 21.3  48.1  42.6  280.343629423
 21.3  48.2  42.7  266.641020694
 21.2  48.3  42.8  253.320035259
 21.2  48.4  42.9  240.37633783
 21.2  48.5  43.0  227.802599451
 21.2  48.6  43.1  215.588720649
 21.2  48.7  43.2  203.722074287
 21.1  48.8  43.3  192.187765676
 21.1  48.9  43.4  180.968907394
 21.1  49.0  43.5  170.046906122
 21.1  49.1  43.6  159.401758753
 21.1  49.2  43.7  149.012354952
 21.0  49.3  43.8  138.856783315
 21.0  49.4  43.9  128.912638274
 21.0  49.5  44.0  119.157324894
 21.0  49.6  44.1  109.568358777
 21.0  49.7  44.2  100.123658335
 20.9  49.8  44.3  90.801826785
 20.9  49.9  44.4  81.5824213505
 20.9  50.0  44.5  72.4462072691
 20.9  50.1  44.6  63.3753943802
 20.9  50.2  44.7  54.3538542321
 20.8  50.3  44.8  45.3673158457
 20.8  50.4  44.9  36.403538481
 20.8  50.4  45.0  27.4524599762
 20.8  50.5  45.1  18.5063194617
 20.8  50.6  45.2  9.55975349888
 20.7  50.7  45.3  0.609864941063
 20.7  50.8  45.4 -8.3437359251
 20.7  50.9  45.5 -17.2989181451
 20.7  51.0  45.6 -26.2510446938
 20.7  51.1  45.7 -35.1930145741
 20.6  51.2  45.8 -44.1153318327
 20.6  51.3  45.9 -53.0062006657
 20.6  51.4  46.0 -61.8516455446
 20.6  51.5  46.1 -70.6356550747
 20.6  51.6  46.2 -79.3403480778
 20.5  51.7  46.3 -87.9461601983
 20.5  51.8  46.4 -96.4320491494
 20.5  51.9  46.5 -104.775716551
 20.5  52.0  46.6 -112.953844171
 20.5  52.1  46.7 -120.942342254
 20.4  52.2  46.8 -128.716607533
 20.4  52.3  46.9 -136.25178842
 20.4  52.4  47.0 -143.523054839
 20.4  52.5  47.1 -150.505870122
 20.3  52.6  47.2 -157.176262386
 20.3  52.7  47.3 -163.511092813
 20.3  52.8  47.4 -169.488318326
 20.3  52.9  47.5 -175.08724617
 20.3  53.0  47.6 -180.288778041
 20.2  53.1  47.7 -185.075641479
 20.2  53.2  47.8 -189.432606382
 20.2  53.3  47.9 -193.346684641
 20.2  53.4  48.0 -196.807311058
 20.2  53.5  48.1 -199.806503899
 20.1  53.6  48.2 -202.339003607
 20.1  53.7  48.3 -204.402388428
 20.1  53.8  48.4 -205.997165905
 20.1  53.9  48.5 -207.126839429
 20.1  54.0  48.6 -207.79794926
 20.0  54.1  48.7 -208.020087673
 20.0  54.2  48.8 -207.805888114
 20.0  54.3  48.9 -207.17098849
 20.0  54.4  49.0 -206.133968961
 20.0  54.5  49.1 -204.716264807
 19.9  54.6  49.2 -202.942055201
 19.9  54.7  49.3 -200.838128893
 19.9  54.8  49.4 -198.433728045
 19.9  54.9  49.5 -195.760371631
 19.9  55.0  49.6 -192.851659997
 19.8  55.0  49.7 -189.743062327
 19.8  55.1  49.8 -186.47168893
 19.8  55.2  49.9 -183.076050345
 19.8  55.3  50.0 -179.595805408
