x z dist ED
 20.2 -46.8 -50.0 -313.996816391
 20.2 -46.7 -49.9 -317.91868283
 20.2 -46.6 -49.8 -321.825176875
 20.2 -46.5 -49.7 -325.668462817
 20.1 -46.5 -49.6 -329.401596208
 20.1 -46.4 -49.5 -332.978863923
 20.1 -46.3 -49.4 -336.356112841
 20.1 -46.2 -49.3 -339.491064298
 20.1 -46.1 -49.2 -342.343611627
 20.0 -46.0 -49.1 -344.876098201
 20.0 -45.9 -49.0 -347.053573597
 20.0 -45.8 -48.9 -348.844025669
 20.0 -45.7 -48.8 -350.218586548
 20.0 -45.6 -48.7 -351.151710792
 19.9 -45.5 -48.6 -351.621324189
 19.9 -45.4 -48.5 -351.608941936
 19.9 -45.3 -48.4 -351.099755234
 19.9 -45.2 -48.3 -350.082685582
 19.9 -45.1 -48.2 -348.550406363
 19.8 -45.0 -48.1 -346.499331616
 19.8 -44.9 -48.0 -343.929572153
 19.8 -44.8 -47.9 -340.84485951
 19.8 -44.7 -47.8 -337.252438485
 19.8 -44.6 -47.7 -333.162929312
 19.7 -44.5 -47.6 -328.590160796
 19.7 -44.4 -47.5 -323.550975993
 19.7 -44.3 -47.4 -318.065012261
 19.7 -44.2 -47.3 -312.154457769
 19.7 -44.1 -47.2 -305.84378673
 19.6 -44.0 -47.1 -299.159475849
 19.6 -43.9 -47.0 -292.129704622
 19.6 -43.8 -46.9 -284.784042301
 19.6 -43.7 -46.8 -277.153124438
 19.5 -43.6 -46.7 -269.268322027
 19.5 -43.5 -46.6 -261.161406334
 19.5 -43.4 -46.5 -252.864212549
 19.5 -43.3 -46.4 -244.408305395
 19.5 -43.2 -46.3 -235.824649829
 19.4 -43.1 -46.2 -227.143289919
 19.4 -43.0 -46.1 -218.393038897
 19.4 -42.9 -46.0 -209.601183321
 19.4 -42.8 -45.9 -200.793204104
 19.4 -42.7 -45.8 -191.992517073
 19.3 -42.6 -45.7 -183.220235489
 19.3 -42.5 -45.6 -174.494956806
 19.3 -42.4 -45.5 -165.832575692
 19.3 -42.3 -45.4 -157.246125131
 19.3 -42.2 -45.3 -148.745647122
 19.2 -42.1 -45.2 -140.338094288
 19.2 -42.0 -45.1 -132.027263348
 19.2 -41.9 -45.0 -123.813761184
 19.2 -41.9 -44.9 -115.695003893
 19.2 -41.8 -44.8 -107.665248922
 19.1 -41.7 -44.7 -99.7156600891
 19.1 -41.6 -44.6 -91.8344049907
 19.1 -41.5 -44.5 -84.0067839726
 19.1 -41.4 -44.4 -76.215389589
 19.1 -41.3 -44.3 -68.4402951612
 19.0 -41.2 -44.2 -60.6592707904
 19.0 -41.1 -44.1 -52.8480249225
 19.0 -41.0 -44.0 -44.9804693215
 19.0 -40.9 -43.9 -37.0290050901
 19.0 -40.8 -43.8 -28.9648271759
 18.9 -40.7 -43.7 -20.7582446269
 18.9 -40.6 -43.6 -12.3790137075
 18.9 -40.5 -43.5 -3.79668085996
 18.9 -40.4 -43.4  5.01906760058
 18.9 -40.3 -43.3  14.0980522435
 18.8 -40.2 -43.2  23.4692469575
 18.8 -40.1 -43.1  33.1604283041
 18.8 -40.0 -43.0  43.1978310132
 18.8 -39.9 -42.9  53.6058128016
 18.8 -39.8 -42.8  64.4065316199
 18.7 -39.7 -42.7  75.6196383342
 18.7 -39.6 -42.6  87.2619877193
 18.7 -39.5 -42.5  99.3473704865
 18.7 -39.4 -42.4  111.886268891
 18.7 -39.3 -42.3  124.88563826
 18.6 -39.2 -42.2  138.348716568
 18.6 -39.1 -42.1  152.274863924
 18.6 -39.0 -42.0  166.659433609
 18.6 -38.9 -41.9  181.493675994
 18.5 -38.8 -41.8  196.764676406
 18.5 -38.7 -41.7  212.455327708
 18.5 -38.6 -41.6  228.544338055
 18.5 -38.5 -41.5  245.006273978
 18.5 -38.4 -41.4  261.811638654
 18.4 -38.3 -41.3  278.92698489
 18.4 -38.2 -41.2  296.31506208
 18.4 -38.1 -41.1  313.934996048
 18.4 -38.0 -41.0  331.742500466
 18.4 -37.9 -40.9  349.690118197
 18.3 -37.8 -40.8  367.727490708
 18.3 -37.7 -40.7  385.801653403
 18.3 -37.6 -40.6  403.857354555
 18.3 -37.5 -40.5  421.837395254
 18.3 -37.4 -40.4  439.682987655
 18.2 -37.3 -40.3  457.334128619
 18.2 -37.3 -40.2  474.72998573
 18.2 -37.2 -40.1  491.809292545
 18.2 -37.1 -40.0  508.510749875
 18.2 -37.0 -39.9  524.773429832
 18.1 -36.9 -39.8  540.53717936
 18.1 -36.8 -39.7  555.743019981
 18.1 -36.7 -39.6  570.333540504
 18.1 -36.6 -39.5  584.25327954
 18.1 -36.5 -39.4  597.449094729
 18.0 -36.4 -39.3  609.870515723
 18.0 -36.3 -39.2  621.470078088
 18.0 -36.2 -39.1  632.203635507
 18.0 -36.1 -39.0  642.030647784
 18.0 -36.0 -38.9  650.914442431
 17.9 -35.9 -38.8  658.822447807
 17.9 -35.8 -38.7  665.726396042
 17.9 -35.7 -38.6  671.602494235
 17.9 -35.6 -38.5  676.4315627
 17.9 -35.5 -38.4  680.199139304
 17.8 -35.4 -38.3  682.895549242
 17.8 -35.3 -38.2  684.515939885
 17.8 -35.2 -38.1  685.060280641
 17.8 -35.1 -38.0  684.533328051
 17.8 -35.0 -37.9  682.944556654
 17.7 -34.9 -37.8  680.308056431
 17.7 -34.8 -37.7  676.642397912
 17.7 -34.7 -37.6  671.97046631
 17.7 -34.6 -37.5  666.319266288
 17.6 -34.5 -37.4  659.719699218
 17.6 -34.4 -37.3  652.206314984
 17.6 -34.3 -37.2  643.817040621
 17.6 -34.2 -37.1  634.592888214
 17.6 -34.1 -37.0  624.577644694
 17.5 -34.0 -36.9  613.817546241
 17.5 -33.9 -36.8  602.360940154
 17.5 -33.8 -36.7  590.25793712
 17.5 -33.7 -36.6  577.56005685
 17.5 -33.6 -36.5  564.319870102
 17.4 -33.5 -36.4  550.590640098
 17.4 -33.4 -36.3  536.425966314
 17.4 -33.3 -36.2  521.879433586
 17.4 -33.2 -36.1  507.004269373
 17.4 -33.1 -36.0  491.853011929
 17.3 -33.0 -35.9  476.47719201
 17.3 -32.9 -35.8  460.927030582
 17.3 -32.8 -35.7  445.251154836
 17.3 -32.7 -35.6  429.496334611
 17.3 -32.6 -35.5  413.707241142
 17.2 -32.6 -35.4  397.926229799
 17.2 -32.5 -35.3  382.193148264
 17.2 -32.4 -35.2  366.54517135
 17.2 -32.3 -35.1  351.016663387
 17.2 -32.2 -35.0  335.639068861
 17.1 -32.1 -34.9  320.440831722
 17.1 -32.0 -34.8  305.447343489
 17.1 -31.9 -34.7  290.680920049
 17.1 -31.8 -34.6  276.160806755
 17.1 -31.7 -34.5  261.903211184
 17.0 -31.6 -34.4  247.921362668
 17.0 -31.5 -34.3  234.225597479
 17.0 -31.4 -34.2  220.823468313
 17.0 -31.3 -34.1  207.719876516
 17.0 -31.2 -34.0  194.917225309
 16.9 -31.1 -33.9  182.415592083
 16.9 -31.0 -33.8  170.212917686
 16.9 -30.9 -33.7  158.305210503
 16.9 -30.8 -33.6  146.686762992
 16.9 -30.7 -33.5  135.350378285
 16.8 -30.6 -33.4  124.287604378
 16.8 -30.5 -33.3  113.488973402
 16.8 -30.4 -33.2  102.944243449
 16.8 -30.3 -33.1  92.6426404513
 16.7 -30.2 -33.0  82.5730976229
 16.7 -30.1 -32.9  72.7244900565
 16.7 -30.0 -32.8  63.0858621282
 16.7 -29.9 -32.7  53.64664548
 16.7 -29.8 -32.6  44.3968654683
 16.6 -29.7 -32.5  35.3273341102
 16.6 -29.6 -32.4  26.429827723
 16.6 -29.5 -32.3  17.6972476289
 16.6 -29.4 -32.2  9.12376248866
 16.6 -29.3 -32.1  0.70493103545
 16.5 -29.2 -32.0 -7.56219580848
 16.5 -29.1 -31.9 -15.6789942225
 16.5 -29.0 -31.8 -23.6452087488
 16.5 -28.9 -31.7 -31.4589158532
 16.5 -28.8 -31.6 -39.1165098802
 16.4 -28.7 -31.5 -46.6127112636
 16.4 -28.6 -31.4 -53.9405966228
 16.4 -28.5 -31.3 -61.091650152
 16.4 -28.4 -31.2 -68.05583549
 16.4 -28.3 -31.1 -74.8216870526
 16.3 -28.2 -31.0 -81.3764196144
 16.3 -28.1 -30.9 -87.7060547426
 16.3 -28.0 -30.8 -93.7955625227
 16.3 -28.0 -30.7 -99.6290168631
 16.3 -27.9 -30.6 -105.189762538
 16.2 -27.8 -30.5 -110.460592015
 16.2 -27.7 -30.4 -115.423930019
 16.2 -27.6 -30.3 -120.062023728
 16.2 -27.5 -30.2 -124.357136437
 16.2 -27.4 -30.1 -128.291742496
 16.1 -27.3 -30.0 -131.848721359
 16.1 -27.2 -29.9 -135.011548555
 16.1 -27.1 -29.8 -137.764481471
 16.1 -27.0 -29.7 -140.092737895
 16.1 -26.9 -29.6 -141.982665332
 16.0 -26.8 -29.5 -143.421899248
 16.0 -26.7 -29.4 -144.399508483
 16.0 -26.6 -29.3 -144.906126259
 16.0 -26.5 -29.2 -144.934065321
 16.0 -26.4 -29.1 -144.477415973
 15.9 -26.3 -29.0 -143.532125907
 15.9 -26.2 -28.9 -142.096060974
 15.9 -26.1 -28.8 -140.169046196
 15.9 -26.0 -28.7 -137.752886581
 15.8 -25.9 -28.6 -134.851367491
 15.8 -25.8 -28.5 -131.470234538
 15.8 -25.7 -28.4 -127.617153218
 15.8 -25.6 -28.3 -123.301648682
 15.8 -25.5 -28.2 -118.535026296
 15.7 -25.4 -28.1 -113.330273813
 15.7 -25.3 -28.0 -107.701946199
 15.7 -25.2 -27.9 -101.666034343
 15.7 -25.1 -27.8 -95.2398190395
 15.7 -25.0 -27.7 -88.4417118229
 15.6 -24.9 -27.6 -81.291084348
 15.6 -24.8 -27.5 -73.8080881588
 15.6 -24.7 -27.4 -66.013466789
 15.6 -24.6 -27.3 -57.928362229
 15.6 -24.5 -27.2 -49.5741178609
 15.5 -24.4 -27.1 -40.9720800121
 15.5 -24.3 -27.0 -32.1434002995
 15.5 -24.2 -26.9 -23.1088409421
 15.5 -24.1 -26.8 -13.8885851958
 15.5 -24.0 -26.7 -4.50205502473
 15.4 -23.9 -26.6  5.03226194461
 15.4 -23.8 -26.5  14.696974223
 15.4 -23.7 -26.4  24.4759351585
 15.4 -23.6 -26.3  34.3543768074
 15.4 -23.5 -26.2  44.3190273937
 15.3 -23.4 -26.1  54.3582109349
 15.3 -23.4 -26.0  64.4619277911
 15.3 -23.3 -25.9  74.6219150842
 15.3 -23.2 -25.8  84.8316861385
 15.3 -23.1 -25.7  95.0865483064
 15.2 -23.0 -25.6  105.383598765
 15.2 -22.9 -25.5  115.721698094
 15.2 -22.8 -25.4  126.101421681
 15.2 -22.7 -25.3  136.52498922
 15.2 -22.6 -25.2  146.996172819
 15.1 -22.5 -25.1  157.520184442
 15.1 -22.4 -25.0  168.103543628
 15.1 -22.3 -24.9  178.75392668
 15.1 -22.2 -24.8  189.479998668
 15.1 -22.1 -24.7  200.29122982
 15.0 -22.0 -24.6  211.197698039
 15.0 -21.9 -24.5  222.209879452
 15.0 -21.8 -24.4  233.338429023
 15.0 -21.7 -24.3  244.593953416
 14.9 -21.6 -24.2  255.986778374
 14.9 -21.5 -24.1  267.526712977
 14.9 -21.4 -24.0  279.222813194
 14.9 -21.3 -23.9  291.08314719
 14.9 -21.2 -23.8  303.114564862
 14.8 -21.1 -23.7  315.322474055
 14.8 -21.0 -23.6  327.710625891
 14.8 -20.9 -23.5  340.280911583
 14.8 -20.8 -23.4  353.03317301
 14.8 -20.7 -23.3  365.965029246
 14.7 -20.6 -23.2  379.071721092
 14.7 -20.5 -23.1  392.345975518
 14.7 -20.4 -23.0  405.777891762
 14.7 -20.3 -22.9  419.354850637
 14.7 -20.2 -22.8  433.061448398
 14.6 -20.1 -22.7  446.879456307
 14.6 -20.0 -22.6  460.787806802
 14.6 -19.9 -22.5  474.762606939
 14.6 -19.8 -22.4  488.777179518
 14.6 -19.7 -22.3  502.802132059
 14.5 -19.6 -22.2  516.805453528
 14.5 -19.5 -22.1  530.752638461
 14.5 -19.4 -22.0  544.606837858
 14.5 -19.3 -21.9  558.329035985
 14.5 -19.2 -21.8  571.878251945
 14.4 -19.1 -21.7  585.211764666
 14.4 -19.0 -21.6  598.285359698
 14.4 -18.9 -21.5  611.053596005
 14.4 -18.8 -21.4  623.470090725
 14.4 -18.7 -21.3  635.487819699
 14.3 -18.7 -21.2  647.059431379
 14.3 -18.6 -21.1  658.137571594
 14.3 -18.5 -21.0  668.675216523
 14.3 -18.4 -20.9  678.626011113
 14.3 -18.3 -20.8  687.944610109
 14.2 -18.2 -20.7  696.587018808
 14.2 -18.1 -20.6  704.510930612
 14.2 -18.0 -20.5  711.676058464
 14.2 -17.9 -20.4  718.044457271
 14.2 -17.8 -20.3  723.580834462
 14.1 -17.7 -20.2  728.252845916
 14.1 -17.6 -20.1  732.031374588
 14.1 -17.5 -20.0  734.89078929
 14.1 -17.4 -19.9  736.809181236
 14.0 -17.3 -19.8  737.768576125
 14.0 -17.2 -19.7  737.75511974
 14.0 -17.1 -19.6  736.759235238
 14.0 -17.0 -19.5  734.77575056
 14.0 -16.9 -19.4  731.803994593
 13.9 -16.8 -19.3  727.847861025
 13.9 -16.7 -19.2  722.91583907
 13.9 -16.6 -19.1  717.021010513
 13.9 -16.5 -19.0  710.18101285
 13.9 -16.4 -18.9  702.417968528
 13.8 -16.3 -18.8  693.758380626
 13.8 -16.2 -18.7  684.232995587
 13.8 -16.1 -18.6  673.876633887
 13.8 -16.0 -18.5  662.72798982
 13.8 -15.9 -18.4  650.829401832
 13.7 -15.8 -18.3  638.226595093
 13.7 -15.7 -18.2  624.968398262
 13.7 -15.6 -18.1  611.106436583
 13.7 -15.5 -18.0  596.694803695
 13.7 -15.4 -17.9  581.789714719
 13.6 -15.3 -17.8  566.449143332
 13.6 -15.2 -17.7  550.732445702
 13.6 -15.1 -17.6  534.699974278
 13.6 -15.0 -17.5  518.412684495
 13.6 -14.9 -17.4  501.931737555
 13.5 -14.8 -17.3  485.318102454
 13.5 -14.7 -17.2  468.63216046
 13.5 -14.6 -17.1  451.933315214
 13.5 -14.5 -17.0  435.279611582
 13.5 -14.4 -16.9  418.727366336
 13.4 -14.3 -16.8  402.330813607
 13.4 -14.2 -16.7  386.141767972
 13.4 -14.1 -16.6  370.20930784
 13.4 -14.1 -16.5  354.579481685
 13.4 -14.0 -16.4  339.295039421
 13.3 -13.9 -16.3  324.395191053
 13.3 -13.8 -16.2  309.91539446
 13.3 -13.7 -16.1  295.88717395
 13.3 -13.6 -16.0  282.337970951
 13.3 -13.5 -15.9  269.291027911
 13.2 -13.4 -15.8  256.76530623
 13.2 -13.3 -15.7  244.775438717
 13.2 -13.2 -15.6  233.33171681
 13.2 -13.1 -15.5  222.440112448
 13.1 -13.0 -15.4  212.102334246
 13.1 -12.9 -15.3  202.315917281
 13.1 -12.8 -15.2  193.074345547
 13.1 -12.7 -15.1  184.367205828
 13.1 -12.6 -15.0  176.1803715
 13.0 -12.5 -14.9  168.496214505
 13.0 -12.4 -14.8  161.293843496
 13.0 -12.3 -14.7  154.549365955
 13.0 -12.2 -14.6  148.236171861
 13.0 -12.1 -14.5  142.325236329
 12.9 -12.0 -14.4  136.785438474
 12.9 -11.9 -14.3  131.583893625
 12.9 -11.8 -14.2  126.686295914
 12.9 -11.7 -14.1  122.057268183
 12.9 -11.6 -14.0  117.660716109
 12.8 -11.5 -13.9  113.460183404
 12.8 -11.4 -13.8  109.419204986
 12.8 -11.3 -13.7  105.501655004
 12.8 -11.2 -13.6  101.672086712
 12.8 -11.1 -13.5  97.896061218
 12.7 -11.0 -13.4  94.140462295
 12.7 -10.9 -13.3  90.3737945457
 12.7 -10.8 -13.2  86.566462388
 12.7 -10.7 -13.1  82.6910275066
 12.7 -10.6 -13.0  78.72244262
 12.6 -10.5 -12.9  74.6382596344
 12.6 -10.4 -12.8  70.418810492
 12.6 -10.3 -12.7  66.0473592763
 12.6 -10.2 -12.6  61.5102243993
 12.6 -10.1 -12.5  56.7968699703
 12.5 -10.0 -12.4  51.8999657277
 12.5 -9.9 -12.3  46.8154151995
 12.5 -9.8 -12.2  41.5423520468
 12.5 -9.7 -12.1  36.0831048322
 12.5 -9.6 -12.0  30.4431307371
 12.4 -9.5 -11.9  24.6309190319
 12.4 -9.5 -11.8  18.6578653719
 12.4 -9.4 -11.7  12.5381182512
 12.4 -9.3 -11.6  6.28839919334
 12.4 -9.2 -11.5 -0.0722015114781
 12.3 -9.1 -11.4 -6.52245149858
 12.3 -9.0 -11.3 -13.0392232321
 12.3 -8.9 -11.2 -19.5977587259
 12.3 -8.8 -11.1 -26.1719495377
 12.2 -8.7 -11.0 -32.7346293621
 12.2 -8.6 -10.9 -39.2578764476
 12.2 -8.5 -10.8 -45.7133229798
 12.2 -8.4 -10.7 -52.0724685257
 12.2 -8.3 -10.6 -58.3069946054
 12.1 -8.2 -10.5 -64.3890774594
 12.1 -8.1 -10.4 -70.2916961078
 12.1 -8.0 -10.3 -75.9889328515
 12.1 -7.9 -10.2 -81.4562634433
 12.1 -7.8 -10.1 -86.6708342651
 12.0 -7.7 -10.0 -91.6117239698
 12.0 -7.6 -9.9 -96.2601872033
 12.0 -7.5 -9.8 -100.599878187
 12.0 -7.4 -9.7 -104.617052141
 12.0 -7.3 -9.6 -108.300742725
 11.9 -7.2 -9.5 -111.642913911
 11.9 -7.1 -9.4 -114.638584929
 11.9 -7.0 -9.3 -117.285927188
 11.9 -6.9 -9.2 -119.586332316
 11.9 -6.8 -9.1 -121.544450744
 11.8 -6.7 -9.0 -123.168200519
 11.8 -6.6 -8.9 -124.468746307
 11.8 -6.5 -8.8 -125.460448808
 11.8 -6.4 -8.7 -126.160785083
 11.8 -6.3 -8.6 -126.590240542
 11.7 -6.2 -8.5 -126.772173615
 11.7 -6.1 -8.4 -126.732654337
 11.7 -6.0 -8.3 -126.500278348
 11.7 -5.9 -8.2 -126.105957993
 11.7 -5.8 -8.1 -125.582692421
 11.6 -5.7 -8.0 -124.965318762
 11.6 -5.6 -7.9 -124.290246618
 11.6 -5.5 -7.8 -123.595178254
 11.6 -5.4 -7.7 -122.918816968
 11.6 -5.3 -7.6 -122.300566254
 11.5 -5.2 -7.5 -121.780222399
 11.5 -5.1 -7.4 -121.397663233
 11.5 -5.0 -7.3 -121.192535751
 11.5 -4.9 -7.2 -121.20394534
 11.5 -4.8 -7.1 -121.470149299
 11.4 -4.8 -7.0 -122.028257289
 11.4 -4.7 -6.9 -122.913941295
 11.4 -4.6 -6.8 -124.161157533
 11.4 -4.5 -6.7 -125.801882684
 11.3 -4.4 -6.6 -127.86586661
 11.3 -4.3 -6.5 -130.380403631
 11.3 -4.2 -6.4 -133.370124187
 11.3 -4.1 -6.3 -136.856808569
 11.3 -4.0 -6.2 -140.859224159
 11.2 -3.9 -6.1 -145.392987421
 11.2 -3.8 -6.0 -150.470451629
 11.2 -3.7 -5.9 -156.100621112
 11.2 -3.6 -5.8 -162.289092513
 11.2 -3.5 -5.7 -169.038023349
 11.1 -3.4 -5.6 -176.346127884
 11.1 -3.3 -5.5 -184.208700093
 11.1 -3.2 -5.4 -192.617663254
 11.1 -3.1 -5.3 -201.561645461
 11.1 -3.0 -5.2 -211.026080124
 11.0 -2.9 -5.1 -220.993330324
 11.0 -2.8 -5.0 -231.442835639
 11.0 -2.7 -4.9 -242.351279937
 11.0 -2.6 -4.8 -253.692778373
 11.0 -2.5 -4.7 -265.439081753
 10.9 -2.4 -4.6 -277.559796219
 10.9 -2.3 -4.5 -290.022616137
 10.9 -2.2 -4.4 -302.793567957
 10.9 -2.1 -4.3 -315.837262728
 10.9 -2.0 -4.2 -329.117154919
 10.8 -1.9 -4.1 -342.595805146
 10.8 -1.8 -4.0 -356.235144414
 10.8 -1.7 -3.9 -369.996737494
 10.8 -1.6 -3.8 -383.842043073
 10.8 -1.5 -3.7 -397.732668422
 10.7 -1.4 -3.6 -411.630616352
 10.7 -1.3 -3.5 -425.498522371
 10.7 -1.2 -3.4 -439.299880063
 10.7 -1.1 -3.3 -452.999252838
 10.7 -1.0 -3.2 -466.562470384
 10.6 -0.9 -3.1 -479.956808293
 10.6 -0.8 -3.0 -493.151149533
 10.6 -0.7 -2.9 -506.116126648
 10.6 -0.6 -2.8 -518.824243726
 10.6 -0.5 -2.7 -531.249977447
 10.5 -0.4 -2.6 -543.369856688
 10.5 -0.3 -2.5 -555.162520421
 10.5 -0.2 -2.4 -566.608753828
 10.5 -0.2 -2.3 -577.69150281
 10.4 -0.1 -2.2 -588.39586725
 10.4  0.0 -2.1 -598.709073637
 10.4  0.1 -2.0 -608.620427819
 10.4  0.2 -1.9 -618.121248886
 10.4  0.3 -1.8 -627.204785346
 10.3  0.4 -1.7 -635.866114922
 10.3  0.5 -1.6 -644.102029466
 10.3  0.6 -1.5 -651.910906617
 10.3  0.7 -1.4 -659.292569948
 10.3  0.8 -1.3 -666.248139448
 10.2  0.9 -1.2 -672.779874279
 10.2  1.0 -1.1 -678.891009789
 10.2  1.1 -1.0 -684.585590824
 10.2  1.2 -0.9 -689.868303384
 10.2  1.3 -0.8 -694.744306676
 10.1  1.4 -0.7 -699.219067593
 10.1  1.5 -0.6 -703.298199599
 10.1  1.6 -0.5 -706.987307938
 10.1  1.7 -0.4 -710.291843002
 10.1  1.8 -0.3 -713.216963586
 10.0  1.9 -0.2 -715.767411649
 10.0  2.0 -0.1 -717.947400029
 10.0  2.1  0.0 -719.760514463
 10.0  2.2  0.1 -721.209631035
 10.0  2.3  0.2 -722.296850049
 9.9  2.4  0.3 -723.023447093
 9.9  2.5  0.4 -723.389841908
 9.9  2.6  0.5 -723.395585425
 9.9  2.7  0.6 -723.039365171
 9.9  2.8  0.7 -722.319029008
 9.8  2.9  0.8 -721.231626977
 9.8  3.0  0.9 -719.773470791
 9.8  3.1  1.0 -717.940210363
 9.8  3.2  1.1 -715.726926499
 9.8  3.3  1.2 -713.128238761
 9.7  3.4  1.3 -710.138427283
 9.7  3.5  1.4 -706.751567177
 9.7  3.6  1.5 -702.961674024
 9.7  3.7  1.6 -698.762858786
 9.7  3.8  1.7 -694.149490381
 9.6  3.9  1.8 -689.116364044
 9.6  4.0  1.9 -683.658873529
 9.6  4.1  2.0 -677.773185129
 9.6  4.2  2.1 -671.45641147
 9.6  4.3  2.2 -664.706783
 9.5  4.4  2.3 -657.523815097
 9.5  4.4  2.4 -649.908468746
 9.5  4.5  2.5 -641.863302777
 9.5  4.6  2.6 -633.392615722
 9.4  4.7  2.7 -624.502575432
 9.4  4.8  2.8 -615.201334694
 9.4  4.9  2.9 -605.499131222
 9.4  5.0  3.0 -595.408370534
 9.4  5.1  3.1 -584.943690364
 9.3  5.2  3.2 -574.122005462
 9.3  5.3  3.3 -562.962531794
 9.3  5.4  3.4 -551.486789356
 9.3  5.5  3.5 -539.718583022
 9.3  5.6  3.6 -527.683961064
 9.2  5.7  3.7 -515.41115118
 9.2  5.8  3.8 -502.930474117
 9.2  5.9  3.9 -490.274235168
 9.2  6.0  4.0 -477.476594063
 9.2  6.1  4.1 -464.573413981
 9.1  6.2  4.2 -451.602090636
 9.1  6.3  4.3 -438.601362566
 9.1  6.4  4.4 -425.611104004
 9.1  6.5  4.5 -412.672101817
 9.1  6.6  4.6 -399.825818256
 9.0  6.7  4.7 -387.114141347
 9.0  6.8  4.8 -374.579124926
 9.0  6.9  4.9 -362.262720454
 9.0  7.0  5.0 -350.206502804
 9.0  7.1  5.1 -338.45139236
 8.9  7.2  5.2 -327.037375771
 8.9  7.3  5.3 -316.003227768
 8.9  7.4  5.4 -305.386236489
 8.9  7.5  5.5 -295.221934709
 8.9  7.6  5.6 -285.543839371
 8.8  7.7  5.7 -276.383201771
 8.8  7.8  5.8 -267.768770652
 8.8  7.9  5.9 -259.726570389
 8.8  8.0  6.0 -252.279696324
 8.8  8.1  6.1 -245.448129167
 8.7  8.2  6.2 -239.248570256
 8.7  8.3  6.3 -233.694299246
 8.7  8.4  6.4 -228.795055673
 8.7  8.5  6.5 -224.556945584
 8.7  8.6  6.6 -220.982374243
 8.6  8.7  6.7 -218.070005691
 8.6  8.8  6.8 -215.814749704
 8.6  8.9  6.9 -214.207776456
 8.6  9.0  7.0 -213.236558957
 8.5  9.0  7.1 -212.884943082
 8.5  9.1  7.2 -213.133244781
 8.5  9.2  7.3 -213.958373794
 8.5  9.3  7.4 -215.333982988
 8.5  9.4  7.5 -217.230642182
 8.4  9.5  7.6 -219.616035116
 8.4  9.6  7.7 -222.455178021
 8.4  9.7  7.8 -225.710658027
 8.4  9.8  7.9 -229.342889493
 8.4  9.9  8.0 -233.310386176
 8.3  10.0  8.1 -237.570046984
 8.3  10.1  8.2 -242.077452986
 8.3  10.2  8.3 -246.787173183
 8.3  10.3  8.4 -251.653076535
 8.3  10.4  8.5 -256.628647607
 8.2  10.5  8.6 -261.667303224
 8.2  10.6  8.7 -266.722707477
 8.2  10.7  8.8 -271.74908244
 8.2  10.8  8.9 -276.701512006
 8.2  10.9  9.0 -281.536236305
 8.1  11.0  9.1 -286.210934237
 8.1  11.1  9.2 -290.68499178
 8.1  11.2  9.3 -294.919753846
 8.1  11.3  9.4 -298.878757609
 8.1  11.4  9.5 -302.527945387
 8.0  11.5  9.6 -305.835855373
 8.0  11.6  9.7 -308.773788661
 8.0  11.7  9.8 -311.315951277
 8.0  11.8  9.9 -313.439570121
 8.0  11.9  10.0 -315.124981962
 7.9  12.0  10.1 -316.355694895
 7.9  12.1  10.2 -317.118421884
 7.9  12.2  10.3 -317.403086313
 7.9  12.3  10.4 -317.202799666
 7.9  12.4  10.5 -316.513811766
 7.8  12.5  10.6 -315.335434205
 7.8  12.6  10.7 -313.669937875
 7.8  12.7  10.8 -311.522425727
 7.8  12.8  10.9 -308.900682116
 7.8  12.9  11.0 -305.815000289
 7.7  13.0  11.1 -302.277989813
 7.7  13.1  11.2 -298.304365849
 7.7  13.2  11.3 -293.910722435
 7.7  13.3  11.4 -289.115291989
 7.6  13.4  11.5 -283.937693449
 7.6  13.5  11.6 -278.398671515
 7.6  13.6  11.7 -272.519829563
 7.6  13.7  11.8 -266.323358848
 7.6  13.7  11.9 -259.831766643
 7.5  13.8  12.0 -253.067605968
 7.5  13.9  12.1 -246.053209558
 7.5  14.0  12.2 -238.810430651
 7.5  14.1  12.3 -231.360393125
 7.5  14.2  12.4 -223.723253439
 7.4  14.3  12.5 -215.917976677
 7.4  14.4  12.6 -207.962128908
 7.4  14.5  12.7 -199.871687885
 7.4  14.6  12.8 -191.660873941
 7.4  14.7  12.9 -183.342002768
 7.3  14.8  13.0 -174.925361517
 7.3  14.9  13.1 -166.419109474
 7.3  15.0  13.2 -157.829204321
 7.3  15.1  13.3 -149.159354732
 7.3  15.2  13.4 -140.410999833
 7.2  15.3  13.5 -131.583315765
 7.2  15.4  13.6 -122.673249374
 7.2  15.5  13.7 -113.675578747
 7.2  15.6  13.8 -104.583000082
 7.2  15.7  13.9 -95.3862401388
 7.1  15.8  14.0 -86.074193226
 7.1  15.9  14.1 -76.6340815035
 7.1  16.0  14.2 -67.0516370992
 7.1  16.1  14.3 -57.31130436
 7.1  16.2  14.4 -47.396460345
 7.0  16.3  14.5 -37.2896514929
 7.0  16.4  14.6 -26.9728442308
 7.0  16.5  14.7 -16.4276871538
 7.0  16.6  14.8 -5.63578228022
 7.0  16.7  14.9  5.42103720743
 6.9  16.8  15.0  16.7604253994
 6.9  16.9  15.1  28.3992409889
 6.9  17.0  15.2  40.3532662339
 6.9  17.1  15.3  52.6369302885
 6.9  17.2  15.4  65.2630396188
 6.8  17.3  15.5  78.2425181642
 6.8  17.4  15.6  91.5841598339
 6.8  17.5  15.7  105.294395827
 6.8  17.6  15.8  119.377079144
 6.7  17.7  15.9  133.833288519
 6.7  17.8  16.0  148.661153821
 6.7  17.9  16.1  163.855704815
 6.7  18.0  16.2  179.408744954
 6.7  18.1  16.3  195.308751652
 6.6  18.2  16.4  211.540804287
 6.6  18.3  16.5  228.086540897
 6.6  18.3  16.6  244.924144328
 6.6  18.4  16.7  262.028358289
 6.6  18.5  16.8  279.370533545
 6.5  18.6  16.9  296.918704173
 6.5  18.7  17.0  314.637693584
 6.5  18.8  17.1  332.489249703
 6.5  18.9  17.2  350.432208477
 6.5  19.0  17.3  368.422684601
 6.4  19.1  17.4  386.414288127
 6.4  19.2  17.5  404.358365384
 6.4  19.3  17.6  422.204262395
 6.4  19.4  17.7  439.899608822
 6.4  19.5  17.8  457.390620234
 6.3  19.6  17.9  474.622416352
 6.3  19.7  18.0  491.539352776
 6.3  19.8  18.1  508.08536357
 6.3  19.9  18.2  524.204311975
 6.3  20.0  18.3  539.840346451
 6.2  20.1  18.4  554.938259186
 6.2  20.2  18.5  569.443844189
 6.2  20.3  18.6  583.304252073
 6.2  20.4  18.7  596.468338653
 6.2  20.5  18.8  608.887004553
 6.1  20.6  18.9  620.513523048
 6.1  20.7  19.0  631.303853496
 6.1  20.8  19.1  641.216937821
 6.1  20.9  19.2  650.214977642
 6.1  21.0  19.3  658.263689811
 6.0  21.1  19.4  665.332538301
 6.0  21.2  19.5  671.394940585
 6.0  21.3  19.6  676.428446851
 6.0  21.4  19.7  680.414890645
 6.0  21.5  19.8  683.34050974
 5.9  21.6  19.9  685.196036327
 5.9  21.7  20.0  685.976755821
 5.9  21.8  20.1  685.682533895
 5.9  21.9  20.2  684.317811579
 5.8  22.0  20.3  681.891568538
 5.8  22.1  20.4  678.417254925
 5.8  22.2  20.5  673.912692427
 5.8  22.3  20.6  668.399945416
 5.8  22.4  20.7  661.905163332
 5.7  22.5  20.8  654.458395668
 5.7  22.6  20.9  646.093381157
 5.7  22.7  21.0  636.847312956
 5.7  22.8  21.1  626.760581809
 5.7  22.9  21.2  615.876499365
 5.6  22.9  21.3  604.241003943
 5.6  23.0  21.4  591.902351211
 5.6  23.1  21.5  578.910792311
 5.6  23.2  21.6  565.318242097
 5.6  23.3  21.7  551.177940159
 5.5  23.4  21.8  536.544107408
 5.5  23.5  21.9  521.471600964
 5.5  23.6  22.0  506.015570107
 5.5  23.7  22.1  490.231116002
 5.5  23.8  22.2  474.17295788
 5.4  23.9  22.3  457.895108233
 5.4  24.0  22.4  441.450559538
 5.4  24.1  22.5  424.890984851
 5.4  24.2  22.6  408.266454499
 5.4  24.3  22.7  391.625170943
 5.3  24.4  22.8  375.013223678
 5.3  24.5  22.9  358.474365882
 5.3  24.6  23.0  342.049814292
 5.3  24.7  23.1  325.778073587
 5.3  24.8  23.2  309.694786316
 5.2  24.9  23.3  293.832609196
 5.2  25.0  23.4  278.221116348
 5.2  25.1  23.5  262.886729805
 5.2  25.2  23.6  247.852677396
 5.2  25.3  23.7  233.138977845
 5.1  25.4  23.8  218.762452715
 5.1  25.5  23.9  204.736764567
 5.1  25.6  24.0  191.072480517
 5.1  25.7  24.1  177.777160126
 5.1  25.8  24.2  164.855466376
 5.0  25.9  24.3  152.309298296
 5.0  26.0  24.4  140.137943621
 5.0  26.1  24.5  128.338249725
 5.0  26.2  24.6  116.904810907
 4.9  26.3  24.7  105.83017002
 4.9  26.4  24.8  95.1050323071
 4.9  26.5  24.9  84.7184892397
 4.9  26.6  25.0  74.6582501062
 4.9  26.7  25.1  64.9108790402
 4.8  26.8  25.2  55.4620351831
 4.8  26.9  25.3  46.2967136732
 4.8  27.0  25.4  37.3994851846
 4.8  27.1  25.5  28.7547317885
 4.8  27.2  25.6  20.3468769787
 4.7  27.3  25.7  12.1606077942
 4.7  27.4  25.8  4.1810870764
 4.7  27.5  25.9 -3.60584597318
 4.7  27.6  26.0 -11.2134886312
 4.7  27.6  26.1 -18.6541024261
 4.6  27.7  26.2 -25.9387572185
 4.6  27.8  26.3 -33.0771927823
 4.6  27.9  26.4 -40.0776988899
 4.6  28.0  26.5 -46.9470147115
 4.6  28.1  26.6 -53.6902481345
 4.5  28.2  26.7 -60.3108154087
 4.5  28.3  26.8 -66.8104013112
 4.5  28.4  26.9 -73.1889398261
 4.5  28.5  27.0 -79.4446151253
 4.5  28.6  27.1 -85.5738824423
 4.4  28.7  27.2 -91.5715082373
 4.4  28.8  27.3 -97.4306288686
 4.4  28.9  27.4 -103.142826812
 4.4  29.0  27.5 -108.698223304
 4.4  29.1  27.6 -114.085586149
 4.3  29.2  27.7 -119.292451267
 4.3  29.3  27.8 -124.305256481
 4.3  29.4  27.9 -129.1094859
 4.3  29.5  28.0 -133.689823194
 4.3  29.6  28.1 -138.030311987
 4.2  29.7  28.2 -142.114521534
 4.2  29.8  28.3 -145.925715841
 4.2  29.9  28.4 -149.447024349
 4.2  30.0  28.5 -152.661612347
 4.2  30.1  28.6 -155.552849275
 4.1  30.2  28.7 -158.104473147
 4.1  30.3  28.8 -160.300749388
 4.1  30.4  28.9 -162.126622436
 4.1  30.5  29.0 -163.567858611
 4.0  30.6  29.1 -164.611178795
 4.0  30.7  29.2 -165.244379669
 4.0  30.8  29.3 -165.45644234
 4.0  30.9  29.4 -165.237627352
 4.0  31.0  29.5 -164.579555265
 3.9  31.1  29.6 -163.475272113
 3.9  31.2  29.7 -161.919299246
 3.9  31.3  29.8 -159.90766725
 3.9  31.4  29.9 -157.437933781
 3.9  31.5  30.0 -154.509185378
 3.8  31.6  30.1 -151.122023464
 3.8  31.7  30.2 -147.278534915
 3.8  31.8  30.3 -142.982247793
 3.8  31.9  30.4 -138.238072931
 3.8  32.0  30.5 -133.052232288
 3.7  32.1  30.6 -127.432175069
 3.7  32.2  30.7 -121.386482786
 3.7  32.2  30.8 -114.92476453
 3.7  32.3  30.9 -108.05754384
 3.7  32.4  31.0 -100.796138627
 3.6  32.5  31.1 -93.1525357238
 3.6  32.6  31.2 -85.1392616321
 3.6  32.7  31.3 -76.769251129
 3.6  32.8  31.4 -68.0557153837
 3.6  32.9  31.5 -59.012011251
 3.5  33.0  31.6 -49.651513387
 3.5  33.1  31.7 -39.9874908046
 3.5  33.2  31.8 -30.0329894279
 3.5  33.3  31.9 -19.8007221408
 3.5  33.4  32.0 -9.30296773924
 3.4  33.5  32.1  1.44851990811
 3.4  33.6  32.2  12.4425912956
 3.4  33.7  32.3  23.6687682525
 3.4  33.8  32.4  35.1172975283
 3.4  33.9  32.5  46.7791902217
 3.3  34.0  32.6  58.6462464455
 3.3  34.1  32.7  70.7110647875
 3.3  34.2  32.8  82.9670363015
 3.3  34.3  32.9  95.4083229429
 3.3  34.4  33.0  108.029820541
 3.2  34.5  33.1  120.827106584
 3.2  34.6  33.2  133.796373273
 3.2  34.7  33.3  146.93434647
 3.2  34.8  33.4  160.238191344
 3.1  34.9  33.5  173.705405682
 3.1  35.0  33.6  187.333701981
 3.1  35.1  33.7  201.120879586
 3.1  35.2  33.8  215.064688264
 3.1  35.3  33.9  229.162684747
 3.0  35.4  34.0  243.412083838
 3.0  35.5  34.1  257.809605811
 3.0  35.6  34.2  272.351321869
 3.0  35.7  34.3  287.0324995
 3.0  35.8  34.4  301.847449596
 2.9  35.9  34.5  316.789377221
 2.9  36.0  34.6  331.850237906
 2.9  36.1  34.7  347.020601334
 2.9  36.2  34.8  362.289524227
 2.9  36.3  34.9  377.644434196
 2.8  36.4  35.0  393.071026223
 2.8  36.5  35.1  408.553173363
 2.8  36.6  35.2  424.072853117
 2.8  36.7  35.3  439.610090821
 2.8  36.8  35.4  455.142921229
 2.7  36.8  35.5  470.647369322
 2.7  36.9  35.6  486.097451188
 2.7  37.0  35.7  501.465195652
 2.7  37.1  35.8  516.720687132
 2.7  37.2  35.9  531.832129993
 2.6  37.3  36.0  546.765934482
 2.6  37.4  36.1  561.486824105
 2.6  37.5  36.2  575.957964091
 2.6  37.6  36.3  590.141110399
 2.6  37.7  36.4  603.99677851
 2.5  37.8  36.5  617.484431009
 2.5  37.9  36.6  630.562682834
 2.5  38.0  36.7  643.189522812
 2.5  38.1  36.8  655.322549961
 2.5  38.2  36.9  666.919222872
 2.4  38.3  37.0  677.93712031
 2.4  38.4  37.1  688.334211066
 2.4  38.5  37.2  698.069130937
 2.4  38.6  37.3  707.101464642
 2.4  38.7  37.4  715.392030379
 2.3  38.8  37.5  722.903164663
 2.3  38.9  37.6  729.599005059
 2.3  39.0  37.7  735.445768379
 2.3  39.1  37.8  740.412021936
 2.2  39.2  37.9  744.468945452
 2.2  39.3  38.0  747.59058127
 2.2  39.4  38.1  749.754070581
 2.2  39.5  38.2  750.939873469
 2.2  39.6  38.3  751.13197068
 2.1  39.7  38.4  750.318045152
 2.1  39.8  38.5  748.489641475
 2.1  39.9  38.6  745.642301639
 2.1  40.0  38.7  741.775675586
 2.1  40.1  38.8  736.893605287
 2.0  40.2  38.9  731.004181255
 2.0  40.3  39.0  724.119770664
 2.0  40.4  39.1  716.257016423
 2.0  40.5  39.2  707.436806815
 2.0  40.6  39.3  697.684215572
 1.9  40.7  39.4  687.028412439
 1.9  40.8  39.5  675.502544609
 1.9  40.9  39.6  663.143589578
 1.9  41.0  39.7  649.992180258
 1.9  41.1  39.8  636.092403408
 1.8  41.2  39.9  621.491572669
 1.8  41.3  40.0  606.239977699
 1.8  41.4  40.1  590.390611139
 1.8  41.5  40.2  573.998875304
 1.8  41.5  40.3  557.122270683
 1.7  41.6  40.4  539.820068508
 1.7  41.7  40.5  522.152969757
 1.7  41.8  40.6  504.182753138
 1.7  41.9  40.7  485.971914632
 1.7  42.0  40.8  467.583301327
 1.6  42.1  40.9  449.079742269
 1.6  42.2  41.0  430.523679141
 1.6  42.3  41.1  411.976799555
 1.6  42.4  41.2  393.499675765
 1.6  42.5  41.3  375.151411533
 1.5  42.6  41.4  356.989299855
 1.5  42.7  41.5  339.06849416
 1.5  42.8  41.6  321.441695481
 1.5  42.9  41.7  304.158857979
 1.5  43.0  41.8  287.266915064
 1.4  43.1  41.9  270.809528169
 1.4  43.2  42.0  254.826860064
 1.4  43.3  42.1  239.35537441
 1.4  43.4  42.2  224.427662995
 1.3  43.5  42.3  210.072301929
 1.3  43.6  42.4  196.313737776
 1.3  43.7  42.5  183.172204407
 1.3  43.8  42.6  170.663671067
 1.3  43.9  42.7  158.799821911
 1.2  44.0  42.8  147.588067014
 1.2  44.1  42.9  137.031584569
 1.2  44.2  43.0  127.129393776
 1.2  44.3  43.1  117.876457623
 1.2  44.4  43.2  109.263814572
 1.1  44.5  43.3  101.278737873
 1.1  44.6  43.4  93.9049210415
 1.1  44.7  43.5  87.1226878188
 1.1  44.8  43.6  80.9092247157
 1.1  44.9  43.7  75.2388340911
 1.0  45.0  43.8  70.0832055334
 1.0  45.1  43.9  65.411703181
 1.0  45.2  44.0  61.1916664921
 1.0  45.3  44.1  57.388721878
 1.0  45.4  44.2  53.9671025331
 0.9  45.5  44.3  50.8899737445
 0.9  45.6  44.4  48.1197609303
 0.9  45.7  44.5  45.6184776532
 0.9  45.8  44.6  43.3480508691
 0.9  45.9  44.7  41.2706407147
 0.8  46.0  44.8  39.3489522005
 0.8  46.1  44.9  37.5465362633
 0.8  46.1  45.0  35.8280777393
 0.8  46.2  45.1  34.1596679503
 0.8  46.3  45.2  32.5090597425
 0.7  46.4  45.3  30.8459029843
 0.7  46.5  45.4  29.1419587145
 0.7  46.6  45.5  27.371290329
 0.7  46.7  45.6  25.5104304062
 0.7  46.8  45.7  23.5385219951
 0.6  46.9  45.8  21.4374334203
 0.6  47.0  45.9  19.1918458983
 0.6  47.1  46.0  16.7893135036
 0.6  47.2  46.1  14.2202952693
 0.6  47.3  46.2  11.4781594546
 0.5  47.4  46.3  8.55916025728
 0.5  47.5  46.4  5.46238749142
 0.5  47.6  46.5  2.1896899858
 0.5  47.7  46.6 -1.2544263125
 0.5  47.8  46.7 -4.86292432802
 0.4  47.9  46.8 -8.62638453235
 0.4  48.0  46.9 -12.5331747053
 0.4  48.1  47.0 -16.569639005
 0.4  48.2  47.1 -20.7203044102
 0.3  48.3  47.2 -24.9681024567
 0.3  48.4  47.3 -29.2946040666
 0.3  48.5  47.4 -33.6802651692
 0.3  48.6  47.5 -38.1046807292
 0.3  48.7  47.6 -42.5468447424
 0.2  48.8  47.7 -46.9854137194
 0.2  48.9  47.8 -51.3989711665
 0.2  49.0  47.9 -55.7662905812
 0.2  49.1  48.0 -60.0665945093
 0.2  49.2  48.1 -64.279807266
 0.1  49.3  48.2 -68.3867989955
 0.1  49.4  48.3 -72.3696188398
 0.1  49.5  48.4 -76.2117151016
 0.1  49.6  48.5 -79.8981404197
 0.1  49.7  48.6 -83.4157401228
 0.0  49.8  48.7 -86.7533220989
 0.0  49.9  48.8 -89.9018066899
 0.0  50.0  48.9 -92.854355321
-0.0  50.1  49.0 -95.6064767706
-0.0  50.2  49.1 -98.1561102033
-0.1  50.3  49.2 -100.503684303
-0.1  50.4  49.3 -102.652152068
-0.1  50.5  49.4 -104.607001053
-0.1  50.6  49.5 -106.376239077
-0.1  50.7  49.6 -107.970355623
-0.2  50.7  49.7 -109.4022594
-0.2  50.8  49.8 -110.687192726
-0.2  50.9  49.9 -111.842623633
-0.2  51.0  50.0 -112.888116748
