x z dist ED
 50.2 -40.4 -50.0 -223.620746937
 50.2 -40.3 -49.9 -224.962348586
 50.2 -40.2 -49.8 -226.029209781
 50.2 -40.1 -49.7 -226.800015953
 50.1 -40.1 -49.6 -227.255624393
 50.1 -40.0 -49.5 -227.379169669
 50.1 -39.9 -49.4 -227.156150232
 50.1 -39.8 -49.3 -226.574495451
 50.1 -39.7 -49.2 -225.624612479
 50.0 -39.6 -49.1 -224.299412526
 50.0 -39.5 -49.0 -222.594316293
 50.0 -39.4 -48.9 -220.507238504
 50.0 -39.3 -48.8 -218.038551663
 50.0 -39.2 -48.7 -215.191029324
 49.9 -39.1 -48.6 -211.96976938
 49.9 -39.0 -48.5 -208.382098015
 49.9 -38.9 -48.4 -204.437455176
 49.9 -38.8 -48.3 -200.147262551
 49.9 -38.7 -48.2 -195.524775228
 49.8 -38.6 -48.1 -190.584918352
 49.8 -38.5 -48.0 -185.344110217
 49.8 -38.4 -47.9 -179.820073384
 49.8 -38.3 -47.8 -174.031635518
 49.8 -38.2 -47.7 -167.998521718
 49.7 -38.1 -47.6 -161.741140235
 49.7 -38.0 -47.5 -155.280363495
 49.7 -37.9 -47.4 -148.637306437
 49.7 -37.8 -47.3 -141.833104174
 49.7 -37.7 -47.2 -134.888691017
 49.6 -37.6 -47.1 -127.824582897
 49.6 -37.5 -47.0 -120.66066519
 49.6 -37.4 -46.9 -113.415987928
 49.6 -37.3 -46.8 -106.108570287
 49.5 -37.2 -46.7 -98.7552162174
 49.5 -37.1 -46.6 -91.3713429381
 49.5 -37.0 -46.5 -83.9708239521
 49.5 -36.9 -46.4 -76.5658480872
 49.5 -36.8 -46.3 -69.1667959462
 49.4 -36.7 -46.2 -61.7821349945
 49.4 -36.6 -46.1 -54.4183343508
 49.4 -36.5 -46.0 -47.0798001794
 49.4 -36.4 -45.9 -39.7688323953
 49.4 -36.3 -45.8 -32.4856032123
 49.3 -36.2 -45.7 -25.2281578653
 49.3 -36.1 -45.6 -17.9924376437
 49.3 -36.0 -45.5 -10.7723251725
 49.3 -35.9 -45.4 -3.55971167748
 49.3 -35.8 -45.3  3.65541422732
 49.2 -35.7 -45.2  10.884856888
 49.2 -35.6 -45.1  18.142083942
 49.2 -35.5 -45.0  25.4420776658
 49.2 -35.5 -44.9  32.8011685449
 49.2 -35.4 -44.8  40.2368524428
 49.1 -35.3 -44.7  47.7675928947
 49.1 -35.2 -44.6  55.4126101994
 49.1 -35.1 -44.5  63.1916591063
 49.1 -35.0 -44.4  71.1247970098
 49.1 -34.9 -44.3  79.2321446595
 49.0 -34.8 -44.2  87.5336414739
 49.0 -34.7 -44.1  96.0487976069
 49.0 -34.6 -44.0  104.79644496
 49.0 -34.5 -43.9  113.794489358
 49.0 -34.4 -43.8  123.059666109
 48.9 -34.3 -43.7  132.607301154
 48.9 -34.2 -43.6  142.451079993
 48.9 -34.1 -43.5  152.602826488
 48.9 -34.0 -43.4  163.07229362
 48.9 -33.9 -43.3  173.866968138
 48.8 -33.8 -43.2  184.991890977
 48.8 -33.7 -43.1  196.449495162
 48.8 -33.6 -43.0  208.239462807
 48.8 -33.5 -42.9  220.358602645
 48.8 -33.4 -42.8  232.800749362
 48.7 -33.3 -42.7  245.556685859
 48.7 -33.2 -42.6  258.614089326
 48.7 -33.1 -42.5  271.957501875
 48.7 -33.0 -42.4  285.568326234
 48.7 -32.9 -42.3  299.424846823
 48.6 -32.8 -42.2  313.502276306
 48.6 -32.7 -42.1  327.772827516
 48.6 -32.6 -42.0  342.205810423
 48.6 -32.5 -41.9  356.767753626
 48.5 -32.4 -41.8  371.422549623
 48.5 -32.3 -41.7  386.131622929
 48.5 -32.2 -41.6  400.854119921
 48.5 -32.1 -41.5  415.547119089
 48.5 -32.0 -41.4  430.165860223
 48.4 -31.9 -41.3  444.663990886
 48.4 -31.8 -41.2  458.993828399
 48.4 -31.7 -41.1  473.106635398
 48.4 -31.6 -41.0  486.95290695
 48.4 -31.5 -40.9  500.482667079
 48.3 -31.4 -40.8  513.645772498
 48.3 -31.3 -40.7  526.392221254
 48.3 -31.2 -40.6  538.672463984
 48.3 -31.1 -40.5  550.437715416
 48.3 -31.0 -40.4  561.640263779
 48.2 -30.9 -40.3  572.233775771
 48.2 -30.9 -40.2  582.173594788
 48.2 -30.8 -40.1  591.417030162
 48.2 -30.7 -40.0  599.923635217
 48.2 -30.6 -39.9  607.655472064
 48.1 -30.5 -39.8  614.577361138
 48.1 -30.4 -39.7  620.657113612
 48.1 -30.3 -39.6  625.865744961
 48.1 -30.2 -39.5  630.177668102
 48.1 -30.1 -39.4  633.570864685
 48.0 -30.0 -39.3  636.027033299
 48.0 -29.9 -39.2  637.531713542
 48.0 -29.8 -39.1  638.074385077
 48.0 -29.7 -39.0  637.64854101
 48.0 -29.6 -38.9  636.251735134
 47.9 -29.5 -38.8  633.885602763
 47.9 -29.4 -38.7  630.555855113
 47.9 -29.3 -38.6  626.272247385
 47.9 -29.2 -38.5  621.048520889
 47.9 -29.1 -38.4  614.902319784
 47.8 -29.0 -38.3  607.855083166
 47.8 -28.9 -38.2  599.931913451
 47.8 -28.8 -38.1  591.161422151
 47.8 -28.7 -38.0  581.575554334
 47.8 -28.6 -37.9  571.209393192
 47.7 -28.5 -37.8  560.100946297
 47.7 -28.4 -37.7  548.290915244
 47.7 -28.3 -37.6  535.8224505
 47.7 -28.2 -37.5  522.740893375
 47.6 -28.1 -37.4  509.093507094
 47.6 -28.0 -37.3  494.929199052
 47.6 -27.9 -37.2  480.29823632
 47.6 -27.8 -37.1  465.251956566
 47.6 -27.7 -37.0  449.842476499
 47.5 -27.6 -36.9  434.122399998
 47.5 -27.5 -36.8  418.144528002
 47.5 -27.4 -36.7  401.961572247
 47.5 -27.3 -36.6  385.625874838
 47.5 -27.2 -36.5  369.189135597
 47.4 -27.1 -36.4  352.702149016
 47.4 -27.0 -36.3  336.214552545
 47.4 -26.9 -36.2  319.774587847
 47.4 -26.8 -36.1  303.428876481
 47.4 -26.7 -36.0  287.22221138
 47.3 -26.6 -35.9  271.197365306
 47.3 -26.5 -35.8  255.394917325
 47.3 -26.4 -35.7  239.853098169
 47.3 -26.3 -35.6  224.607655202
 47.3 -26.2 -35.5  209.691737507
 47.2 -26.2 -35.4  195.135801467
 47.2 -26.1 -35.3  180.967537011
 47.2 -26.0 -35.2  167.211814545
 47.2 -25.9 -35.1  153.89065241
 47.2 -25.8 -35.0  141.023204537
 47.1 -25.7 -34.9  128.625767824
 47.1 -25.6 -34.8  116.711808592
 47.1 -25.5 -34.7  105.292007348
 47.1 -25.4 -34.6  94.3743209366
 47.1 -25.3 -34.5  83.9640610495
 47.0 -25.2 -34.4  74.0639879368
 47.0 -25.1 -34.3  64.6744180826
 47.0 -25.0 -34.2  55.7933445062
 47.0 -24.9 -34.1  47.4165682883
 47.0 -24.8 -34.0  39.5378398582
 46.9 -24.7 -33.9  32.1490085408
 46.9 -24.6 -33.8  25.2401788297
 46.9 -24.5 -33.7  18.7998718431
 46.9 -24.4 -33.6  12.8151904181
 46.9 -24.3 -33.5  7.27198631925
 46.8 -24.2 -33.4  2.15502806343
 46.8 -24.1 -33.3 -2.55183209047
 46.8 -24.0 -33.2 -6.86549338163
 46.8 -23.9 -33.1 -10.803445344
 46.7 -23.8 -33.0 -14.3836114049
 46.7 -23.7 -32.9 -17.624198441
 46.7 -23.6 -32.8 -20.5435533474
 46.7 -23.5 -32.7 -23.1600275665
 46.7 -23.4 -32.6 -25.4918504111
 46.6 -23.3 -32.5 -27.5570118936
 46.6 -23.2 -32.4 -29.3731556492
 46.6 -23.1 -32.3 -30.9574824156
 46.6 -23.0 -32.2 -32.3266644001
 46.6 -22.9 -32.1 -33.4967707373
 46.5 -22.8 -32.0 -34.4832041132
 46.5 -22.7 -31.9 -35.3006485041
 46.5 -22.6 -31.8 -35.9630278594
 46.5 -22.5 -31.7 -36.4834754395
 46.5 -22.4 -31.6 -36.8743134087
 46.4 -22.3 -31.5 -37.1470421808
 46.4 -22.2 -31.4 -37.3123389212
 46.4 -22.1 -31.3 -37.3800645192
 46.4 -22.0 -31.2 -37.359278274
 46.4 -21.9 -31.1 -37.2582594678
 46.3 -21.8 -31.0 -37.0845349483
 46.3 -21.7 -30.9 -36.844911799
 46.3 -21.6 -30.8 -36.5455141467
 46.3 -21.6 -30.7 -36.1918231362
 46.3 -21.5 -30.6 -35.7887190978
 46.2 -21.4 -30.5 -35.3405249384
 46.2 -21.3 -30.4 -34.8510498068
 46.2 -21.2 -30.3 -34.3236321119
 46.2 -21.1 -30.2 -33.7611810171
 46.2 -21.0 -30.1 -33.166215583
 46.1 -20.9 -30.0 -32.5409007956
 46.1 -20.8 -29.9 -31.8870797851
 46.1 -20.7 -29.8 -31.2063016251
 46.1 -20.6 -29.7 -30.4998441833
 46.1 -20.5 -29.6 -29.7687315934
 46.0 -20.4 -29.5 -29.0137460126
 46.0 -20.3 -29.4 -28.2354334345
 46.0 -20.2 -29.3 -27.4341034314
 46.0 -20.1 -29.2 -26.6098228066
 46.0 -20.0 -29.1 -25.7624032469
 45.9 -19.9 -29.0 -24.8913831687
 45.9 -19.8 -28.9 -23.9960040593
 45.9 -19.7 -28.8 -23.0751817114
 45.9 -19.6 -28.7 -22.1274728493
 45.8 -19.5 -28.6 -21.1510377335
 45.8 -19.4 -28.5 -20.143599413
 45.8 -19.3 -28.4 -19.1024003734
 45.8 -19.2 -28.3 -18.0241573932
 45.8 -19.1 -28.2 -16.905015478
 45.7 -19.0 -28.1 -15.7405017917
 45.7 -18.9 -28.0 -14.5254805351
 45.7 -18.8 -27.9 -13.2541097516
 45.7 -18.7 -27.8 -11.9198010466
 45.7 -18.6 -27.7 -10.5151832127
 45.6 -18.5 -27.6 -9.03207073432
 45.6 -18.4 -27.5 -7.46143812592
 45.6 -18.3 -27.4 -5.7934010176
 45.6 -18.2 -27.3 -4.01720485362
 45.6 -18.1 -27.2 -2.12122200858
 45.5 -18.0 -27.1 -0.0929580542392
 45.5 -17.9 -27.0  2.08093217296
 45.5 -17.8 -26.9  4.41461814531
 45.5 -17.7 -26.8  6.92305640136
 45.5 -17.6 -26.7  9.62194213932
 45.4 -17.5 -26.6  12.5276494142
 45.4 -17.4 -26.5  15.6571598285
 45.4 -17.3 -26.4  19.0279797311
 45.4 -17.2 -26.3  22.6580460706
 45.4 -17.1 -26.2  26.5656211786
 45.3 -17.0 -26.1  30.769176891
 45.3 -17.0 -26.0  35.2872685476
 45.3 -16.9 -25.9  40.1383995375
 45.3 -16.8 -25.8  45.3408771841
 45.3 -16.7 -25.7  50.9126608847
 45.2 -16.6 -25.6  56.8712035327
 45.2 -16.5 -25.5  63.2332873576
 45.2 -16.4 -25.4  70.0148554171
 45.2 -16.3 -25.3  77.2308400623
 45.2 -16.2 -25.2  84.894989775
 45.1 -16.1 -25.1  93.0196958424
 45.1 -16.0 -25.0  101.615820385
 45.1 -15.9 -24.9  110.692527295
 45.1 -15.8 -24.8  120.257117666
 45.1 -15.7 -24.7  130.31487131
 45.0 -15.6 -24.6  140.868895934
 45.0 -15.5 -24.5  151.919985574
 45.0 -15.4 -24.4  163.466489777
 45.0 -15.3 -24.3  175.504195061
 44.9 -15.2 -24.2  188.026220025
 44.9 -15.1 -24.1  201.022925487
 44.9 -15.0 -24.0  214.481840863
 44.9 -14.9 -23.9  228.387607946
 44.9 -14.8 -23.8  242.72194309
 44.8 -14.7 -23.7  257.463618688
 44.8 -14.6 -23.6  272.588464696
 44.8 -14.5 -23.5  288.069390785
 44.8 -14.4 -23.4  303.876429553
 44.8 -14.3 -23.3  319.976801075
 44.7 -14.2 -23.2  336.334998876
 44.7 -14.1 -23.1  352.912897233
 44.7 -14.0 -23.0  369.669879576
 44.7 -13.9 -22.9  386.562987504
 44.7 -13.8 -22.8  403.547089835
 44.6 -13.7 -22.7  420.575070867
 44.6 -13.6 -22.6  437.598036888
 44.6 -13.5 -22.5  454.565539801
 44.6 -13.4 -22.4  471.425816561
 44.6 -13.3 -22.3  488.126042984
 44.5 -13.2 -22.2  504.612600324
 44.5 -13.1 -22.1  520.831352912
 44.5 -13.0 -22.0  536.727935015
 44.5 -12.9 -21.9  552.248044966
 44.5 -12.8 -21.8  567.337744557
 44.4 -12.7 -21.7  581.94376157
 44.4 -12.6 -21.6  596.013793305
 44.4 -12.5 -21.5  609.496808905
 44.4 -12.4 -21.4  622.343348265
 44.4 -12.3 -21.3  634.505815298
 44.3 -12.3 -21.2  645.938763377
 44.3 -12.2 -21.1  656.599170756
 44.3 -12.1 -21.0  666.446703892
 44.3 -12.0 -20.9  675.443966592
 44.3 -11.9 -20.8  683.55673306
 44.2 -11.8 -20.7  690.754162971
 44.2 -11.7 -20.6  697.008996871
 44.2 -11.6 -20.5  702.29773029
 44.2 -11.5 -20.4  706.60076515
 44.2 -11.4 -20.3  709.902537189
 44.1 -11.3 -20.2  712.191618297
 44.1 -11.2 -20.1  713.460792871
 44.1 -11.1 -20.0  713.707107459
 44.1 -11.0 -19.9  712.93189319
 44.0 -10.9 -19.8  711.140760686
 44.0 -10.8 -19.7  708.343567358
 44.0 -10.7 -19.6  704.554357221
 44.0 -10.6 -19.5  699.791273552
 44.0 -10.5 -19.4  694.076444941
 43.9 -10.4 -19.3  687.435845505
 43.9 -10.3 -19.2  679.899130207
 43.9 -10.2 -19.1  671.499446455
 43.9 -10.1 -19.0  662.273223316
 43.9 -10.0 -18.9  652.259939874
 43.8 -9.9 -18.8  641.501874418
 43.8 -9.8 -18.7  630.043836305
 43.8 -9.7 -18.6  617.932882475
 43.8 -9.6 -18.5  605.218020717
 43.8 -9.5 -18.4  591.949901902
 43.7 -9.4 -18.3  578.180503463
 43.7 -9.3 -18.2  563.962806495
 43.7 -9.2 -18.1  549.350468878
 43.7 -9.1 -18.0  534.397496869
 43.7 -9.0 -17.9  519.157917607
 43.6 -8.9 -17.8  503.685454975
 43.6 -8.8 -17.7  488.033211223
 43.6 -8.7 -17.6  472.253356709
 43.6 -8.6 -17.5  456.396830043
 43.6 -8.5 -17.4  440.513050833
 43.5 -8.4 -17.3  424.649647132
 43.5 -8.3 -17.2  408.852199521
 43.5 -8.2 -17.1  393.1640037
 43.5 -8.1 -17.0  377.625853206
 43.5 -8.0 -16.9  362.275843792
 43.4 -7.9 -16.8  347.149200779
 43.4 -7.8 -16.7  332.278130485
 43.4 -7.7 -16.6  317.69169669
 43.4 -7.7 -16.5  303.415722821
 43.4 -7.6 -16.4  289.472720386
 43.3 -7.5 -16.3  275.881843913
 43.3 -7.4 -16.2  262.658872491
 43.3 -7.3 -16.1  249.81621773
 43.3 -7.2 -16.0  237.362957787
 43.3 -7.1 -15.9  225.304896862
 43.2 -7.0 -15.8  213.644649382
 43.2 -6.9 -15.7  202.381747863
 43.2 -6.8 -15.6  191.512773287
 43.2 -6.7 -15.5  181.03150661
 43.1 -6.6 -15.4  170.929099878
 43.1 -6.5 -15.3  161.194265263
 43.1 -6.4 -15.2  151.813480194
 43.1 -6.3 -15.1  142.771206625
 43.1 -6.2 -15.0  134.050122398
 43.0 -6.1 -14.9  125.631362553
 43.0 -6.0 -14.8  117.494768368
 43.0 -5.9 -14.7  109.61914188
 43.0 -5.8 -14.6  101.982503589
 43.0 -5.7 -14.5  94.5623510511
 42.9 -5.6 -14.4  87.3359160662
 42.9 -5.5 -14.3  80.2804182097
 42.9 -5.4 -14.2  73.3733124918
 42.9 -5.3 -14.1  66.5925290101
 42.9 -5.2 -14.0  59.9167025404
 42.8 -5.1 -13.9  53.3253901196
 42.8 -5.0 -13.8  46.7992747928
 42.8 -4.9 -13.7  40.3203538353
 42.8 -4.8 -13.6  33.872109911
 42.8 -4.7 -13.5  27.4396637902
 42.7 -4.6 -13.4  21.0099074282
 42.7 -4.5 -13.3  14.5716163873
 42.7 -4.4 -13.2  8.11554077883
 42.7 -4.3 -13.1  1.63447410137
 42.7 -4.2 -13.0 -4.87670044644
 42.6 -4.1 -12.9 -11.4209863937
 42.6 -4.0 -12.8 -17.9992731735
 42.6 -3.9 -12.7 -24.6103578498
 42.6 -3.8 -12.6 -31.250988994
 42.6 -3.7 -12.5 -37.9159321123
 42.5 -3.6 -12.4 -44.598055831
 42.5 -3.5 -12.3 -51.2884378651
 42.5 -3.4 -12.2 -57.9764896193
 42.5 -3.3 -12.1 -64.6500981086
 42.5 -3.2 -12.0 -71.2957837331
 42.4 -3.1 -11.9 -77.8988723074
 42.4 -3.1 -11.8 -84.4436796201
 42.4 -3.0 -11.7 -90.9137066963
 42.4 -2.9 -11.6 -97.2918438445
 42.4 -2.8 -11.5 -103.5605815
 42.3 -2.7 -11.4 -109.702225824
 42.3 -2.6 -11.3 -115.699116979
 42.3 -2.5 -11.2 -121.533847995
 42.3 -2.4 -11.1 -127.189482134
 42.2 -2.3 -11.0 -132.649766692
 42.2 -2.2 -10.9 -137.899341202
 42.2 -2.1 -10.8 -142.923938094
 42.2 -2.0 -10.7 -147.710573894
 42.2 -1.9 -10.6 -152.247729194
 42.1 -1.8 -10.5 -156.525515678
 42.1 -1.7 -10.4 -160.535828658
 42.1 -1.6 -10.3 -164.27248369
 42.1 -1.5 -10.2 -167.731335975
 42.1 -1.4 -10.1 -170.910381448
 42.0 -1.3 -10.0 -173.809838593
 42.0 -1.2 -9.9 -176.432210208
 42.0 -1.1 -9.8 -178.78232455
 42.0 -1.0 -9.7 -180.86735543
 42.0 -0.9 -9.6 -182.69682107
 41.9 -0.8 -9.5 -184.282561697
 41.9 -0.7 -9.4 -185.638696033
 41.9 -0.6 -9.3 -186.781557056
 41.9 -0.5 -9.2 -187.729607567
 41.9 -0.4 -9.1 -188.503336282
 41.8 -0.3 -9.0 -189.125135351
 41.8 -0.2 -8.9 -189.619160343
 41.8 -0.1 -8.8 -190.011173924
 41.8 -0.0 -8.7 -190.328374547
 41.8  0.1 -8.6 -190.599211659
 41.7  0.2 -8.5 -190.853188982
 41.7  0.3 -8.4 -191.120657576
 41.7  0.4 -8.3 -191.432600434
 41.7  0.5 -8.2 -191.820410465
 41.7  0.6 -8.1 -192.315663726
 41.6  0.7 -8.0 -192.949889838
 41.6  0.8 -7.9 -193.754341514
 41.6  0.9 -7.8 -194.759765123
 41.6  1.0 -7.7 -195.996174207
 41.6  1.1 -7.6 -197.492627832
 41.5  1.2 -7.5 -199.277015574
 41.5  1.3 -7.4 -201.37585092
 41.5  1.4 -7.3 -203.814074729
 41.5  1.5 -7.2 -206.61487034
 41.5  1.6 -7.1 -209.799491773
 41.4  1.6 -7.0 -213.387106376
 41.4  1.7 -6.9 -217.394653092
 41.4  1.8 -6.8 -221.836717428
 41.4  1.9 -6.7 -226.72542401
 41.3  2.0 -6.6 -232.07034748
 41.3  2.1 -6.5 -237.878442299
 41.3  2.2 -6.4 -244.153991882
 41.3  2.3 -6.3 -250.898577287
 41.3  2.4 -6.2 -258.111065543
 41.2  2.5 -6.1 -265.787617497
 41.2  2.6 -6.0 -273.921714919
 41.2  2.7 -5.9 -282.50420643
 41.2  2.8 -5.8 -291.523371657
 41.2  2.9 -5.7 -300.965002878
 41.1  3.0 -5.6 -310.812503264
 41.1  3.1 -5.5 -321.047000703
 41.1  3.2 -5.4 -331.647476065
 41.1  3.3 -5.3 -342.590904662
 41.1  3.4 -5.2 -353.852409541
 41.0  3.5 -5.1 -365.405425191
 41.0  3.6 -5.0 -377.221870159
 41.0  3.7 -4.9 -389.272327011
 41.0  3.8 -4.8 -401.526228047
 41.0  3.9 -4.7 -413.952045148
 40.9  4.0 -4.6 -426.517482124
 40.9  4.1 -4.5 -439.18966794
 40.9  4.2 -4.4 -451.935349208
 40.9  4.3 -4.3 -464.721080399
 40.9  4.4 -4.2 -477.513410235
 40.8  4.5 -4.1 -490.279062833
 40.8  4.6 -4.0 -502.985112203
 40.8  4.7 -3.9 -515.599148838
 40.8  4.8 -3.8 -528.089437198
 40.8  4.9 -3.7 -540.425063013
 40.7  5.0 -3.6 -552.576069461
 40.7  5.1 -3.5 -564.513581379
 40.7  5.2 -3.4 -576.209916823
 40.7  5.3 -3.3 -587.63868541
 40.7  5.4 -3.2 -598.774873028
 40.6  5.5 -3.1 -609.594912647
 40.6  5.6 -3.0 -620.076741088
 40.6  5.7 -2.9 -630.199841767
 40.6  5.8 -2.8 -639.945273578
 40.6  5.9 -2.7 -649.295686184
 40.5  6.0 -2.6 -658.235322148
 40.5  6.1 -2.5 -666.750006458
 40.5  6.2 -2.4 -674.827124088
 40.5  6.2 -2.3 -682.455586389
 40.4  6.3 -2.2 -689.625787164
 40.4  6.4 -2.1 -696.329549403
 40.4  6.5 -2.0 -702.560063704
 40.4  6.6 -1.9 -708.311819485
 40.4  6.7 -1.8 -713.58053014
 40.3  6.8 -1.7 -718.363053338
 40.3  6.9 -1.6 -722.657307675
 40.3  7.0 -1.5 -726.462186916
 40.3  7.1 -1.4 -729.777473047
 40.3  7.2 -1.3 -732.603749361
 40.2  7.3 -1.2 -734.942314753
 40.2  7.4 -1.1 -736.795100364
 40.2  7.5 -1.0 -738.164589675
 40.2  7.6 -0.9 -739.053743059
 40.2  7.7 -0.8 -739.465927736
 40.1  7.8 -0.7 -739.404854008
 40.1  7.9 -0.6 -738.874518507
 40.1  8.0 -0.5 -737.879155132
 40.1  8.1 -0.4 -736.423194227
 40.1  8.2 -0.3 -734.5112304
 40.0  8.3 -0.2 -732.14799933
 40.0  8.4 -0.1 -729.33836371
 40.0  8.5  0.0 -726.087308411
 40.0  8.6  0.1 -722.399944778
 40.0  8.7  0.2 -718.281523874
 39.9  8.8  0.3 -713.737458355
 39.9  8.9  0.4 -708.773352532
 39.9  9.0  0.5 -703.395040077
 39.9  9.1  0.6 -697.608628702
 39.9  9.2  0.7 -691.420551068
 39.8  9.3  0.8 -684.837621054
 39.8  9.4  0.9 -677.867094461
 39.8  9.5  1.0 -670.516733149
 39.8  9.6  1.1 -662.794871522
 39.8  9.7  1.2 -654.71048427
 39.7  9.8  1.3 -646.273254189
 39.7  9.9  1.4 -637.493638931
 39.7  10.0  1.5 -628.382935479
 39.7  10.1  1.6 -618.953341174
 39.7  10.2  1.7 -609.218010138
 39.6  10.3  1.8 -599.191103953
 39.6  10.4  1.9 -588.887835506
 39.6  10.5  2.0 -578.324504984
 39.6  10.6  2.1 -567.51852705
 39.6  10.7  2.2 -556.488448314
 39.5  10.8  2.3 -545.253954329
 39.5  10.8  2.4 -533.835865419
 39.5  10.9  2.5 -522.256120764
 39.5  11.0  2.6 -510.537750295
 39.4  11.1  2.7 -498.704834068
 39.4  11.2  2.8 -486.782448931
 39.4  11.3  2.9 -474.796602411
 39.4  11.4  3.0 -462.774153914
 39.4  11.5  3.1 -450.742723454
 39.3  11.6  3.2 -438.730588272
 39.3  11.7  3.3 -426.76656785
 39.3  11.8  3.4 -414.879897945
 39.3  11.9  3.5 -403.100094435
 39.3  12.0  3.6 -391.456807835
 39.2  12.1  3.7 -379.979669541
 39.2  12.2  3.8 -368.69813089
 39.2  12.3  3.9 -357.641296276
 39.2  12.4  4.0 -346.837751653
 39.2  12.5  4.1 -336.31538979
 39.1  12.6  4.2 -326.101233769
 39.1  12.7  4.3 -316.221260222
 39.1  12.8  4.4 -306.700223876
 39.1  12.9  4.5 -297.561484969
 39.1  13.0  4.6 -288.826841131
 39.0  13.1  4.7 -280.516365321
 39.0  13.2  4.8 -272.648251356
 39.0  13.3  4.9 -265.238668581
 39.0  13.4  5.0 -258.301627122
 39.0  13.5  5.1 -251.848855155
 38.9  13.6  5.2 -245.889689486
 38.9  13.7  5.3 -240.430980675
 38.9  13.8  5.4 -235.477013836
 38.9  13.9  5.5 -231.029446087
 38.9  14.0  5.6 -227.087261523
 38.8  14.1  5.7 -223.646744447
 38.8  14.2  5.8 -220.701471412
 38.8  14.3  5.9 -218.242322497
 38.8  14.4  6.0 -216.257512073
 38.8  14.5  6.1 -214.73263913
 38.7  14.6  6.2 -213.650757086
 38.7  14.7  6.3 -212.992462801
 38.7  14.8  6.4 -212.736004381
 38.7  14.9  6.5 -212.857407145
 38.7  15.0  6.6 -213.330617
 38.6  15.1  6.7 -214.127660272
 38.6  15.2  6.8 -215.218818911
 38.6  15.3  6.9 -216.572819829
 38.6  15.4  7.0 -218.157036991
 38.5  15.4  7.1 -219.937704754
 38.5  15.5  7.2 -221.88014084
 38.5  15.6  7.3 -223.948977206
 38.5  15.7  7.4 -226.108397024
 38.5  15.8  7.5 -228.322375873
 38.4  15.9  7.6 -230.554925208
 38.4  16.0  7.7 -232.770336139
 38.4  16.1  7.8 -234.933421517
 38.4  16.2  7.9 -237.009754326
 38.4  16.3  8.0 -238.965900396
 38.3  16.4  8.1 -240.769643476
 38.3  16.5  8.2 -242.390200769
 38.3  16.6  8.3 -243.798427091
 38.3  16.7  8.4 -244.967005883
 38.3  16.8  8.5 -245.870625446
 38.2  16.9  8.6 -246.486138842
 38.2  17.0  8.7 -246.792706058
 38.2  17.1  8.8 -246.771917168
 38.2  17.2  8.9 -246.407895397
 38.2  17.3  9.0 -245.687379122
 38.1  17.4  9.1 -244.599782074
 38.1  17.5  9.2 -243.137231142
 38.1  17.6  9.3 -241.294581406
 38.1  17.7  9.4 -239.069408204
 38.1  17.8  9.5 -236.461976239
 38.0  17.9  9.6 -233.475185948
 38.0  18.0  9.7 -230.114497523
 38.0  18.1  9.8 -226.387833223
 38.0  18.2  9.9 -222.305458747
 38.0  18.3  10.0 -217.879844681
 37.9  18.4  10.1 -213.125509185
 37.9  18.5  10.2 -208.058843258
 37.9  18.6  10.3 -202.697920087
 37.9  18.7  10.4 -197.062290133
 37.9  18.8  10.5 -191.172763738
 37.8  18.9  10.6 -185.051183158
 37.8  19.0  10.7 -178.720186031
 37.8  19.1  10.8 -172.202962379
 37.8  19.2  10.9 -165.523007293
 37.8  19.3  11.0 -158.703871539
 37.7  19.4  11.1 -151.768912304
 37.7  19.5  11.2 -144.741046341
 37.7  19.6  11.3 -137.642507772
 37.7  19.7  11.4 -130.494612748
 37.6  19.8  11.5 -123.317533136
 37.6  19.9  11.6 -116.130081339
 37.6  20.0  11.7 -108.949508251
 37.6  20.1  11.8 -101.791316266
 37.6  20.1  11.9 -94.6690891089
 37.5  20.2  12.0 -87.5943401487
 37.5  20.3  12.1 -80.5763806763
 37.5  20.4  12.2 -73.6222094748
 37.5  20.5  12.3 -66.736424824
 37.5  20.6  12.4 -59.9211598906
 37.4  20.7  12.5 -53.1760422563
 37.4  20.8  12.6 -46.4981781261
 37.4  20.9  12.7 -39.882161546
 37.4  21.0  12.8 -33.3201087403
 37.4  21.1  12.9 -26.8017174608
 37.3  21.2  13.0 -20.3143510165
 37.3  21.3  13.1 -13.8431464377
 37.3  21.4  13.2 -7.37114601072
 37.3  21.5  13.3 -0.879451212706
 37.3  21.6  13.4  5.65260212801
 37.2  21.7  13.5  12.2472488107
 37.2  21.8  13.6  18.9280809281
 37.2  21.9  13.7  25.7198179353
 37.2  22.0  13.8  32.6480619925
 37.2  22.1  13.9  39.7390405929
 37.1  22.2  14.0  47.0193386079
 37.1  22.3  14.1  54.5156219884
 37.1  22.4  14.2  62.2543554457
 37.1  22.5  14.3  70.2615165034
 37.1  22.6  14.4  78.5623083556
 37.0  22.7  14.5  87.180873996
 37.0  22.8  14.6  96.1400140817
 37.0  22.9  14.7  105.460910986
 37.0  23.0  14.8  115.162861448
 37.0  23.1  14.9  125.263020182
 36.9  23.2  15.0  135.776156715
 36.9  23.3  15.1  146.714427634
 36.9  23.4  15.2  158.087166311
 36.9  23.5  15.3  169.900692023
 36.9  23.6  15.4  182.158140252
 36.8  23.7  15.5  194.859315775
 36.8  23.8  15.6  208.000569963
 36.8  23.9  15.7  221.574703545
 36.8  24.0  15.8  235.570895843
 36.7  24.1  15.9  249.97466133
 36.7  24.2  16.0  264.767834078
 36.7  24.3  16.1  279.928580494
 36.7  24.4  16.2  295.431440475
 36.7  24.5  16.3  311.247396903
 36.6  24.6  16.4  327.343973158
 36.6  24.7  16.5  343.685358108
 36.6  24.7  16.6  360.232557809
 36.6  24.8  16.7  376.943572923
 36.6  24.9  16.8  393.773600666
 36.5  25.0  16.9  410.675259889
 36.5  25.1  17.0  427.598837707
 36.5  25.2  17.1  444.49255592
 36.5  25.3  17.2  461.30285531
 36.5  25.4  17.3  477.974695748
 36.4  25.5  17.4  494.45186992
 36.4  25.6  17.5  510.677328378
 36.4  25.7  17.6  526.593513516
 36.4  25.8  17.7  542.14270002
 36.4  25.9  17.8  557.267339278
 36.3  26.0  17.9  571.910405206
 36.3  26.1  18.0  586.015738939
 36.3  26.2  18.1  599.528389858
 36.3  26.3  18.2  612.394950438
 36.3  26.4  18.3  624.563882473
 36.2  26.5  18.4  635.985832285
 36.2  26.6  18.5  646.613932651
 36.2  26.7  18.6  656.404089248
 36.2  26.8  18.7  665.315249582
 36.2  26.9  18.8  673.309652483
 36.1  27.0  18.9  680.353056429
 36.1  27.1  19.0  686.414945114
 36.1  27.2  19.1  691.468708866
 36.1  27.3  19.2  695.491800726
 36.1  27.4  19.3  698.465866182
 36.0  27.5  19.4  700.376845768
 36.0  27.6  19.5  701.215049969
 36.0  27.7  19.6  700.97520606
 36.0  27.8  19.7  699.656476748
 36.0  27.9  19.8  697.262450702
 35.9  28.0  19.9  693.801105261
 35.9  28.1  20.0  689.284741824
 35.9  28.2  20.1  683.729894651
 35.9  28.3  20.2  677.157213961
 35.8  28.4  20.3  669.591324451
 35.8  28.5  20.4  661.060660496
 35.8  28.6  20.5  651.59727947
 35.8  28.7  20.6  641.236654798
 35.8  28.8  20.7  630.017450451
 35.7  28.9  20.8  617.98127874
 35.7  29.0  20.9  605.172443375
 35.7  29.1  21.0  591.637669815
 35.7  29.2  21.1  577.425825035
 35.7  29.3  21.2  562.587628864
 35.6  29.3  21.3  547.175359093
 35.6  29.4  21.4  531.242552563
 35.6  29.5  21.5  514.843704428
 35.6  29.6  21.6  498.033967786
 35.6  29.7  21.7  480.868855807
 35.5  29.8  21.8  463.403948443
 35.5  29.9  21.9  445.694605719
 35.5  30.0  22.0  427.795689537
 35.5  30.1  22.1  409.761295774
 35.5  30.2  22.2  391.644498395
 35.4  30.3  22.3  373.497107112
 35.4  30.4  22.4  355.369440033
 35.4  30.5  22.5  337.310112534
 35.4  30.6  22.6  319.365843489
 35.4  30.7  22.7  301.581279774
 35.3  30.8  22.8  283.998839823
 35.3  30.9  22.9  266.658576823
 35.3  31.0  23.0  249.598061964
 35.3  31.1  23.1  232.85228798
 35.3  31.2  23.2  216.453593056
 35.2  31.3  23.3  200.43160497
 35.2  31.4  23.4  184.813205224
 35.2  31.5  23.5  169.622512701
 35.2  31.6  23.6  154.880886276
 35.2  31.7  23.7  140.606945639
 35.1  31.8  23.8  126.816609462
 35.1  31.9  23.9  113.523149919
 35.1  32.0  24.0  100.737262455
 35.1  32.1  24.1  88.4671495993
 35.1  32.2  24.2  76.7186175454
 35.0  32.3  24.3  65.4951841254
 35.0  32.4  24.4  54.7981967813
 35.0  32.5  24.5  44.6269590693
 35.0  32.6  24.6  34.9788642233
 34.9  32.7  24.7  25.8495342839
 34.9  32.8  24.8  17.2329633099
 34.9  32.9  24.9  9.12166320285
 34.9  33.0  25.0  1.50681071164
 34.9  33.1  25.1 -5.62160577093
 34.8  33.2  25.2 -12.2746409485
 34.8  33.3  25.3 -18.4642501557
 34.8  33.4  25.4 -24.2031508617
 34.8  33.5  25.5 -29.504689227
 34.8  33.6  25.6 -34.3827126929
 34.7  33.7  25.7 -38.8514494799
 34.7  33.8  25.8 -42.9253957498
 34.7  33.9  25.9 -46.6192110724
 34.7  34.0  26.0 -49.9476227085
 34.7  34.0  26.1 -52.9253390982
 34.6  34.1  26.2 -55.5669728157
 34.6  34.2  26.3 -57.8869731246
 34.6  34.3  26.4 -59.8995681431
 34.6  34.4  26.5 -61.6187165085
 34.6  34.5  26.6 -63.0580683116
 34.5  34.6  26.7 -64.2309349613
 34.5  34.7  26.8 -65.1502675356
 34.5  34.8  26.9 -65.8286430784
 34.5  34.9  27.0 -66.2782582137
 34.5  35.0  27.1 -66.5109293722
 34.4  35.1  27.2 -66.5380988579
 34.4  35.2  27.3 -66.3708459254
 34.4  35.3  27.4 -66.019901997
 34.4  35.4  27.5 -65.4956691145
 34.4  35.5  27.6 -64.8082407014
 34.3  35.6  27.7 -63.9674237073
 34.3  35.7  27.8 -62.9827612066
 34.3  35.8  27.9 -61.8635545468
 34.3  35.9  28.0 -60.6188841677
 34.3  36.0  28.1 -59.2576282572
 34.2  36.1  28.2 -57.7884784606
 34.2  36.2  28.3 -56.2199519242
 34.2  36.3  28.4 -54.560399026
 34.2  36.4  28.5 -52.8180062291
 34.2  36.5  28.6 -51.0007935823
 34.1  36.6  28.7 -49.1166064877
 34.1  36.7  28.8 -47.1731014581
 34.1  36.8  28.9 -45.177725692
 34.1  36.9  29.0 -43.1376904039
 34.0  37.0  29.1 -41.0599379579
 34.0  37.1  29.2 -38.951102965
 34.0  37.2  29.3 -36.8174676141
 34.0  37.3  29.4 -34.6649116153
 34.0  37.4  29.5 -32.4988572412
 33.9  37.5  29.6 -30.3242100486
 33.9  37.6  29.7 -28.1452959613
 33.9  37.7  29.8 -25.9657954792
 33.9  37.8  29.9 -23.7886758593
 33.9  37.9  30.0 -21.6161221843
 33.8  38.0  30.1 -19.4494682933
 33.8  38.1  30.2 -17.289128599
 33.8  38.2  30.3 -15.1345318523
 33.8  38.3  30.4 -12.9840579403
 33.8  38.4  30.5 -10.8349788169
 33.7  38.5  30.6 -8.68340466136
 33.7  38.6  30.7 -6.52423635159
 33.7  38.6  30.8 -4.35112530555
 33.7  38.7  30.9 -2.1564417085
 33.7  38.8  31.0  0.068747912033
 33.6  38.9  31.1  2.33469286665
 33.6  39.0  31.2  4.65295942128
 33.6  39.1  31.3  7.03642012188
 33.6  39.2  31.4  9.49923069718
 33.6  39.3  31.5  12.0567940204
 33.5  39.4  31.6  14.7257107287
 33.5  39.5  31.7  17.5237162263
 33.5  39.6  31.8  20.4696039292
 33.5  39.7  31.9  23.5831347473
 33.5  39.8  32.0  26.8849329427
 33.4  39.9  32.1  30.3963686464
 33.4  40.0  32.2  34.1394274603
 33.4  40.1  32.3  38.1365677179
 33.4  40.2  32.4  42.4105661189
 33.4  40.3  32.5  46.9843525932
 33.3  40.4  32.6  51.8808353838
 33.3  40.5  32.7  57.1227174671
 33.3  40.6  32.8  62.7323055502
 33.3  40.7  32.9  68.7313129946
 33.3  40.8  33.0  75.1406581201
 33.2  40.9  33.1  81.9802594308
 33.2  41.0  33.2  89.2688293808
 33.2  41.1  33.3  97.0236683666
 33.2  41.2  33.4  105.260460675
 33.1  41.3  33.5  113.993074159
 33.1  41.4  33.6  123.23336542
 33.1  41.5  33.7  132.990992296
 33.1  41.6  33.8  143.273235421
 33.1  41.7  33.9  154.084830603
 33.0  41.8  34.0  165.427813721
 33.0  41.9  34.1  177.301379771
 33.0  42.0  34.2  189.701757623
 33.0  42.1  34.3  202.622101938
 33.0  42.2  34.4  216.052403604
 32.9  42.3  34.5  229.979419912
 32.9  42.4  34.6  244.386625569
 32.9  42.5  34.7  259.254185472
 32.9  42.6  34.8  274.55895004
 32.9  42.7  34.9  290.274473695
 32.8  42.8  35.0  306.37105694
 32.8  42.9  35.1  322.815812262
 32.8  43.0  35.2  339.572753928
 32.8  43.1  35.3  356.602911525
 32.8  43.2  35.4  373.864466917
 32.7  43.2  35.5  391.312914081
 32.7  43.3  35.6  408.901241096
 32.7  43.4  35.7  426.580133373
 32.7  43.5  35.8  444.298197014
 32.7  43.6  35.9  462.002201027
 32.6  43.7  36.0  479.637336933
 32.6  43.8  36.1  497.147494151
 32.6  43.9  36.2  514.475549406
 32.6  44.0  36.3  531.563668235
 32.6  44.1  36.4  548.353616599
 32.5  44.2  36.5  564.787080436
 32.5  44.3  36.6  580.805990954
 32.5  44.4  36.7  596.352853366
 32.5  44.5  36.8  611.371076707
 32.5  44.6  36.9  625.80530236
 32.4  44.7  37.0  639.601728881
 32.4  44.8  37.1  652.708430731
 32.4  44.9  37.2  665.075668529
 32.4  45.0  37.3  676.656188508
 32.4  45.1  37.4  687.405508892
 32.3  45.2  37.5  697.282191018
 32.3  45.3  37.6  706.248093101
 32.3  45.4  37.7  714.268604692
 32.3  45.5  37.8  721.312859979
 32.2  45.6  37.9  727.353928262
 32.2  45.7  38.0  732.368980075
 32.2  45.8  38.1  736.339427636
 32.2  45.9  38.2  739.251038462
 32.2  46.0  38.3  741.094021223
 32.1  46.1  38.4  741.863083103
 32.1  46.2  38.5  741.557458141
 32.1  46.3  38.6  740.180906287
 32.1  46.4  38.7  737.741683093
 32.1  46.5  38.8  734.252480211
 32.0  46.6  38.9  729.730337093
 32.0  46.7  39.0  724.196524511
 32.0  46.8  39.1  717.676400741
 32.0  46.9  39.2  710.199241452
 32.0  47.0  39.3  701.798044583
 31.9  47.1  39.4  692.509311643
 31.9  47.2  39.5  682.3728071
 31.9  47.3  39.6  671.431297648
 31.9  47.4  39.7  659.730273355
 31.9  47.5  39.8  647.317652775
 31.8  47.6  39.9  634.243474291
 31.8  47.7  40.0  620.559576004
 31.8  47.8  40.1  606.319266627
 31.8  47.9  40.2  591.576989862
 31.8  47.9  40.3  576.387984802
 31.7  48.0  40.4  560.807944943
 31.7  48.1  40.5  544.892678357
 31.7  48.2  40.6  528.697771595
 31.7  48.3  40.7  512.278259824
 31.7  48.4  40.8  495.688305661
 31.6  48.5  40.9  478.980889075
 31.6  48.6  41.0  462.207510637
 31.6  48.7  41.1  445.417910265
 31.6  48.8  41.2  428.659803502
 31.6  48.9  41.3  411.978637176
 31.5  49.0  41.4  395.417366163
 31.5  49.1  41.5  379.016252751
 31.5  49.2  41.6  362.812689949
 31.5  49.3  41.7  346.841049843
 31.5  49.4  41.8  331.13255792
 31.4  49.5  41.9  315.715194041
 31.4  49.6  42.0  300.613620523
 31.4  49.7  42.1  285.849137563
 31.4  49.8  42.2  271.439666006
 31.3  49.9  42.3  257.399757241
 31.3  50.0  42.4  243.740629758
 31.3  50.1  42.5  230.470231706
 31.3  50.2  42.6  217.593328564
 31.3  50.3  42.7  205.111614824
 31.2  50.4  42.8  193.023848417
 31.2  50.5  42.9  181.326006386
 31.2  50.6  43.0  170.011460191
 31.2  50.7  43.1  159.071168837
 31.2  50.8  43.2  148.493887885
 31.1  50.9  43.3  138.266392313
 31.1  51.0  43.4  128.373711043
 31.1  51.1  43.5  118.79937092
 31.1  51.2  43.6  109.525647812
 31.1  51.3  43.7  100.533822506
 31.0  51.4  43.8  91.8044390244
 31.0  51.5  43.9  83.3175629816
 31.0  51.6  44.0  75.0530376479
 31.0  51.7  44.1  66.9907353958
 31.0  51.8  44.2  59.1108022866
 30.9  51.9  44.3  51.3938936247
 30.9  52.0  44.4  43.8213984086
 30.9  52.1  44.5  36.375650724
 30.9  52.2  44.6  29.0401262571
 30.9  52.3  44.7  21.7996222545
 30.8  52.4  44.8  14.640419421
 30.8  52.5  44.9  7.55042441806
 30.8  52.5  45.0  0.519291816926
 30.8  52.6  45.1 -6.46147544923
 30.8  52.7  45.2 -13.3984478822
 30.7  52.8  45.3 -20.2962140065
 30.7  52.9  45.4 -27.1573480775
 30.7  53.0  45.5 -33.9824010221
 30.7  53.1  45.6 -40.7699145145
 30.7  53.2  45.7 -47.516457873
 30.6  53.3  45.8 -54.2166872571
 30.6  53.4  45.9 -60.8634264425
 30.6  53.5  46.0 -67.4477682537
 30.6  53.6  46.1 -73.9591955504
 30.6  53.7  46.2 -80.3857204879
 30.5  53.8  46.3 -86.7140406082
 30.5  53.9  46.4 -92.9297101707
 30.5  54.0  46.5 -99.0173249967
 30.5  54.1  46.6 -104.960718986
 30.5  54.2  46.7 -110.74317036
 30.4  54.3  46.8 -116.347615606
 30.4  54.4  46.9 -121.756869039
 30.4  54.5  47.0 -126.953845832
 30.4  54.6  47.1 -131.921786376
 30.3  54.7  47.2 -136.644479788
 30.3  54.8  47.3 -141.10648443
 30.3  54.9  47.4 -145.293343307
 30.3  55.0  47.5 -149.191792303
 30.3  55.1  47.6 -152.78995924
 30.2  55.2  47.7 -156.077551865
 30.2  55.3  47.8 -159.046032978
 30.2  55.4  47.9 -161.688781
 30.2  55.5  48.0 -164.001234467
 30.2  55.6  48.1 -165.981019037
 30.1  55.7  48.2 -167.628055797
 30.1  55.8  48.3 -168.944649798
 30.1  55.9  48.4 -169.935557952
 30.1  56.0  48.5 -170.608035595
 30.1  56.1  48.6 -170.97186122
 30.0  56.2  48.7 -171.039339081
 30.0  56.3  48.8 -170.825279566
 30.0  56.4  48.9 -170.346957437
 30.0  56.5  49.0 -169.624048228
 30.0  56.6  49.1 -168.678543289
 29.9  56.7  49.2 -167.534644158
 29.9  56.8  49.3 -166.218637097
 29.9  56.9  49.4 -164.758748848
 29.9  57.0  49.5 -163.184984775
 29.9  57.1  49.6 -161.528950745
 29.8  57.1  49.7 -159.823660227
 29.8  57.2  49.8 -158.103328209
 29.8  57.3  49.9 -156.40315365
 29.8  57.4  50.0 -154.759092262
