x z dist ED
 30.2 -44.6 -50.0 -295.12256436
 30.2 -44.5 -49.9 -295.160291408
 30.2 -44.4 -49.8 -295.095035412
 30.2 -44.3 -49.7 -294.890600758
 30.1 -44.3 -49.6 -294.512990736
 30.1 -44.2 -49.5 -293.930667292
 30.1 -44.1 -49.4 -293.114787054
 30.1 -44.0 -49.3 -292.039411563
 30.1 -43.9 -49.2 -290.681689855
 30.0 -43.8 -49.1 -289.022011805
 30.0 -43.7 -49.0 -287.044130882
 30.0 -43.6 -48.9 -284.735255258
 30.0 -43.5 -48.8 -282.08610647
 30.0 -43.4 -48.7 -279.090945159
 29.9 -43.3 -48.6 -275.747563667
 29.9 -43.2 -48.5 -272.057245608
 29.9 -43.1 -48.4 -268.024692801
 29.9 -43.0 -48.3 -263.657920253
 29.9 -42.9 -48.2 -258.968120191
 29.8 -42.8 -48.1 -253.96949639
 29.8 -42.7 -48.0 -248.679070343
 29.8 -42.6 -47.9 -243.116461058
 29.8 -42.5 -47.8 -237.303640528
 29.8 -42.4 -47.7 -231.264667128
 29.7 -42.3 -47.6 -225.025399399
 29.7 -42.2 -47.5 -218.613192886
 29.7 -42.1 -47.4 -212.056582809
 29.7 -42.0 -47.3 -205.384955537
 29.7 -41.9 -47.2 -198.628211905
 29.6 -41.8 -47.1 -191.816425501
 29.6 -41.7 -47.0 -184.979499115
 29.6 -41.6 -46.9 -178.146822566
 29.6 -41.5 -46.8 -171.346935097
 29.5 -41.4 -46.7 -164.607195529
 29.5 -41.3 -46.6 -157.953463274
 29.5 -41.2 -46.5 -151.409793228
 29.5 -41.1 -46.4 -144.998147458
 29.5 -41.0 -46.3 -138.738126437
 29.4 -40.9 -46.2 -132.646722409
 29.4 -40.8 -46.1 -126.73809731
 29.4 -40.7 -46.0 -121.023387396
 29.4 -40.6 -45.9 -115.510536553
 29.4 -40.5 -45.8 -110.204159981
 29.3 -40.4 -45.7 -105.105439663
 29.3 -40.3 -45.6 -100.212052799
 29.3 -40.2 -45.5 -95.5181340194
 29.3 -40.1 -45.4 -91.0142719655
 29.3 -40.0 -45.3 -86.6875404574
 29.2 -39.9 -45.2 -82.521564198
 29.2 -39.8 -45.1 -78.4966186345
 29.2 -39.7 -45.0 -74.5897632959
 29.2 -39.7 -44.9 -70.7750076231
 29.2 -39.6 -44.8 -67.0235080143
 29.1 -39.5 -44.7 -63.3037945249
 29.1 -39.4 -44.6 -59.5820253919
 29.1 -39.3 -44.5 -55.8222672963
 29.1 -39.2 -44.4 -51.9867990457
 29.1 -39.1 -44.3 -48.0364361372
 29.0 -39.0 -44.2 -43.9308734709
 29.0 -38.9 -44.1 -39.6290433122
 29.0 -38.8 -44.0 -35.0894854569
 29.0 -38.7 -43.9 -30.2707264336
 29.0 -38.6 -43.8 -25.1316644884
 28.9 -38.5 -43.7 -19.6319570339
 28.9 -38.4 -43.6 -13.7324072123
 28.9 -38.3 -43.5 -7.3953462171
 28.9 -38.2 -43.4 -0.585008046163
 28.9 -38.1 -43.3  6.73210658914
 28.8 -38.0 -43.2  14.5868803879
 28.8 -37.9 -43.1  23.0072466957
 28.8 -37.8 -43.0  32.0178767919
 28.8 -37.7 -42.9  41.6398900049
 28.8 -37.6 -42.8  51.8905892399
 28.7 -37.5 -42.7  62.7832242969
 28.7 -37.4 -42.6  74.3267851205
 28.7 -37.3 -42.5  86.5258268734
 28.7 -37.2 -42.4  99.3803284609
 28.7 -37.1 -42.3  112.885585847
 28.6 -37.0 -42.2  127.032141215
 28.6 -36.9 -42.1  141.805748722
 28.6 -36.8 -42.0  157.187377279
 28.6 -36.7 -41.9  173.153250503
 28.5 -36.6 -41.8  189.674923633
 28.5 -36.5 -41.7  206.719396934
 28.5 -36.4 -41.6  224.249264778
 28.5 -36.3 -41.5  242.222899296
 28.5 -36.2 -41.4  260.594667229
 28.4 -36.1 -41.3  279.315178283
 28.4 -36.0 -41.2  298.331563093
 28.4 -35.9 -41.1  317.587778593
 28.4 -35.8 -41.0  337.02493841
 28.4 -35.7 -40.9  356.581665673
 28.3 -35.6 -40.8  376.19446546
 28.3 -35.5 -40.7  395.798113932
 28.3 -35.4 -40.6  415.326061087
 28.3 -35.3 -40.5  434.710843957
 28.3 -35.2 -40.4  453.884506997
 28.2 -35.1 -40.3  472.779026363
 28.2 -35.1 -40.2  491.326734753
 28.2 -35.0 -40.1  509.460743503
 28.2 -34.9 -40.0  527.115358668
 28.2 -34.8 -39.9  544.226487865
 28.1 -34.7 -39.8  560.732034768
 28.1 -34.6 -39.7  576.572278257
 28.1 -34.5 -39.6  591.690233358
 28.1 -34.4 -39.5  606.031991301
 28.1 -34.3 -39.4  619.547036182
 28.0 -34.2 -39.3  632.188535949
 28.0 -34.1 -39.2  643.91360566
 28.0 -34.0 -39.1  654.683541189
 28.0 -33.9 -39.0  664.464021834
 28.0 -33.8 -38.9  673.225280532
 27.9 -33.7 -38.8  680.942240693
 27.9 -33.6 -38.7  687.594618928
 27.9 -33.5 -38.6  693.166993232
 27.9 -33.4 -38.5  697.648836515
 27.9 -33.3 -38.4  701.034515607
 27.8 -33.2 -38.3  703.323256198
 27.8 -33.1 -38.2  704.519074433
 27.8 -33.0 -38.1  704.630676149
 27.8 -32.9 -38.0  703.67132502
 27.8 -32.8 -37.9  701.658681104
 27.7 -32.7 -37.8  698.614611525
 27.7 -32.6 -37.7  694.56497525
 27.7 -32.5 -37.6  689.53938408
 27.7 -32.4 -37.5  683.570942196
 27.6 -32.3 -37.4  676.695966705
 27.6 -32.2 -37.3  668.953691793
 27.6 -32.1 -37.2  660.385959176
 27.6 -32.0 -37.1  651.036897622
 27.6 -31.9 -37.0  640.952594379
 27.5 -31.8 -36.9  630.180761346
 27.5 -31.7 -36.8  618.770398858
 27.5 -31.6 -36.7  606.771459895
 27.5 -31.5 -36.6  594.234517491
 27.5 -31.4 -36.5  581.210438057
 27.4 -31.3 -36.4  567.750063198
 27.4 -31.2 -36.3  553.903902506
 27.4 -31.1 -36.2  539.721839674
 27.4 -31.0 -36.1  525.252854081
 27.4 -30.9 -36.0  510.544759857
 27.3 -30.8 -35.9  495.643964198
 27.3 -30.7 -35.8  480.595246535
 27.3 -30.6 -35.7  465.441559897
 27.3 -30.5 -35.6  450.223855592
 27.3 -30.4 -35.5  434.980932111
 27.2 -30.4 -35.4  419.749308859
 27.2 -30.3 -35.3  404.563125137
 27.2 -30.2 -35.2  389.454064494
 27.2 -30.1 -35.1  374.451304361
 27.2 -30.0 -35.0  359.581490607
 27.1 -29.9 -34.9  344.868736447
 27.1 -29.8 -34.8  330.334644897
 27.1 -29.7 -34.7  315.998353743
 27.1 -29.6 -34.6  301.876601812
 27.1 -29.5 -34.5  287.98381514
 27.0 -29.4 -34.4  274.332211439
 27.0 -29.3 -34.3  260.931921155
 27.0 -29.2 -34.2  247.791123233
 27.0 -29.1 -34.1  234.916193633
 27.0 -29.0 -34.0  222.311864517
 26.9 -28.9 -33.9  209.981391978
 26.9 -28.8 -33.8  197.926730138
 26.9 -28.7 -33.7  186.148709408
 26.9 -28.6 -33.6  174.647216714
 26.9 -28.5 -33.5  163.421375516
 26.8 -28.4 -33.4  152.469723476
 26.8 -28.3 -33.3  141.790385738
 26.8 -28.2 -33.2  131.381241821
 26.8 -28.1 -33.1  121.24008428
 26.7 -28.0 -33.0  111.364767387
 26.7 -27.9 -32.9  101.753344243
 26.7 -27.8 -32.8  92.4041908888
 26.7 -27.7 -32.7  83.3161161484
 26.7 -27.6 -32.6  74.4884561453
 26.6 -27.5 -32.5  65.9211525981
 26.6 -27.4 -32.4  57.6148142294
 26.6 -27.3 -32.3  49.5707608201
 26.6 -27.2 -32.2  41.7910496549
 26.6 -27.1 -32.1  34.2784843193
 26.5 -27.0 -32.0  27.0366060216
 26.5 -26.9 -31.9  20.0696678216
 26.5 -26.8 -31.8  13.3825923525
 26.5 -26.7 -31.7  6.98091381798
 26.5 -26.6 -31.6  0.870705234947
 26.4 -26.5 -31.5 -4.94150793377
 26.4 -26.4 -31.4 -10.4488464505
 26.4 -26.3 -31.3 -15.6441868234
 26.4 -26.2 -31.2 -20.5202800937
 26.4 -26.1 -31.1 -25.0698781927
 26.3 -26.0 -31.0 -29.2858660801
 26.3 -25.9 -30.9 -33.1613978006
 26.3 -25.8 -30.8 -36.6900345449
 26.3 -25.8 -30.7 -39.8658827696
 26.3 -25.7 -30.6 -42.6837304214
 26.2 -25.6 -30.5 -45.1391793248
 26.2 -25.5 -30.4 -47.2287718265
 26.2 -25.4 -30.3 -48.9501098461
 26.2 -25.3 -30.2 -50.3019645587
 26.2 -25.2 -30.1 -51.2843750356
 26.1 -25.1 -30.0 -51.8987342809
 26.1 -25.0 -29.9 -52.14786124
 26.1 -24.9 -29.8 -52.0360575066
 26.1 -24.8 -29.7 -51.5691476184
 26.1 -24.7 -29.6 -50.7545020154
 26.0 -24.6 -29.5 -49.6010419225
 26.0 -24.5 -29.4 -48.1192256221
 26.0 -24.4 -29.3 -46.3210157884
 26.0 -24.3 -29.2 -44.2198277709
 26.0 -24.2 -29.1 -41.8304589318
 25.9 -24.1 -29.0 -39.1689993598
 25.9 -24.0 -28.9 -36.2527245003
 25.9 -23.9 -28.8 -33.0999704559
 25.9 -23.8 -28.7 -29.7299929185
 25.8 -23.7 -28.6 -26.1628108946
 25.8 -23.6 -28.5 -22.4190365757
 25.8 -23.5 -28.4 -18.5196928813
 25.8 -23.4 -28.3 -14.4860203696
 25.8 -23.3 -28.2 -10.3392753548
 25.7 -23.2 -28.1 -6.10052120357
 25.7 -23.1 -28.0 -1.79041489175
 25.7 -23.0 -27.9  2.57100900308
 25.7 -22.9 -27.8  6.96455463084
 25.7 -22.8 -27.7  11.3720792281
 25.6 -22.7 -27.6  15.7767031917
 25.6 -22.6 -27.5  20.1630135487
 25.6 -22.5 -27.4  24.5172585301
 25.6 -22.4 -27.3  28.8275309975
 25.6 -22.3 -27.2  33.0839385452
 25.5 -22.2 -27.1  37.2787581913
 25.5 -22.1 -27.0  41.4065736849
 25.5 -22.0 -26.9  45.4643935956
 25.5 -21.9 -26.8  49.4517485046
 25.5 -21.8 -26.7  53.3707657948
 25.4 -21.7 -26.6  57.2262207272
 25.4 -21.6 -26.5  61.0255627023
 25.4 -21.5 -26.4  64.7789158243
 25.4 -21.4 -26.3  68.4990531219
 25.4 -21.3 -26.2  72.2013440216
 25.3 -21.2 -26.1  75.9036749212
 25.3 -21.2 -26.0  79.6263429663
 25.3 -21.1 -25.9  83.3919233916
 25.3 -21.0 -25.8  87.2251110466
 25.3 -20.9 -25.7  91.152536983
 25.2 -20.8 -25.6  95.2025612302
 25.2 -20.7 -25.5  99.4050431327
 25.2 -20.6 -25.4  103.791090854
 25.2 -20.5 -25.3  108.392791877
 25.2 -20.4 -25.2  113.242926541
 25.1 -20.3 -25.1  118.374666837
 25.1 -20.2 -25.0  123.821262876
 25.1 -20.1 -24.9  129.61571958
 25.1 -20.0 -24.8  135.790466286
 25.1 -19.9 -24.7  142.377022059
 25.0 -19.8 -24.6  149.405659609
 25.0 -19.7 -24.5  156.905070737
 25.0 -19.6 -24.4  164.902036297
 25.0 -19.5 -24.3  173.421103644
 24.9 -19.4 -24.2  182.484274548
 24.9 -19.3 -24.1  192.110706458
 24.9 -19.2 -24.0  202.316429981
 24.9 -19.1 -23.9  213.114085294
 24.9 -19.0 -23.8  224.512680101
 24.8 -18.9 -23.7  236.5173716
 24.8 -18.8 -23.6  249.12927473
 24.8 -18.7 -23.5  262.345298795
 24.8 -18.6 -23.4  276.158014312
 24.8 -18.5 -23.3  290.555551728
 24.7 -18.4 -23.2  305.521533369
 24.7 -18.3 -23.1  321.035039731
 24.7 -18.2 -23.0  337.07061093
 24.7 -18.1 -22.9  353.598283849
 24.7 -18.0 -22.8  370.583665215
 24.6 -17.9 -22.7  387.98804053
 24.6 -17.8 -22.6  405.76851849
 24.6 -17.7 -22.5  423.878210201
 24.6 -17.6 -22.4  442.266442223
 24.6 -17.5 -22.3  460.879002152
 24.5 -17.4 -22.2  479.658415186
 24.5 -17.3 -22.1  498.544249828
 24.5 -17.2 -22.0  517.473450634
 24.5 -17.1 -21.9  536.380695653
 24.5 -17.0 -21.8  555.198775985
 24.4 -16.9 -21.7  573.858994689
 24.4 -16.8 -21.6  592.291582067
 24.4 -16.7 -21.5  610.426124204
 24.4 -16.6 -21.4  628.192001515
 24.4 -16.5 -21.3  645.518833937
 24.3 -16.5 -21.2  662.336929315
 24.3 -16.4 -21.1  678.577731511
 24.3 -16.3 -21.0  694.174264714
 24.3 -16.2 -20.9  709.061570463
 24.3 -16.1 -20.8  723.177133919
 24.2 -16.0 -20.7  736.461296004
 24.2 -15.9 -20.6  748.857648118
 24.2 -15.8 -20.5  760.313406276
 24.2 -15.7 -20.4  770.779761655
 24.2 -15.6 -20.3  780.212204738
 24.1 -15.5 -20.2  788.570820424
 24.1 -15.4 -20.1  795.820551733
 24.1 -15.3 -20.0  801.93142995
 24.1 -15.2 -19.9  806.878769356
 24.0 -15.1 -19.8  810.643324946
 24.0 -15.0 -19.7  813.211411865
 24.0 -14.9 -19.6  814.574985576
 24.0 -14.8 -19.5  814.73168212
 24.0 -14.7 -19.4  813.684818123
 23.9 -14.6 -19.3  811.443350579
 23.9 -14.5 -19.2  808.021796709
 23.9 -14.4 -19.1  803.440114586
 23.9 -14.3 -19.0  797.723545486
 23.9 -14.2 -18.9  790.902419272
 23.8 -14.1 -18.8  783.011924401
 23.8 -14.0 -18.7  774.091844448
 23.8 -13.9 -18.6  764.186263309
 23.8 -13.8 -18.5  753.343241481
 23.8 -13.7 -18.4  741.6144661
 23.7 -13.6 -18.3  729.054877565
 23.7 -13.5 -18.2  715.722275817
 23.7 -13.4 -18.1  701.676909471
 23.7 -13.3 -18.0  686.981051148
 23.7 -13.2 -17.9  671.698562446
 23.6 -13.1 -17.8  655.89445207
 23.6 -13.0 -17.7  639.634430697
 23.6 -12.9 -17.6  622.984466126
 23.6 -12.8 -17.5  606.010342304
 23.6 -12.7 -17.4  588.777225717
 23.5 -12.6 -17.3  571.34924259
 23.5 -12.5 -17.2  553.789070218
 23.5 -12.4 -17.1  536.157545626
 23.5 -12.3 -17.0  518.513294573
 23.5 -12.2 -16.9  500.912383753
 23.4 -12.1 -16.8  483.40799881
 23.4 -12.0 -16.7  466.050150563
 23.4 -11.9 -16.6  448.885411571
 23.4 -11.9 -16.5  431.956684922
 23.4 -11.8 -16.4  415.303006797
 23.3 -11.7 -16.3  398.959384104
 23.3 -11.6 -16.2  382.956668148
 23.3 -11.5 -16.1  367.321464978
 23.3 -11.4 -16.0  352.076082749
 23.3 -11.3 -15.9  337.238516094
 23.2 -11.2 -15.8  322.822467204
 23.2 -11.1 -15.7  308.837402963
 23.2 -11.0 -15.6  295.288647207
 23.2 -10.9 -15.5  282.177506864
 23.1 -10.8 -15.4  269.501430428
 23.1 -10.7 -15.3  257.254196971
 23.1 -10.6 -15.2  245.426133629
 23.1 -10.5 -15.1  234.004359263
 23.1 -10.4 -15.0  222.973051778
 23.0 -10.3 -14.9  212.313736407
 23.0 -10.2 -14.8  202.005592073
 23.0 -10.1 -14.7  192.02577284
 23.0 -10.0 -14.6  182.34974131
 23.0 -9.9 -14.5  172.951610787
 22.9 -9.8 -14.4  163.804492923
 22.9 -9.7 -14.3  154.880847592
 22.9 -9.6 -14.2  146.152831693
 22.9 -9.5 -14.1  137.592643653
 22.9 -9.4 -14.0  129.172860452
 22.8 -9.3 -13.9  120.866764082
 22.8 -9.2 -13.8  112.648654484
 22.8 -9.1 -13.7  104.494146135
 22.8 -9.0 -13.6  96.3804456492
 22.8 -8.9 -13.5  88.2866079407
 22.7 -8.8 -13.4  80.1937687055
 22.7 -8.7 -13.3  72.0853512339
 22.7 -8.6 -13.2  63.9472457985
 22.7 -8.5 -13.1  55.7679601409
 22.7 -8.4 -13.0  47.5387398561
 22.6 -8.3 -12.9  39.2536577612
 22.6 -8.2 -12.8  30.909671635
 22.6 -8.1 -12.7  22.5066500107
 22.6 -8.0 -12.6  14.0473660068
 22.6 -7.9 -12.5  5.53745948435
 22.5 -7.8 -12.4 -3.01463189099
 22.5 -7.7 -12.3 -11.5977718091
 22.5 -7.6 -12.2 -20.1982535478
 22.5 -7.5 -12.1 -28.79995586
 22.5 -7.4 -12.0 -37.3845248422
 22.4 -7.3 -11.9 -45.9315798777
 22.4 -7.3 -11.8 -54.4189415264
 22.4 -7.2 -11.7 -62.82287904
 22.4 -7.1 -11.6 -71.118375001
 22.4 -7.0 -11.5 -79.2794044402
 22.3 -6.9 -11.4 -87.2792256549
 22.3 -6.8 -11.3 -95.0906798569
 22.3 -6.7 -11.2 -102.686496703
 22.3 -6.6 -11.1 -110.039602719
 22.2 -6.5 -11.0 -117.123429613
 22.2 -6.4 -10.9 -123.912219482
 22.2 -6.3 -10.8 -130.381323956
 22.2 -6.2 -10.7 -136.507494399
 22.2 -6.1 -10.6 -142.269160371
 22.1 -6.0 -10.5 -147.64669367
 22.1 -5.9 -10.4 -152.622655441
 22.1 -5.8 -10.3 -157.18202397
 22.1 -5.7 -10.2 -161.312401008
 22.1 -5.6 -10.1 -165.004194641
 22.0 -5.5 -10.0 -168.250776982
 22.0 -5.4 -9.9 -171.048615173
 22.0 -5.3 -9.8 -173.397374453
 22.0 -5.2 -9.7 -175.299992326
 22.0 -5.1 -9.6 -176.762723095
 21.9 -5.0 -9.5 -177.795152352
 21.9 -4.9 -9.4 -178.410181275
 21.9 -4.8 -9.3 -178.623980849
 21.9 -4.7 -9.2 -178.455916443
 21.9 -4.6 -9.1 -177.928443419
 21.8 -4.5 -9.0 -177.066974725
 21.8 -4.4 -8.9 -175.899721695
 21.8 -4.3 -8.8 -174.457509498
 21.8 -4.2 -8.7 -172.773568925
 21.8 -4.1 -8.6 -170.883306424
 21.7 -4.0 -8.5 -168.824054455
 21.7 -3.9 -8.4 -166.634804466
 21.7 -3.8 -8.3 -164.355924867
 21.7 -3.7 -8.2 -162.028866602
 21.7 -3.6 -8.1 -159.695858935
 21.6 -3.5 -8.0 -157.399598203
 21.6 -3.4 -7.9 -155.182932327
 21.6 -3.3 -7.8 -153.088543889
 21.6 -3.2 -7.7 -151.1586346
 21.6 -3.1 -7.6 -149.434613944
 21.5 -3.0 -7.5 -147.956794752
 21.5 -2.9 -7.4 -146.764098351
 21.5 -2.8 -7.3 -145.893771869
 21.5 -2.7 -7.2 -145.381120124
 21.5 -2.6 -7.1 -145.259254393
 21.4 -2.6 -7.0 -145.558860173
 21.4 -2.5 -6.9 -146.307985888
 21.4 -2.4 -6.8 -147.531854253
 21.4 -2.3 -6.7 -149.252697824
 21.3 -2.2 -6.6 -151.489619993
 21.3 -2.1 -6.5 -154.258482489
 21.3 -2.0 -6.4 -157.571820142
 21.3 -1.9 -6.3 -161.43878345
 21.3 -1.8 -6.2 -165.865109211
 21.2 -1.7 -6.1 -170.853119215
 21.2 -1.6 -6.0 -176.401746738
 21.2 -1.5 -5.9 -182.50659032
 21.2 -1.4 -5.8 -189.159994062
 21.2 -1.3 -5.7 -196.35115342
 21.1 -1.2 -5.6 -204.066245263
 21.1 -1.1 -5.5 -212.28858073
 21.1 -1.0 -5.4 -220.99877923
 21.1 -0.9 -5.3 -230.174961721
 21.1 -0.8 -5.2 -239.79296127
 21.0 -0.7 -5.1 -249.826548725
 21.0 -0.6 -5.0 -260.247671204
 21.0 -0.5 -4.9 -271.02670103
 21.0 -0.4 -4.8 -282.132692634
 21.0 -0.3 -4.7 -293.533644908
 20.9 -0.2 -4.6 -305.19676646
 20.9 -0.1 -4.5 -317.088741218
 20.9 -0.0 -4.4 -329.175991853
 20.9  0.1 -4.3 -341.424938528
 20.9  0.2 -4.2 -353.802250567
 20.8  0.3 -4.1 -366.275088702
 20.8  0.4 -4.0 -378.811335715
 20.8  0.5 -3.9 -391.379813377
 20.8  0.6 -3.8 -403.950483778
 20.8  0.7 -3.7 -416.494633315
 20.7  0.8 -3.6 -428.985037768
 20.7  0.9 -3.5 -441.396107126
 20.7  1.0 -3.4 -453.70400904
 20.7  1.1 -3.3 -465.88676998
 20.7  1.2 -3.2 -477.924353454
 20.6  1.3 -3.1 -489.798714837
 20.6  1.4 -3.0 -501.49383265
 20.6  1.5 -2.9 -512.995716333
 20.6  1.6 -2.8 -524.292390828
 20.6  1.7 -2.7 -535.373858503
 20.5  1.8 -2.6 -546.232039215
 20.5  1.9 -2.5 -556.860689486
 20.5  2.0 -2.4 -567.25530202
 20.5  2.0 -2.3 -577.41298697
 20.4  2.1 -2.2 -587.33233655
 20.4  2.2 -2.1 -597.013274758
 20.4  2.3 -2.0 -606.456894116
 20.4  2.4 -1.9 -615.665281488
 20.4  2.5 -1.8 -624.641335104
 20.3  2.6 -1.7 -633.388575043
 20.3  2.7 -1.6 -641.91094947
 20.3  2.8 -1.5 -650.212638963
 20.3  2.9 -1.4 -658.297861285
 20.3  3.0 -1.3 -666.170678944
 20.2  3.1 -1.2 -673.834811857
 20.2  3.2 -1.1 -681.293457352
 20.2  3.3 -1.0 -688.549119709
 20.2  3.4 -0.9 -695.603451278
 20.2  3.5 -0.8 -702.457107139
 20.1  3.6 -0.7 -709.109615094
 20.1  3.7 -0.6 -715.559262626
 20.1  3.8 -0.5 -721.803002281
 20.1  3.9 -0.4 -727.836376731
 20.1  4.0 -0.3 -733.653464561
 20.0  4.1 -0.2 -739.246847617
 20.0  4.2 -0.1 -744.607600499
 20.0  4.3 -0.0 -749.725302567
 20.0  4.4  0.1 -754.588072572
 20.0  4.5  0.2 -759.182625795
 19.9  4.6  0.3 -763.494353308
 19.9  4.7  0.4 -767.50742276
 19.9  4.8  0.5 -771.204899837
 19.9  4.9  0.6 -774.568889317
 19.9  5.0  0.7 -777.580694433
 19.8  5.1  0.8 -780.220993041
 19.8  5.2  0.9 -782.470028902
 19.8  5.3  1.0 -784.307816208
 19.8  5.4  1.1 -785.714355326
 19.8  5.5  1.2 -786.669857605
 19.7  5.6  1.3 -787.154976941
 19.7  5.7  1.4 -787.151045744
 19.7  5.8  1.5 -786.640312849
 19.7  5.9  1.6 -785.606180863
 19.7  6.0  1.7 -784.033440444
 19.6  6.1  1.8 -781.908498972
 19.6  6.2  1.9 -779.219601139
 19.6  6.3  2.0 -775.957038998
 19.6  6.4  2.1 -772.11334912
 19.6  6.5  2.2 -767.683494586
 19.5  6.6  2.3 -762.665029675
 19.5  6.6  2.4 -757.058245263
 19.5  6.7  2.5 -750.866293085
 19.5  6.8  2.6 -744.095287235
 19.4  6.9  2.7 -736.75438146
 19.4  7.0  2.8 -728.855821024
 19.4  7.1  2.9 -720.414968163
 19.4  7.2  3.0 -711.450300373
 19.4  7.3  3.1 -701.983381072
 19.3  7.4  3.2 -692.038802365
 19.3  7.5  3.3 -681.644099988
 19.3  7.6  3.4 -670.829640712
 19.3  7.7  3.5 -659.628482774
 19.3  7.8  3.6 -648.076210179
 19.2  7.9  3.7 -636.210741949
 19.2  8.0  3.8 -624.072117659
 19.2  8.1  3.9 -611.70226084
 19.2  8.2  4.0 -599.144722031
 19.2  8.3  4.1 -586.444403505
 19.1  8.4  4.2 -573.647267864
 19.1  8.5  4.3 -560.800032868
 19.1  8.6  4.4 -547.949855034
 19.1  8.7  4.5 -535.144004653
 19.1  8.8  4.6 -522.42953498
 19.0  8.9  4.7 -509.852948454
 19.0  9.0  4.8 -497.459862821
 19.0  9.1  4.9 -485.294680093
 19.0  9.2  5.0 -473.400261269
 19.0  9.3  5.1 -461.81760971
 18.9  9.4  5.2 -450.585566005
 18.9  9.5  5.3 -439.740517107
 18.9  9.6  5.4 -429.31612238
 18.9  9.7  5.5 -419.343059091
 18.9  9.8  5.6 -409.848789715
 18.8  9.9  5.7 -400.857353243
 18.8  10.0  5.8 -392.389182484
 18.8  10.1  5.9 -384.460949133
 18.8  10.2  6.0 -377.085438143
 18.8  10.3  6.1 -370.271452683
 18.7  10.4  6.2 -364.023750684
 18.7  10.5  6.3 -358.343013744
 18.7  10.6  6.4 -353.225848814
 18.7  10.7  6.5 -348.664822848
 18.7  10.8  6.6 -344.648530287
 18.6  10.9  6.7 -341.161692948
 18.6  11.0  6.8 -338.185291604
 18.6  11.1  6.9 -335.696728253
 18.6  11.2  7.0 -333.670017804
 18.5  11.2  7.1 -332.076007609
 18.5  11.3  7.2 -330.882623063
 18.5  11.4  7.3 -330.055137202
 18.5  11.5  7.4 -329.556462039
 18.5  11.6  7.5 -329.347459175
 18.4  11.7  7.6 -329.387267004
 18.4  11.8  7.7 -329.633641729
 18.4  11.9  7.8 -330.043309218
 18.4  12.0  7.9 -330.572324658
 18.4  12.1  8.0 -331.176436865
 18.3  12.2  8.1 -331.811454069
 18.3  12.3  8.2 -332.433607961
 18.3  12.4  8.3 -332.99991279
 18.3  12.5  8.4 -333.468516352
 18.3  12.6  8.5 -333.799039761
 18.2  12.7  8.6 -333.952902978
 18.2  12.8  8.7 -333.893633217
 18.2  12.9  8.8 -333.587153472
 18.2  13.0  8.9 -333.00204859
 18.2  13.1  9.0 -332.109806505
 18.1  13.2  9.1 -330.885032485
 18.1  13.3  9.2 -329.305634443
 18.1  13.4  9.3 -327.352977671
 18.1  13.5  9.4 -325.012007575
 18.1  13.6  9.5 -322.271339322
 18.0  13.7  9.6 -319.123313576
 18.0  13.8  9.7 -315.564017812
 18.0  13.9  9.8 -311.593273021
 18.0  14.0  9.9 -307.214585905
 18.0  14.1  10.0 -302.435067009
 17.9  14.2  10.1 -297.265315518
 17.9  14.3  10.2 -291.719271758
 17.9  14.4  10.3 -285.814038753
 17.9  14.5  10.4 -279.569674445
 17.9  14.6  10.5 -273.008956483
 17.8  14.7  10.6 -266.157121722
 17.8  14.8  10.7 -259.041582811
 17.8  14.9  10.8 -251.691624475
 17.8  15.0  10.9 -244.138082271
 17.8  15.1  11.0 -236.413006778
 17.7  15.2  11.1 -228.549316308
 17.7  15.3  11.2 -220.580441356
 17.7  15.4  11.3 -212.539964064
 17.7  15.5  11.4 -204.461256067
 17.6  15.6  11.5 -196.377118063
 17.6  15.7  11.6 -188.319424491
 17.6  15.8  11.7 -180.318776636
 17.6  15.9  11.8 -172.404167417
 17.6  15.9  11.9 -164.602661024
 17.5  16.0  12.0 -156.939090449
 17.5  16.1  12.1 -149.435775778
 17.5  16.2  12.2 -142.112265966
 17.5  16.3  12.3 -134.985106587
 17.5  16.4  12.4 -128.067635839
 17.4  16.5  12.5 -121.369810816
 17.4  16.6  12.6 -114.898065825
 17.4  16.7  12.7 -108.655204199
 17.4  16.8  12.8 -102.640324806
 17.4  16.9  12.9 -96.8487840957
 17.3  17.0  13.0 -91.2721942606
 17.3  17.1  13.1 -85.8984577138
 17.3  17.2  13.2 -80.7118377996
 17.3  17.3  13.3 -75.6930653033
 17.3  17.4  13.4 -70.8194800153
 17.2  17.5  13.5 -66.065206281
 17.2  17.6  13.6 -61.4013611651
 17.2  17.7  13.7 -56.7962935568
 17.2  17.8  13.8 -52.2158522661
 17.2  17.9  13.9 -47.6236808889
 17.1  18.0  14.0 -42.9815369791
 17.1  18.1  14.1 -38.2496328348
 17.1  18.2  14.2 -33.3869950084
 17.1  18.3  14.3 -28.3518394712
 17.1  18.4  14.4 -23.1019592162
 17.0  18.5  14.5 -17.5951209586
 17.0  18.6  14.6 -11.7894675042
 17.0  18.7  14.7 -5.6439222925
 17.0  18.8  14.8  0.881407408254
 17.0  18.9  14.9  7.82483217918
 16.9  19.0  15.0  15.2226904932
 16.9  19.1  15.1  23.1089705532
 16.9  19.2  15.2  31.514947264
 16.9  19.3  15.3  40.4688375562
 16.9  19.4  15.4  49.9954771273
 16.8  19.5  15.5  60.1160214916
 16.8  19.6  15.6  70.8476740265
 16.8  19.7  15.7  82.2034434763
 16.8  19.8  15.8  94.1919331273
 16.7  19.9  15.9  106.817163602
 16.7  20.0  16.0  120.078430934
 16.7  20.1  16.1  133.970201287
 16.7  20.2  16.2  148.482043371
 16.7  20.3  16.3  163.598599291
 16.6  20.4  16.4  179.299594227
 16.6  20.5  16.5  195.559885038
 16.6  20.5  16.6  212.349547521
 16.6  20.6  16.7  229.634001749
 16.6  20.7  16.8  247.374174596
 16.5  20.8  16.9  265.526698215
 16.5  20.9  17.0  284.044142963
 16.5  21.0  17.1  302.875282954
 16.5  21.1  17.2  321.965392158
 16.5  21.2  17.3  341.256568714
 16.4  21.3  17.4  360.688084876
 16.4  21.4  17.5  380.196759809
 16.4  21.5  17.6  399.717352264
 16.4  21.6  17.7  419.182970005
 16.4  21.7  17.8  438.525492709
 16.3  21.8  17.9  457.676004981
 16.3  21.9  18.0  476.565236026
 16.3  22.0  18.1  495.1240025
 16.3  22.1  18.2  513.283651015
 16.3  22.2  18.3  530.976496821
 16.2  22.3  18.4  548.136255216
 16.2  22.4  18.5  564.698462302
 16.2  22.5  18.6  580.600881831
 16.2  22.6  18.7  595.783895003
 16.2  22.7  18.8  610.190870231
 16.1  22.8  18.9  623.768510084
 16.1  22.9  19.0  636.467172819
 16.1  23.0  19.1  648.241166136
 16.1  23.1  19.2  659.04901105
 16.1  23.2  19.3  668.853674023
 16.0  23.3  19.4  677.622765781
 16.0  23.4  19.5  685.328705547
 16.0  23.5  19.6  691.948849696
 16.0  23.6  19.7  697.465584154
 16.0  23.7  19.8  701.866380188
 15.9  23.8  19.9  705.143813517
 15.9  23.9  20.0  707.295547006
 15.9  24.0  20.1  708.324277494
 15.9  24.1  20.2  708.237647621
 15.8  24.2  20.3  707.048123785
 15.8  24.3  20.4  704.772841656
 15.8  24.4  20.5  701.433420918
 15.8  24.5  20.6  697.055751163
 15.8  24.6  20.7  691.669751081
 15.7  24.7  20.8  685.309103295
 15.7  24.8  20.9  678.010967365
 15.7  24.9  21.0  669.815673646
 15.7  25.0  21.1  660.766400824
 15.7  25.1  21.2  650.908840028
 15.6  25.1  21.3  640.290848539
 15.6  25.2  21.4  628.962096116
 15.6  25.3  21.5  616.973707024
 15.6  25.4  21.6  604.377900819
 15.6  25.5  21.7  591.227634902
 15.5  25.6  21.8  577.57625183
 15.5  25.7  21.9  563.477134237
 15.5  25.8  22.0  548.983370144
 15.5  25.9  22.1  534.147431279
 15.5  26.0  22.2  519.020866871
 15.4  26.1  22.3  503.654015211
 15.4  26.2  22.4  488.095735059
 15.4  26.3  22.5  472.393158777
 15.4  26.4  22.6  456.591468816
 15.4  26.5  22.7  440.733698966
 15.3  26.6  22.8  424.860561494
 15.3  26.7  22.9  409.010301065
 15.3  26.8  23.0  393.218576044
 15.3  26.9  23.1  377.518367544
 15.3  27.0  23.2  361.939916264
 15.2  27.1  23.3  346.510686955
 15.2  27.2  23.4  331.255360041
 15.2  27.3  23.5  316.195849698
 15.2  27.4  23.6  301.351347428
 15.2  27.5  23.7  286.73838996
 15.1  27.6  23.8  272.370950068
 15.1  27.7  23.9  258.260548709
 15.1  27.8  24.0  244.416386689
 15.1  27.9  24.1  230.84549393
 15.1  28.0  24.2  217.552894231
 15.0  28.1  24.3  204.541783319
 15.0  28.2  24.4  191.813717902
 15.0  28.3  24.5  179.368813332
 15.0  28.4  24.6  167.205947465
 14.9  28.5  24.7  155.322968278
 14.9  28.6  24.8  143.716902798
 14.9  28.7  24.9  132.384164932
 14.9  28.8  25.0  121.320759849
 14.9  28.9  25.1  110.52248261
 14.8  29.0  25.2  99.9851088889
 14.8  29.1  25.3  89.7045756939
 14.8  29.2  25.4  79.6771501851
 14.8  29.3  25.5  69.8995848143
 14.8  29.4  25.6  60.3692572011
 14.7  29.5  25.7  51.084293349
 14.7  29.6  25.8  42.0436730072
 14.7  29.7  25.9  33.2473162019
 14.7  29.8  26.0  24.6961501818
 14.7  29.8  26.1  16.3921562543
 14.6  29.9  26.2  8.33839622321
 14.6  30.0  26.3  0.539018372068
 14.6  30.1  26.4 -7.00075682509
 14.6  30.2  26.5 -14.2746708551
 14.6  30.3  26.6 -21.2754805414
 14.5  30.4  26.7 -27.9950297893
 14.5  30.5  26.8 -34.4243386388
 14.5  30.6  26.9 -40.5537083659
 14.5  30.7  27.0 -46.3728411966
 14.5  30.8  27.1 -51.8709730263
 14.4  30.9  27.2 -57.0370173987
 14.4  31.0  27.3 -61.8597188614
 14.4  31.1  27.4 -66.3278137174
 14.4  31.2  27.5 -70.4301960978
 14.4  31.3  27.6 -74.1560872245
 14.3  31.4  27.7 -77.4952056883
 14.3  31.5  27.8 -80.437936552
 14.3  31.6  27.9 -82.9754970972
 14.3  31.7  28.0 -85.1000970637
 14.3  31.8  28.1 -86.8050912831
 14.2  31.9  28.2 -88.08512269
 14.2  32.0  28.3 -88.9362537892
 14.2  32.1  28.4 -89.3560847798
 14.2  32.2  28.5 -89.343856678
 14.2  32.3  28.6 -88.9005379383
 14.1  32.4  28.7 -88.0288932479
 14.1  32.5  28.8 -86.7335333606
 14.1  32.6  28.9 -85.0209450414
 14.1  32.7  29.0 -82.8995004046
 14.0  32.8  29.1 -80.3794451558
 14.0  32.9  29.2 -77.4728654765
 14.0  33.0  29.3 -74.1936335242
 14.0  33.1  29.4 -70.5573317603
 14.0  33.2  29.5 -66.581156551
 13.9  33.3  29.6 -62.2838017213
 13.9  33.4  29.7 -57.6853229701
 13.9  33.5  29.8 -52.8069842743
 13.9  33.6  29.9 -47.6710876188
 13.9  33.7  30.0 -42.3007875894
 13.8  33.8  30.1 -36.7198925479
 13.8  33.9  30.2 -30.9526542756
 13.8  34.0  30.3 -25.0235481235
 13.8  34.1  30.4 -18.9570458336
 13.8  34.2  30.5 -12.7773833077
 13.7  34.3  30.6 -6.508325686
 13.7  34.4  30.7 -0.172932158
 13.7  34.4  30.8  6.20667702801
 13.7  34.5  30.9  12.6095488803
 13.7  34.6  31.0  19.0161188356
 13.6  34.7  31.1  25.4084223568
 13.6  34.8  31.2  31.7702945841
 13.6  34.9  31.3  38.0875557555
 13.6  35.0  31.4  44.3481802182
 13.6  35.1  31.5  50.5424469876
 13.5  35.2  31.6  56.6630699628
 13.5  35.3  31.7  62.705306081
 13.5  35.4  31.8  68.6670398896
 13.5  35.5  31.9  74.5488432215
 13.5  35.6  32.0  80.3540088883
 13.4  35.7  32.1  86.0885575428
 13.4  35.8  32.2  91.7612171139
 13.4  35.9  32.3  97.3833744742
 13.4  36.0  32.4  102.968999267
 13.4  36.1  32.5  108.534540089
 13.3  36.2  32.6  114.098793489
 13.3  36.3  32.7  119.682746519
 13.3  36.4  32.8  125.309393842
 13.3  36.5  32.9  131.003530635
 13.3  36.6  33.0  136.791522809
 13.2  36.7  33.1  142.701056282
 13.2  36.8  33.2  148.760867263
 13.2  36.9  33.3  155.000455734
 13.2  37.0  33.4  161.449784481
 13.1  37.1  33.5  168.138966204
 13.1  37.2  33.6  175.097941393
 13.1  37.3  33.7  182.35614977
 13.1  37.4  33.8  189.94219818
 13.1  37.5  33.9  197.883527934
 13.0  37.6  34.0  206.206084598
 13.0  37.7  34.1  214.933993278
 13.0  37.8  34.2  224.089242426
 13.0  37.9  34.3  233.691379164
 13.0  38.0  34.4  243.757219037
 12.9  38.1  34.5  254.300573053
 12.9  38.2  34.6  265.331994699
 12.9  38.3  34.7  276.858549521
 12.9  38.4  34.8  288.883609652
 12.9  38.5  34.9  301.406675513
 12.8  38.6  35.0  314.42322665
 12.8  38.7  35.1  327.924603487
 12.8  38.8  35.2  341.897921488
 12.8  38.9  35.3  356.32601895
 12.8  39.0  35.4  371.1874394
 12.7  39.0  35.5  386.456449233
 12.7  39.1  35.6  402.103090957
 12.7  39.2  35.7  418.093272095
 12.7  39.3  35.8  434.388889474
 12.7  39.4  35.9  450.94798834
 12.6  39.5  36.0  467.724955412
 12.6  39.6  36.1  484.670744699
 12.6  39.7  36.2  501.733134597
 12.6  39.8  36.3  518.857014521
 12.6  39.9  36.4  535.984699033
 12.5  40.0  36.5  553.056267189
 12.5  40.1  36.6  570.009924591
 12.5  40.2  36.7  586.782385417
 12.5  40.3  36.8  603.309271498
 12.5  40.4  36.9  619.525525358
 12.4  40.5  37.0  635.365833995
 12.4  40.6  37.1  650.765060044
 12.4  40.7  37.2  665.658676899
 12.4  40.8  37.3  679.983204313
 12.4  40.9  37.4  693.676640962
 12.3  41.0  37.5  706.678890461
 12.3  41.1  37.6  718.93217737
 12.3  41.2  37.7  730.38144978
 12.3  41.3  37.8  740.974765165
 12.2  41.4  37.9  750.663656322
 12.2  41.5  38.0  759.403474359
 12.2  41.6  38.1  767.153705882
 12.2  41.7  38.2  773.878261723
 12.2  41.8  38.3  779.545734805
 12.1  41.9  38.4  784.129624948
 12.1  42.0  38.5  787.608528741
 12.1  42.1  38.6  789.966292848
 12.1  42.2  38.7  791.192129433
 12.1  42.3  38.8  791.280692721
 12.0  42.4  38.9  790.232115997
 12.0  42.5  39.0  788.052008706
 12.0  42.6  39.1  784.751413638
 12.0  42.7  39.2  780.346724509
 12.0  42.8  39.3  774.859564596
 11.9  42.9  39.4  768.31662739
 11.9  43.0  39.5  760.749480571
 11.9  43.1  39.6  752.194334893
 11.9  43.2  39.7  742.691779883
 11.9  43.3  39.8  732.286488512
 11.8  43.4  39.9  721.026893275
 11.8  43.5  40.0  708.964836346
 11.8  43.6  40.1  696.155196677
 11.8  43.7  40.2  682.655497128
 11.8  43.7  40.3  668.525494843
 11.7  43.8  40.4  653.826758248
 11.7  43.9  40.5  638.622234148
 11.7  44.0  40.6  622.975808455
 11.7  44.1  40.7  606.951864157
 11.7  44.2  40.8  590.614840116
 11.6  44.3  40.9  574.028794301
 11.6  44.4  41.0  557.256974973
 11.6  44.5  41.1  540.36140329
 11.6  44.6  41.2  523.402470684
 11.6  44.7  41.3  506.438554207
 11.5  44.8  41.4  489.525652891
 11.5  44.9  41.5  472.717047975
 11.5  45.0  41.6  456.062989627
 11.5  45.1  41.7  439.610412548
 11.5  45.2  41.8  423.402682594
 11.4  45.3  41.9  407.479376269
 11.4  45.4  42.0  391.876094645
 11.4  45.5  42.1  376.624312956
 11.4  45.6  42.2  361.751266824
 11.3  45.7  42.3  347.279875692
 11.3  45.8  42.4  333.228703788
 11.3  45.9  42.5  319.611958544
 11.3  46.0  42.6  306.439526114
 11.3  46.1  42.7  293.71704328
 11.2  46.2  42.8  281.446004747
 11.2  46.3  42.9  269.623904501
 11.2  46.4  43.0  258.24440961
 11.2  46.5  43.1  247.297564591
 11.2  46.6  43.2  236.770024187
 11.1  46.7  43.3  226.645312169
 11.1  46.8  43.4  216.904103543
 11.1  46.9  43.5  207.52452739
 11.1  47.0  43.6  198.482487345
 11.1  47.1  43.7  189.75199663
 11.0  47.2  43.8  181.305524415
 11.0  47.3  43.9  173.114350214
 11.0  47.4  44.0  165.148922964
 11.0  47.5  44.1  157.379221423
 11.0  47.6  44.2  149.775112514
 10.9  47.7  44.3  142.306704315
 10.9  47.8  44.4  134.944690423
 10.9  47.9  44.5  127.660682558
 10.9  48.0  44.6  120.427528376
 10.9  48.1  44.7  113.219611619
 10.8  48.2  44.8  106.013131924
 10.8  48.3  44.9  98.786361795
 10.8  48.3  45.0  91.5198784846
 10.8  48.4  45.1  84.1967687657
 10.8  48.5  45.2  76.8028048492
 10.7  48.6  45.3  69.3265899681
 10.7  48.7  45.4  61.7596724462
 10.7  48.8  45.5  54.0966273692
 10.7  48.9  45.6  46.3351052791
 10.7  49.0  45.7  38.4758476273
 10.6  49.1  45.8  30.5226690325
 10.6  49.2  45.9  22.482406699
 10.6  49.3  46.0  14.36483766
 10.6  49.4  46.1  6.18256480458
 10.6  49.5  46.2 -2.04912705935
 10.5  49.6  46.3 -10.3124435805
 10.5  49.7  46.4 -18.5872798914
 10.5  49.8  46.5 -26.8514442557
 10.5  49.9  46.6 -35.0809040812
 10.5  50.0  46.7 -43.2500518418
 10.4  50.1  46.8 -51.3319882718
 10.4  50.2  46.9 -59.2988200443
 10.4  50.3  47.0 -67.1219690148
 10.4  50.4  47.1 -74.7724900151
 10.3  50.5  47.2 -82.2213941071
 10.3  50.6  47.3 -89.4399741661
 10.3  50.7  47.4 -96.4001296478
 10.3  50.8  47.5 -103.07468741
 10.3  50.9  47.6 -109.437715506
 10.2  51.0  47.7 -115.464826928
 10.2  51.1  47.8 -121.133470411
 10.2  51.2  47.9 -126.423205485
 10.2  51.3  48.0 -131.315959167
 10.2  51.4  48.1 -135.796261829
 10.1  51.5  48.2 -139.851459992
 10.1  51.6  48.3 -143.471904002
 10.1  51.7  48.4 -146.651108799
 10.1  51.8  48.5 -149.385886231
 10.1  51.9  48.6 -151.676447636
 10.0  52.0  48.7 -153.526475688
 10.0  52.1  48.8 -154.94316481
 10.0  52.2  48.9 -155.937229709
 10.0  52.3  49.0 -156.522881938
 10.0  52.4  49.1 -156.717774624
 9.9  52.5  49.2 -156.542915861
 9.9  52.6  49.3 -156.022551486
 9.9  52.7  49.4 -155.184018295
 9.9  52.8  49.5 -154.057568997
 9.9  52.9  49.6 -152.676170449
 9.8  52.9  49.7 -151.075276996
 9.8  53.0  49.8 -149.292580925
 9.8  53.1  49.9 -147.367742269
 9.8  53.2  50.0 -145.342100375
