x z_lower ED_lower z_upper ED_upper
-145.0 -20.3  754.1  20.3  754.1
-144.0 -20.2  766.0  20.5  740.9
-143.0 -19.9  775.6  20.8  727.1
-142.0 -19.8  782.7  20.9  713.7
-141.0 -19.6  786.5  21.2  701.8
-140.0 -19.4  787.2  21.5  692.2
-139.0 -19.3  784.8  21.7  685.5
-138.0 -19.0  779.7  22.0  681.9
-137.0 -18.9  772.5  22.2  681.3
-136.0 -18.6  764.1  22.5  683.3
-135.0 -18.4  755.4  22.8  687.3
-134.0 -18.2  747.3  23.0  692.3
-133.0 -17.8  741.3  23.2  697.5
-132.0 -17.6  737.8  23.4  702.1
-131.0 -17.3  737.8  23.6  705.6
-130.0 -16.9  741.1  23.9  707.6
-129.0 -16.7  747.4  24.0  708.4
-128.0 -16.3  756.1  24.3  707.9
-127.0 -16.1  766.3  24.5  706.6
-126.0 -15.9  777.0  24.6  705.2
-125.0 -15.6  787.4  24.9  704.3
-124.0 -15.4  796.7  25.1  704.5
-123.0 -15.2  804.6  25.4  706.3
-122.0 -15.0  810.8  25.6  709.9
-121.0 -14.9  814.7  25.7  715.4
-120.0 -14.6  816.9  26.0  722.5
-119.0 -14.5  817.0  26.2  730.3
-118.0 -14.2  815.8  26.4  738.1
-117.0 -14.1  813.0  26.6  745.1
-116.0 -13.9  809.4  26.7  750.3
-115.0 -13.6  804.8  26.9  752.9
-114.0 -13.5  800.0  27.0  752.4
-113.0 -13.3  794.7  27.1  748.5
-112.0 -13.1  789.2  27.3  741.1
-111.0 -12.9  783.6  27.3  730.5
-110.0 -12.7  777.8  27.5  717.1
-109.0 -12.5  771.9  27.6  701.4
-108.0 -12.4  765.7  27.7  684.2
-107.0 -12.1  759.2  27.8  666.6
-106.0 -12.0  752.5  27.9  649.2
-105.0 -11.7  745.3  28.1  632.7
-104.0 -11.6  738.0  28.2  617.7
-103.0 -11.5  730.4  28.2  604.8
-102.0 -11.3  722.5  28.4  593.8
-101.0 -11.1  714.4  28.4  584.5
-100.0 -10.9  706.3  28.6  576.5
-99.0 -10.8  698.0  28.5  569.3
-98.0 -10.7  689.5  28.6  562.1
-97.0 -10.6  680.6  28.6  554.4
-96.0 -10.5  671.3  28.4  545.9
-95.0 -10.4  661.2  28.3  536.4
-94.0 -10.3  650.1  28.1  526.1
-93.0 -10.2  637.9  27.9  515.5
-92.0 -10.3  624.3  27.6  504.6
-91.0 -10.2  609.3  27.4  493.2
-90.0 -10.2  592.8  27.1  480.7
-89.0 -10.3  574.8  26.9  465.8
-88.0 -10.3  555.8  26.7  447.4
-87.0 -10.5  536.0  26.4  424.9
-86.0 -10.7  516.2  26.2  397.6
-85.0 -10.9  496.9  26.0  365.8
-84.0 -11.2  478.6  25.6  330.4
-83.0 -11.5  461.5  24.9  293.8
-82.0 -11.8  445.0  23.5  266.2
-81.0 -12.1  428.7  22.4  256.0
-80.0 -12.4  411.9  21.8  252.9
-79.0 -12.8  394.1  21.2  250.8
-78.0 -13.2  375.5  20.7  247.7
-77.0 -13.7  356.7  20.1  243.9
-76.0 -14.4  339.4  18.9  243.3
-75.0 -15.0  324.3  17.7  253.2
-74.0 -15.6  310.7  17.0  267.8
-73.0 -16.1  297.0  16.5  282.8
-72.0 -16.5  282.8  16.1  297.0
-71.0 -17.0  267.8  15.6  310.7
-70.0 -17.7  253.2  15.0  324.3
-69.0 -18.9  243.3  14.4  339.4
-68.0 -20.1  243.9  13.7  356.7
-67.0 -20.7  247.7  13.2  375.5
-66.0 -21.2  250.8  12.8  394.1
-65.0 -21.8  252.9  12.4  411.9
-64.0 -22.4  256.0  12.1  428.7
-63.0 -23.5  266.2  11.8  445.0
-62.0 -24.9  293.8  11.5  461.5
-61.0 -25.6  330.4  11.2  478.6
-60.0 -26.0  365.8  10.9  496.9
-59.0 -26.2  397.6  10.7  516.2
-58.0 -26.4  424.9  10.5  536.0
-57.0 -26.7  447.4  10.3  555.8
-56.0 -26.9  465.8  10.3  574.8
-55.0 -27.1  480.7  10.2  592.8
-54.0 -27.4  493.2  10.2  609.3
-53.0 -27.6  504.6  10.3  624.3
-52.0 -27.9  515.5  10.2  637.9
-51.0 -28.1  526.1  10.3  650.1
-50.0 -28.3  536.4  10.4  661.2
-49.0 -28.4  545.9  10.5  671.3
-48.0 -28.6  554.4  10.6  680.6
-47.0 -28.6  562.1  10.7  689.5
-46.0 -28.5  569.3  10.8  698.0
-45.0 -28.6  576.5  10.9  706.3
-44.0 -28.4  584.5  11.1  714.4
-43.0 -28.4  593.8  11.3  722.5
-42.0 -28.2  604.8  11.5  730.4
-41.0 -28.2  617.7  11.6  738.0
-40.0 -28.1  632.7  11.7  745.3
-39.0 -27.9  649.2  12.0  752.5
-38.0 -27.8  666.6  12.1  759.2
-37.0 -27.7  684.2  12.4  765.7
-36.0 -27.6  701.4  12.5  771.9
-35.0 -27.5  717.1  12.7  777.8
-34.0 -27.3  730.5  12.9  783.6
-33.0 -27.3  741.1  13.1  789.2
-32.0 -27.1  748.5  13.3  794.7
-31.0 -27.0  752.4  13.5  800.0
-30.0 -26.9  752.9  13.6  804.8
-29.0 -26.7  750.3  13.9  809.4
-28.0 -26.6  745.1  14.1  813.0
-27.0 -26.4  738.1  14.2  815.8
-26.0 -26.2  730.3  14.5  817.0
-25.0 -26.0  722.5  14.6  816.9
-24.0 -25.7  715.4  14.9  814.7
-23.0 -25.6  709.9  15.0  810.8
-22.0 -25.4  706.3  15.2  804.6
-21.0 -25.1  704.5  15.4  796.7
-20.0 -24.9  704.3  15.6  787.4
-19.0 -24.6  705.2  15.9  777.0
-18.0 -24.5  706.6  16.1  766.3
-17.0 -24.3  707.9  16.3  756.1
-16.0 -24.0  708.4  16.7  747.4
-15.0 -23.9  707.6  16.9  741.1
-14.0 -23.6  705.6  17.3  737.8
-13.0 -23.4  702.1  17.6  737.8
-12.0 -23.2  697.5  17.8  741.3
-11.0 -23.0  692.3  18.2  747.3
-10.0 -22.8  687.3  18.4  755.4
-9.0 -22.5  683.3  18.6  764.1
-8.0 -22.2  681.3  18.9  772.5
-7.0 -22.0  681.9  19.0  779.7
-6.0 -21.7  685.5  19.3  784.8
-5.0 -21.5  692.2  19.4  787.2
-4.0 -21.2  701.8  19.6  786.5
-3.0 -20.9  713.7  19.8  782.7
-2.0 -20.8  727.1  19.9  775.6
-1.0 -20.5  740.9  20.2  766.0
 0.0 -20.3  754.1  20.3  754.1
 1.0 -20.2  766.0  20.5  740.9
 2.0 -19.9  775.6  20.8  727.1
 3.0 -19.8  782.7  20.9  713.7
 4.0 -19.6  786.5  21.2  701.8
 5.0 -19.4  787.2  21.5  692.2
 6.0 -19.3  784.8  21.7  685.5
 7.0 -19.0  779.7  22.0  681.9
 8.0 -18.9  772.5  22.2  681.3
 9.0 -18.6  764.1  22.5  683.3
 10.0 -18.4  755.4  22.8  687.3
 11.0 -18.2  747.3  23.0  692.3
 12.0 -17.8  741.3  23.2  697.5
 13.0 -17.6  737.8  23.4  702.1
 14.0 -17.3  737.8  23.6  705.6
 15.0 -16.9  741.1  23.9  707.6
 16.0 -16.7  747.4  24.0  708.4
 17.0 -16.3  756.1  24.3  707.9
 18.0 -16.1  766.3  24.5  706.6
 19.0 -15.9  777.0  24.6  705.2
 20.0 -15.6  787.4  24.9  704.3
 21.0 -15.4  796.7  25.1  704.5
 22.0 -15.2  804.6  25.4  706.3
 23.0 -15.0  810.8  25.6  709.9
 24.0 -14.9  814.7  25.7  715.4
 25.0 -14.6  816.9  26.0  722.5
 26.0 -14.5  817.0  26.2  730.3
 27.0 -14.2  815.8  26.4  738.1
 28.0 -14.1  813.0  26.6  745.1
 29.0 -13.9  809.4  26.7  750.3
 30.0 -13.6  804.8  26.9  752.9
 31.0 -13.5  800.0  27.0  752.4
 32.0 -13.3  794.7  27.1  748.5
 33.0 -13.1  789.2  27.3  741.1
 34.0 -12.9  783.6  27.3  730.5
 35.0 -12.7  777.8  27.5  717.1
 36.0 -12.5  771.9  27.6  701.4
 37.0 -12.4  765.7  27.7  684.2
 38.0 -12.1  759.2  27.8  666.6
 39.0 -12.0  752.5  27.9  649.2
 40.0 -11.7  745.3  28.1  632.7
 41.0 -11.6  738.0  28.2  617.7
 42.0 -11.5  730.4  28.2  604.8
 43.0 -11.3  722.5  28.4  593.8
 44.0 -11.1  714.4  28.4  584.5
 45.0 -10.9  706.3  28.6  576.5
 46.0 -10.8  698.0  28.5  569.3
 47.0 -10.7  689.5  28.6  562.1
 48.0 -10.6  680.6  28.6  554.4
 49.0 -10.5  671.3  28.4  545.9
 50.0 -10.4  661.2  28.3  536.4
 51.0 -10.3  650.1  28.1  526.1
 52.0 -10.2  637.9  27.9  515.5
 53.0 -10.3  624.3  27.6  504.6
 54.0 -10.2  609.3  27.4  493.2
 55.0 -10.2  592.8  27.1  480.7
 56.0 -10.3  574.8  26.9  465.8
 57.0 -10.3  555.8  26.7  447.4
 58.0 -10.5  536.0  26.4  424.9
 59.0 -10.7  516.2  26.2  397.6
 60.0 -10.9  496.9  26.0  365.8
 61.0 -11.2  478.6  25.6  330.4
 62.0 -11.5  461.5  24.9  293.8
 63.0 -11.8  445.0  23.5  266.2
 64.0 -12.1  428.7  22.4  256.0
 65.0 -12.4  411.9  21.8  252.9
 66.0 -12.8  394.1  21.2  250.8
 67.0 -13.2  375.5  20.7  247.7
 68.0 -13.7  356.7  20.1  243.9
 69.0 -14.4  339.4  18.9  243.3
 70.0 -15.0  324.3  17.7  253.2
 71.0 -15.6  310.7  17.0  267.8
 72.0 -16.1  297.0  16.5  282.8
 73.0 -16.5  282.8  16.1  297.0
 74.0 -17.0  267.8  15.6  310.7
 75.0 -17.7  253.2  15.0  324.3
 76.0 -18.9  243.3  14.4  339.4
 77.0 -20.1  243.9  13.7  356.7
 78.0 -20.7  247.7  13.2  375.5
 79.0 -21.2  250.8  12.8  394.1
 80.0 -21.8  252.9  12.4  411.9
 81.0 -22.4  256.0  12.1  428.7
 82.0 -23.5  266.2  11.8  445.0
 83.0 -24.9  293.8  11.5  461.5
 84.0 -25.6  330.4  11.2  478.6
 85.0 -26.0  365.8  10.9  496.9
 86.0 -26.2  397.6  10.7  516.2
 87.0 -26.4  424.9  10.5  536.0
 88.0 -26.7  447.4  10.3  555.8
 89.0 -26.9  465.8  10.3  574.8
 90.0 -27.1  480.7  10.2  592.8
 91.0 -27.4  493.2  10.2  609.3
 92.0 -27.6  504.6  10.3  624.3
 93.0 -27.9  515.5  10.2  637.9
 94.0 -28.1  526.1  10.3  650.1
 95.0 -28.3  536.4  10.4  661.2
 96.0 -28.4  545.9  10.5  671.3
 97.0 -28.6  554.4  10.6  680.6
 98.0 -28.6  562.1  10.7  689.5
 99.0 -28.5  569.3  10.8  698.0
 100.0 -28.6  576.5  10.9  706.3
 101.0 -28.4  584.5  11.1  714.4
 102.0 -28.4  593.8  11.3  722.5
 103.0 -28.2  604.8  11.5  730.4
 104.0 -28.2  617.7  11.6  738.0
 105.0 -28.1  632.7  11.7  745.3
 106.0 -27.9  649.2  12.0  752.5
 107.0 -27.8  666.6  12.1  759.2
 108.0 -27.7  684.2  12.4  765.7
 109.0 -27.6  701.4  12.5  771.9
 110.0 -27.5  717.1  12.7  777.8
 111.0 -27.3  730.5  12.9  783.6
 112.0 -27.3  741.1  13.1  789.2
 113.0 -27.1  748.5  13.3  794.7
 114.0 -27.0  752.4  13.5  800.0
 115.0 -26.9  752.9  13.6  804.8
 116.0 -26.7  750.3  13.9  809.4
 117.0 -26.6  745.1  14.1  813.0
 118.0 -26.4  738.1  14.2  815.8
 119.0 -26.2  730.3  14.5  817.0
 120.0 -26.0  722.5  14.6  816.9
 121.0 -25.7  715.4  14.9  814.7
 122.0 -25.6  709.9  15.0  810.8
 123.0 -25.4  706.3  15.2  804.6
 124.0 -25.1  704.5  15.4  796.7
 125.0 -24.9  704.3  15.6  787.4
 126.0 -24.6  705.2  15.9  777.0
 127.0 -24.5  706.6  16.1  766.3
 128.0 -24.3  707.9  16.3  756.1
 129.0 -24.0  708.4  16.7  747.4
 130.0 -23.9  707.6  16.9  741.1
 131.0 -23.6  705.6  17.3  737.8
 132.0 -23.4  702.1  17.6  737.8
 133.0 -23.2  697.5  17.8  741.3
 134.0 -23.0  692.3  18.2  747.3
 135.0 -22.8  687.3  18.4  755.4
 136.0 -22.5  683.3  18.6  764.1
 137.0 -22.2  681.3  18.9  772.5
 138.0 -22.0  681.9  19.0  779.7
 139.0 -21.7  685.5  19.3  784.8
 140.0 -21.5  692.2  19.4  787.2
 141.0 -21.2  701.8  19.6  786.5
 142.0 -20.9  713.7  19.8  782.7
 143.0 -20.8  727.1  19.9  775.6
 144.0 -20.5  740.9  20.2  766.0
 145.0 -20.3  754.1  20.3  754.1
