x z dist ED
 50.0  39.0  0.0 -87.9500260167
 51.0  38.5 -1.1 -110.741716575
 52.0  38.0 -2.3 -131.849577791
 53.0  37.4 -3.4 -148.183811118
 54.0  36.9 -4.5 -158.627431926
 55.0  36.4 -5.6 -164.182855534
 56.0  35.9 -6.8 -167.018271852
 57.0  35.3 -7.9 -169.045061814
 58.0  34.8 -9.0 -170.818553575
 59.0  34.3 -10.2 -171.310471157
 60.0  33.8 -11.3 -168.605157143
 61.0  33.2 -12.4 -161.089886869
 62.0  32.7 -13.6 -148.48386515
 63.0  32.2 -14.7 -132.177521913
 64.0  31.6 -15.8 -114.744804867
 65.0  31.1 -16.9 -98.9275086152
 66.0  30.6 -18.1 -86.6424592318
 67.0  30.1 -19.2 -78.5082182477
 68.0  29.5 -20.3 -74.0733907281
 69.0  29.0 -21.5 -72.5352613714
 70.0  28.5 -22.6 -73.4819089326
 71.0  28.0 -23.7 -77.2078713114
 72.0  27.4 -24.8 -84.425204381
 73.0  26.9 -26.0 -95.5607367074
 74.0  26.4 -27.1 -110.086410195
 75.0  25.9 -28.2 -126.325895097
 76.0  25.4 -29.4 -141.914811969
 77.0  24.8 -30.5 -154.709329439
 78.0  24.3 -31.6 -163.654360865
 79.0  23.8 -32.8 -169.106269922
 80.0  23.2 -33.9 -172.381368278
 81.0  22.7 -35.0 -174.732687369
 82.0  22.2 -36.1 -176.310142746
 83.0  21.7 -37.3 -175.727391152
 84.0  21.1 -38.4 -170.578565056
 85.0  20.6 -39.5 -158.742245378
 86.0  20.1 -40.7 -139.834566102
 87.0  19.6 -41.8 -115.990410983
 88.0  19.1 -42.9 -91.3907936922
 89.0  18.5 -44.0 -70.5344192107
 90.0  18.0 -45.2 -55.9064158565
