x z dist ED
 49.7 -44.5 -50.0 -256.59468052
 49.8 -44.4 -49.9 -251.564280058
 49.8 -44.3 -49.8 -246.872446534
 49.9 -44.2 -49.7 -242.514703811
 49.9 -44.2 -49.6 -238.485684006
 50.0 -44.1 -49.5 -234.779164374
 50.0 -44.0 -49.4 -231.388106542
 50.0 -43.9 -49.3 -228.304697907
 50.1 -43.8 -49.2 -225.520394992
 50.1 -43.7 -49.1 -223.025968585
 50.2 -43.6 -49.0 -220.811550432
 50.2 -43.5 -48.9 -218.86668129
 50.3 -43.4 -48.8 -217.18036013
 50.3 -43.4 -48.7 -215.741094265
 50.4 -43.3 -48.6 -214.536950195
 50.4 -43.2 -48.5 -213.555604954
 50.5 -43.1 -48.4 -212.784397738
 50.5 -43.0 -48.3 -212.210381604
 50.5 -42.9 -48.2 -211.820375025
 50.6 -42.8 -48.1 -211.601013091
 50.6 -42.7 -48.0 -211.53879816
 50.7 -42.6 -47.9 -211.62014974
 50.7 -42.6 -47.8 -211.831453432
 50.8 -42.5 -47.7 -212.159108718
 50.8 -42.4 -47.6 -212.589575444
 50.9 -42.3 -47.5 -213.109418792
 50.9 -42.2 -47.4 -213.70535261
 51.0 -42.1 -47.3 -214.364280913
 51.0 -42.0 -47.2 -215.073337437
 51.0 -41.9 -47.1 -215.819923098
 51.1 -41.8 -47.0 -216.591741229
 51.1 -41.8 -46.9 -217.376830494
 51.2 -41.7 -46.8 -218.163595377
 51.2 -41.6 -46.7 -218.940834145
 51.3 -41.5 -46.6 -219.69776423
 51.3 -41.4 -46.5 -220.42404495
 51.4 -41.3 -46.4 -221.109797533
 51.4 -41.2 -46.3 -221.745622396
 51.5 -41.1 -46.2 -222.322613664
 51.5 -41.0 -46.1 -222.832370917
 51.5 -40.9 -46.0 -223.267008166
 51.6 -40.9 -45.9 -223.619160075
 51.6 -40.8 -45.8 -223.881985462
 51.7 -40.7 -45.7 -224.04916811
 51.7 -40.6 -45.6 -224.114914953
 51.8 -40.5 -45.5 -224.073951703
 51.8 -40.4 -45.4 -223.921515978
 51.9 -40.3 -45.3 -223.653348047
 51.9 -40.2 -45.2 -223.265679265
 52.0 -40.1 -45.1 -222.755218324
 52.0 -40.1 -45.0 -222.119135435
 52.0 -40.0 -44.9 -221.35504456
 52.1 -39.9 -44.8 -220.460983849
 52.1 -39.8 -44.7 -219.435394396
 52.2 -39.7 -44.6 -218.277097502
 52.2 -39.6 -44.5 -216.985270567
 52.3 -39.5 -44.4 -215.559421787
 52.3 -39.4 -44.3 -213.999363834
 52.4 -39.3 -44.2 -212.305186661
 52.4 -39.3 -44.1 -210.47722963
 52.5 -39.2 -44.0 -208.516053122
 52.5 -39.1 -43.9 -206.422409817
 52.5 -39.0 -43.8 -204.197215803
 52.6 -38.9 -43.7 -201.841521708
 52.6 -38.8 -43.6 -199.356484015
 52.7 -38.7 -43.5 -196.743336737
 52.7 -38.6 -43.4 -194.00336362
 52.8 -38.5 -43.3 -191.137871042
 52.8 -38.5 -43.2 -188.148161757
 52.9 -38.4 -43.1 -185.03550965
 52.9 -38.3 -43.0 -181.801135647
 53.0 -38.2 -42.9 -178.446184917
 53.0 -38.1 -42.8 -174.971705507
 53.0 -38.0 -42.7 -171.378628532
 53.1 -37.9 -42.6 -167.667750029
 53.1 -37.8 -42.5 -163.839714602
 53.2 -37.7 -42.4 -159.895000928
 53.2 -37.7 -42.3 -155.83390924
 53.3 -37.6 -42.2 -151.65655084
 53.3 -37.5 -42.1 -147.36283972
 53.4 -37.4 -42.0 -142.952486337
 53.4 -37.3 -41.9 -138.424993596
 53.5 -37.2 -41.8 -133.779655056
 53.5 -37.1 -41.7 -129.015555386
 53.5 -37.0 -41.6 -124.13157308
 53.6 -36.9 -41.5 -119.126385416
 53.6 -36.9 -41.4 -113.998475651
 53.7 -36.8 -41.3 -108.74614241
 53.7 -36.7 -41.2 -103.367511239
 53.8 -36.6 -41.1 -97.8605482631
 53.8 -36.5 -41.0 -92.2230758852
 53.9 -36.4 -40.9 -86.4527904451
 53.9 -36.3 -40.8 -80.5472817613
 54.0 -36.2 -40.7 -74.5040544515
 54.0 -36.1 -40.6 -68.3205509256
 54.1 -36.1 -40.5 -61.9941759379
 54.1 -36.0 -40.4 -55.5223225696
 54.1 -35.9 -40.3 -48.9023995113
 54.2 -35.8 -40.2 -42.1318595023
 54.2 -35.7 -40.1 -35.2082287802
 54.3 -35.6 -40.0 -28.1291373856
 54.3 -35.5 -39.9 -20.8923501631
 54.4 -35.4 -39.8 -13.4957982933
 54.4 -35.3 -39.7 -5.93761118826
 54.5 -35.3 -39.6  1.78385142198
 54.5 -35.2 -39.5  9.66996738532
 54.6 -35.1 -39.4  17.7218201815
 54.6 -35.0 -39.3  25.9401673106
 54.6 -34.9 -39.2  34.3254091916
 54.7 -34.8 -39.1  42.8775587466
 54.7 -34.7 -39.0  51.5962118443
 54.8 -34.6 -38.9  60.4805187728
 54.8 -34.5 -38.8  69.5291569088
 54.9 -34.5 -38.7  78.7403047478
 54.9 -34.4 -38.6  88.1116174515
 55.0 -34.3 -38.5  97.6402040651
 55.0 -34.2 -38.4  107.322606551
 55.1 -34.1 -38.3  117.154780776
 55.1 -34.0 -38.2  127.132079583
 55.1 -33.9 -38.1  137.249238072
 55.2 -33.8 -38.0  147.500361195
 55.2 -33.7 -37.9  157.878913778
 55.3 -33.7 -37.8  168.377713054
 55.3 -33.6 -37.7  178.988923801
 55.4 -33.5 -37.6  189.704056136
 55.4 -33.4 -37.5  200.513966047
 55.5 -33.3 -37.4  211.40885869
 55.5 -33.2 -37.3  222.378294507
 55.6 -33.1 -37.2  233.411198168
 55.6 -33.0 -37.1  244.495870358
 55.6 -32.9 -37.0  255.620002406
 55.7 -32.8 -36.9  266.770693744
 55.7 -32.8 -36.8  277.934472153
 55.8 -32.7 -36.7  289.097316782
 55.8 -32.6 -36.6  300.24468386
 55.9 -32.5 -36.5  311.361535053
 55.9 -32.4 -36.4  322.432368384
 56.0 -32.3 -36.3  333.441251631
 56.0 -32.2 -36.2  344.371858087
 56.1 -32.1 -36.1  355.207504595
 56.1 -32.0 -36.0  365.931191711
 56.1 -32.0 -35.9  376.525645886
 56.2 -31.9 -35.8  386.973363502
 56.2 -31.8 -35.7  397.25665663
 56.3 -31.7 -35.6  407.357700334
 56.3 -31.6 -35.5  417.258581376
 56.4 -31.5 -35.4  426.941348118
 56.4 -31.4 -35.3  436.388061466
 56.5 -31.3 -35.2  445.580846658
 56.5 -31.2 -35.1  454.501945704
 56.6 -31.2 -35.0  463.133770288
 56.6 -31.1 -34.9  471.45895493
 56.6 -31.0 -34.8  479.460410211
 56.7 -30.9 -34.7  487.121375848
 56.7 -30.8 -34.6  494.425473436
 56.8 -30.7 -34.5  501.356758635
 56.8 -30.6 -34.4  507.899772606
 56.9 -30.5 -34.3  514.03959251
 56.9 -30.4 -34.2  519.761880846
 57.0 -30.4 -34.1  525.052933463
 57.0 -30.3 -34.0  529.899726042
 57.1 -30.2 -33.9  534.28995886
 57.1 -30.1 -33.8  538.212099676
 57.1 -30.0 -33.7  541.65542455
 57.2 -29.9 -33.6  544.610056448
 57.2 -29.8 -33.5  547.067001463
 57.3 -29.7 -33.4  549.018182514
 57.3 -29.6 -33.3  550.456470394
 57.4 -29.6 -33.2  551.375712023
 57.4 -29.5 -33.1  551.770755805
 57.5 -29.4 -33.0  551.637473977
 57.5 -29.3 -32.9  550.972781863
 57.6 -29.2 -32.8  549.774653946
 57.6 -29.1 -32.7  548.042136691
 57.6 -29.0 -32.6  545.77535807
 57.7 -28.9 -32.5  542.975533734
 57.7 -28.8 -32.4  539.644969812
 57.8 -28.8 -32.3  535.787062314
 57.8 -28.7 -32.2  531.406293141
 57.9 -28.6 -32.1  526.508222703
 57.9 -28.5 -32.0  521.099479179
 58.0 -28.4 -31.9  515.187744442
 58.0 -28.3 -31.8  508.781736711
 58.1 -28.2 -31.7  501.891189985
 58.1 -28.1 -31.6  494.526830329
 58.2 -28.0 -31.5  486.700349118
 58.2 -28.0 -31.4  478.424373304
 58.2 -27.9 -31.3  469.712432854
 58.3 -27.8 -31.2  460.578925452
 58.3 -27.7 -31.1  451.039078602
 58.4 -27.6 -31.0  441.10890929
 58.4 -27.5 -30.9  430.805181323
 58.5 -27.4 -30.8  420.145360542
 58.5 -27.3 -30.7  409.14756804
 58.6 -27.2 -30.6  397.830531584
 58.6 -27.2 -30.5  386.213535413
 58.7 -27.1 -30.4  374.316368593
 58.7 -27.0 -30.3  362.15927213
 58.7 -26.9 -30.2  349.76288503
 58.8 -26.8 -30.1  337.148189502
 58.8 -26.7 -30.0  324.336455516
 58.9 -26.6 -29.9  311.349184906
 58.9 -26.5 -29.8  298.208055231
 59.0 -26.4 -29.7  284.934863589
 59.0 -26.4 -29.6  271.55147059
 59.1 -26.3 -29.5  258.079744698
 59.1 -26.2 -29.4  244.541507121
 59.2 -26.1 -29.3  230.958477457
 59.2 -26.0 -29.2  217.352220286
 59.2 -25.9 -29.1  203.744092883
 59.3 -25.8 -29.0  190.15519425
 59.3 -25.7 -28.9  176.606315614
 59.4 -25.6 -28.8  163.117892587
 59.4 -25.5 -28.7  149.709959118
 59.5 -25.5 -28.6  136.402103403
 59.5 -25.4 -28.5  123.213425897
 59.6 -25.3 -28.4  110.162499536
 59.6 -25.2 -28.3  97.2673323169
 59.7 -25.1 -28.2  84.5453323281
 59.7 -25.0 -28.1  72.0132753355
 59.7 -24.9 -28.0  59.6872750104
 59.8 -24.8 -27.9  47.5827558762
 59.8 -24.7 -27.8  35.7144290366
 59.9 -24.7 -27.7  24.0962707388
 59.9 -24.6 -27.6  12.7415038099
 60.0 -24.5 -27.5  1.66258199437
 60.0 -24.4 -27.4 -9.12882279229
 60.1 -24.3 -27.3 -19.6218302921
 60.1 -24.2 -27.2 -29.8063588246
 60.2 -24.1 -27.1 -39.6731293201
 60.2 -24.0 -27.0 -49.2136665018
 60.2 -23.9 -26.9 -58.4202972608
 60.3 -23.9 -26.8 -67.2861462828
 60.3 -23.8 -26.7 -75.8051289942
 60.4 -23.7 -26.6 -83.9719419082
 60.4 -23.6 -26.5 -91.7820504591
 60.5 -23.5 -26.4 -99.2316744259
 60.5 -23.4 -26.3 -106.317771053
 60.6 -23.3 -26.2 -113.038015988
 60.6 -23.2 -26.1 -119.390782159
 60.7 -23.1 -26.0 -125.375116728
 60.7 -23.1 -25.9 -130.990716265
 60.7 -23.0 -25.8 -136.237900275
 60.8 -22.9 -25.7 -141.117583252
 60.8 -22.8 -25.6 -145.631245399
 60.9 -22.7 -25.5 -149.780902183
 60.9 -22.6 -25.4 -153.569072894
 61.0 -22.5 -25.3 -156.998748358
 61.0 -22.4 -25.2 -160.073358004
 61.1 -22.3 -25.1 -162.796736417
 61.1 -22.3 -25.0 -165.173089578
 61.2 -22.2 -24.9 -167.206960943
 61.2 -22.1 -24.8 -168.903197539
 61.2 -22.0 -24.7 -170.26691623
 61.3 -21.9 -24.6 -171.303470337
 61.3 -21.8 -24.5 -172.018416742
 61.4 -21.7 -24.4 -172.417483661
 61.4 -21.6 -24.3 -172.506539213
 61.5 -21.5 -24.2 -172.29156094
 61.5 -21.5 -24.1 -171.778606412
 61.6 -21.4 -24.0 -170.973785049
 61.6 -21.3 -23.9 -169.883231278
 61.7 -21.2 -23.8 -168.513079151
 61.7 -21.1 -23.7 -166.869438511
 61.7 -21.0 -23.6 -164.958372821
 61.8 -20.9 -23.5 -162.785878737
 61.8 -20.8 -23.4 -160.357867496
 61.9 -20.7 -23.3 -157.680148195
 61.9 -20.7 -23.2 -154.758413018
 62.0 -20.6 -23.1 -151.598224441
 62.0 -20.5 -23.0 -148.205004479
 62.1 -20.4 -22.9 -144.584025971
 62.1 -20.3 -22.8 -140.740405932
 62.2 -20.2 -22.7 -136.67910097
 62.2 -20.1 -22.6 -132.404904762
 62.3 -20.0 -22.5 -127.92244756
 62.3 -19.9 -22.4 -123.236197712
 62.3 -19.9 -22.3 -118.350465138
 62.4 -19.8 -22.2 -113.269406734
 62.4 -19.7 -22.1 -107.99703361
 62.5 -19.6 -22.0 -102.53722013
 62.5 -19.5 -21.9 -96.8937146354
 62.6 -19.4 -21.8 -91.0701517912
 62.6 -19.3 -21.7 -85.0700664439
 62.7 -19.2 -21.6 -78.8969088871
 62.7 -19.1 -21.5 -72.5540614252
 62.8 -19.1 -21.4 -66.0448561127
 62.8 -19.0 -21.3 -59.372593545
 62.8 -18.9 -21.2 -52.5405625693
 62.9 -18.8 -21.1 -45.5520607791
 62.9 -18.7 -21.0 -38.4104156529
 63.0 -18.6 -20.9 -31.1190061918
 63.0 -18.5 -20.8 -23.6812849126
 63.1 -18.4 -20.7 -16.1008000451
 63.1 -18.3 -20.6 -8.38121778557
 63.2 -18.2 -20.5 -0.526344456377
 63.2 -18.2 -20.4  7.45985157896
 63.3 -18.1 -20.3  15.5732183932
 63.3 -18.0 -20.2  23.8093995129
 63.3 -17.9 -20.1  32.1638136206
 63.4 -17.8 -20.0  40.6316350827
 63.4 -17.7 -19.9  49.2077754415
 63.5 -17.6 -19.8  57.8868660032
 63.5 -17.5 -19.7  66.6632416498
 63.6 -17.4 -19.6  75.5309259984
 63.6 -17.4 -19.5  84.4836180196
 63.7 -17.3 -19.4  93.5146802278
 63.7 -17.2 -19.3  102.617128539
 63.8 -17.1 -19.2  111.783623894
 63.8 -17.0 -19.1  121.006465725
 63.8 -16.9 -19.0  130.277587346
 63.9 -16.8 -18.9  139.588553324
 63.9 -16.7 -18.8  148.930558904
 64.0 -16.6 -18.7  158.294431506
 64.0 -16.6 -18.6  167.670634358
 64.1 -16.5 -18.5  177.049272263
 64.1 -16.4 -18.4  186.420099544
 64.2 -16.3 -18.3  195.772530135
 64.2 -16.2 -18.2  205.095649839
 64.3 -16.1 -18.1  214.378230721
 64.3 -16.0 -18.0  223.608747612
 64.3 -15.9 -17.9  232.775396675
 64.4 -15.8 -17.8  241.866115992
 64.4 -15.8 -17.7  250.868608111
 64.5 -15.7 -17.6  259.770364473
 64.5 -15.6 -17.5  268.558691645
 64.6 -15.5 -17.4  277.220739269
 64.6 -15.4 -17.3  285.743529625
 64.7 -15.3 -17.2  294.113988701
 64.7 -15.2 -17.1  302.318978652
 64.8 -15.1 -17.0  310.34533153
 64.8 -15.0 -16.9  318.179884144
 64.8 -15.0 -16.8  325.809513926
 64.9 -14.9 -16.7  333.221175644
 64.9 -14.8 -16.6  340.401938828
 65.0 -14.7 -16.5  347.339025749
 65.0 -14.6 -16.4  354.019849787
 65.1 -14.5 -16.3  360.432054048
 65.1 -14.4 -16.2  366.563550039
 65.2 -14.3 -16.1  372.402556268
 65.2 -14.2 -16.0  377.937636573
 65.3 -14.2 -15.9  383.157738036
 65.3 -14.1 -15.8  388.05222831
 65.3 -14.0 -15.7  392.610932192
 65.4 -13.9 -15.6  396.824167285
 65.4 -13.8 -15.5  400.682778583
 65.5 -13.7 -15.4  404.178171834
 65.5 -13.6 -15.3  407.30234552
 65.6 -13.5 -15.2  410.047921315
 65.6 -13.4 -15.1  412.408172868
 65.7 -13.4 -15.0  414.377052798
 65.7 -13.3 -14.9  415.949217746
 65.8 -13.2 -14.8  417.120051387
 65.8 -13.1 -14.7  417.885685282
 65.8 -13.0 -14.6  418.243017454
 65.9 -12.9 -14.5  418.189728616
 65.9 -12.8 -14.4  417.72429595
 66.0 -12.7 -14.3  416.846004364
 66.0 -12.6 -14.2  415.554955168
 66.1 -12.6 -14.1  413.852072106
 66.1 -12.5 -14.0  411.739104713
 66.2 -12.4 -13.9  409.218628947
 66.2 -12.3 -13.8  406.294045096
 66.3 -12.2 -13.7  402.96957293
 66.3 -12.1 -13.6  399.250244111
 66.4 -12.0 -13.5  395.141891879
 66.4 -11.9 -13.4  390.651138022
 66.4 -11.8 -13.3  385.785377182
 66.5 -11.8 -13.2  380.552758535
 66.5 -11.7 -13.1  374.962164906
 66.6 -11.6 -13.0  369.023189394
 66.6 -11.5 -12.9  362.746109571
 66.7 -11.4 -12.8  356.141859365
 66.7 -11.3 -12.7  349.221998709
 66.8 -11.2 -12.6  341.998681072
 66.8 -11.1 -12.5  334.484619001
 66.9 -11.0 -12.4  326.693047775
 66.9 -10.9 -12.3  318.63768733
 66.9 -10.9 -12.2  310.332702586
 67.0 -10.8 -12.1  301.792662321
 67.0 -10.7 -12.0  293.032496757
 67.1 -10.6 -11.9  284.067454006
 67.1 -10.5 -11.8  274.913055551
 67.2 -10.4 -11.7  265.585050926
 67.2 -10.3 -11.6  256.099371766
 67.3 -10.2 -11.5  246.472085403
 67.3 -10.1 -11.4  236.71934819
 67.4 -10.1 -11.3  226.857358717
 67.4 -10.0 -11.2  216.902311114
 67.4 -9.9 -11.1  206.870348605
 67.5 -9.8 -11.0  196.777517491
 67.5 -9.7 -10.9  186.639721752
 67.6 -9.6 -10.8  176.47267841
 67.6 -9.5 -10.7  166.291873848
 67.7 -9.4 -10.6  156.112521241
 67.7 -9.3 -10.5  145.949519244
 67.8 -9.3 -10.4  135.817412116
 67.8 -9.2 -10.3  125.730351401
 67.9 -9.1 -10.2  115.702059328
 67.9 -9.0 -10.1  105.745794047
 67.9 -8.9 -10.0  95.8743168357
 68.0 -8.8 -9.9  86.0998613898
 68.0 -8.7 -9.8  76.4341053022
 68.1 -8.6 -9.7  66.8881438336
 68.1 -8.5 -9.6  57.4724660592
 68.2 -8.5 -9.5  48.1969334709
 68.2 -8.4 -9.4  39.0707611014
 68.3 -8.3 -9.3  30.1025012273
 68.3 -8.2 -9.2  21.300029697
 68.4 -8.1 -9.1  12.6705349174
 68.4 -8.0 -9.0  4.22050952201
 68.4 -7.9 -8.9 -4.04425526681
 68.5 -7.8 -8.8 -12.1186725815
 68.5 -7.7 -8.7 -19.9983601704
 68.6 -7.7 -8.6 -27.6796379978
 68.6 -7.6 -8.5 -35.1595232164
 68.7 -7.5 -8.4 -42.4357225575
 68.7 -7.4 -8.3 -49.5066221919
 68.8 -7.3 -8.2 -56.3712751296
 68.8 -7.2 -8.1 -63.0293862314
 68.9 -7.1 -8.0 -69.4812949188
 68.9 -7.0 -7.9 -75.7279556778
 68.9 -6.9 -7.8 -81.7709164574
 69.0 -6.9 -7.7 -87.6122950778
 69.0 -6.8 -7.6 -93.2547537652
 69.1 -6.7 -7.5 -98.7014719422
 69.1 -6.6 -7.4 -103.956117407
 69.2 -6.5 -7.3 -109.022816037
 69.2 -6.4 -7.2 -113.906120177
 69.3 -6.3 -7.1 -118.610975831
 69.3 -6.2 -7.0 -123.142688855
 69.4 -6.1 -6.9 -127.506890264
 69.4 -6.1 -6.8 -131.709500844
 69.4 -6.0 -6.7 -135.756695221
 69.5 -5.9 -6.6 -139.654865544
 69.5 -5.8 -6.5 -143.410584957
 69.6 -5.7 -6.4 -147.030571008
 69.6 -5.6 -6.3 -150.52164918
 69.7 -5.5 -6.2 -153.890716677
 69.7 -5.4 -6.1 -157.144706644
 69.8 -5.3 -6.0 -160.29055297
 69.8 -5.3 -5.9 -163.335155817
 69.9 -5.2 -5.8 -166.285348027
 69.9 -5.1 -5.7 -169.147862559
 69.9 -5.0 -5.6 -171.92930107
 70.0 -4.9 -5.5 -174.636103781
 70.0 -4.8 -5.4 -177.274520755
 70.1 -4.7 -5.3 -179.850584687
 70.1 -4.6 -5.2 -182.370085328
 70.2 -4.5 -5.1 -184.83854563
 70.2 -4.5 -5.0 -187.261199701
 70.3 -4.4 -4.9 -189.642972666
 70.3 -4.3 -4.8 -191.988462478
 70.4 -4.2 -4.7 -194.301923763
 70.4 -4.1 -4.6 -196.587253743
 70.5 -4.0 -4.5 -198.847980268
 70.5 -3.9 -4.4 -201.087251998
 70.5 -3.8 -4.3 -203.307830755
 70.6 -3.7 -4.2 -205.512086047
 70.6 -3.6 -4.1 -207.701991763
 70.7 -3.6 -4.0 -209.879125041
 70.7 -3.5 -3.9 -212.044667262
 70.8 -3.4 -3.8 -214.199407168
 70.8 -3.3 -3.7 -216.343746033
 70.9 -3.2 -3.6 -218.47770486
 70.9 -3.1 -3.5 -220.60093352
 71.0 -3.0 -3.4 -222.712721782
 71.0 -2.9 -3.3 -224.812012145
 71.0 -2.8 -3.2 -226.897414387
 71.1 -2.8 -3.1 -228.967221731
 71.1 -2.7 -3.0 -231.019428537
 71.2 -2.6 -2.9 -233.051749399
 71.2 -2.5 -2.8 -235.061639537
 71.3 -2.4 -2.7 -237.046316364
 71.3 -2.3 -2.6 -239.002782095
 71.4 -2.2 -2.5 -240.927847279
 71.4 -2.1 -2.4 -242.818155104
 71.5 -2.0 -2.3 -244.670206355
 71.5 -2.0 -2.2 -246.480384867
 71.5 -1.9 -2.1 -248.244983345
 71.6 -1.8 -2.0 -249.960229404
 71.6 -1.7 -1.9 -251.62231168
 71.7 -1.6 -1.8 -253.22740588
 71.7 -1.5 -1.7 -254.77170062
 71.8 -1.4 -1.6 -256.251422915
 71.8 -1.3 -1.5 -257.662863183
 71.9 -1.2 -1.4 -259.002399631
 71.9 -1.2 -1.3 -260.266521883
 72.0 -1.1 -1.2 -261.451853742
 72.0 -1.0 -1.1 -262.555174938
 72.0 -0.9 -1.0 -263.573441779
 72.1 -0.8 -0.9 -264.503806563
 72.1 -0.7 -0.8 -265.343635671
 72.2 -0.6 -0.7 -266.09052624
 72.2 -0.5 -0.6 -266.742321317
 72.3 -0.4 -0.5 -267.297123431
 72.3 -0.4 -0.4 -267.7533065
 72.4 -0.3 -0.3 -268.109526015
 72.4 -0.2 -0.2 -268.364727444
 72.5 -0.1 -0.1 -268.518152818
 72.5  0.0  0.0 -268.569345457
 72.5  0.1  0.1 -268.518152818
 72.6  0.2  0.2 -268.364727444
 72.6  0.3  0.3 -268.109526015
 72.7  0.4  0.4 -267.7533065
 72.7  0.4  0.5 -267.297123431
 72.8  0.5  0.6 -266.742321317
 72.8  0.6  0.7 -266.09052624
 72.9  0.7  0.8 -265.343635671
 72.9  0.8  0.9 -264.503806563
 73.0  0.9  1.0 -263.573441779
 73.0  1.0  1.1 -262.555174938
 73.0  1.1  1.2 -261.451853742
 73.1  1.2  1.3 -260.266521883
 73.1  1.2  1.4 -259.002399631
 73.2  1.3  1.5 -257.662863183
 73.2  1.4  1.6 -256.251422915
 73.3  1.5  1.7 -254.77170062
 73.3  1.6  1.8 -253.22740588
 73.4  1.7  1.9 -251.62231168
 73.4  1.8  2.0 -249.960229404
 73.5  1.9  2.1 -248.244983345
 73.5  2.0  2.2 -246.480384867
 73.5  2.0  2.3 -244.670206355
 73.6  2.1  2.4 -242.818155104
 73.6  2.2  2.5 -240.927847279
 73.7  2.3  2.6 -239.002782095
 73.7  2.4  2.7 -237.046316364
 73.8  2.5  2.8 -235.061639537
 73.8  2.6  2.9 -233.051749399
 73.9  2.7  3.0 -231.019428537
 73.9  2.8  3.1 -228.967221731
 74.0  2.8  3.2 -226.897414387
 74.0  2.9  3.3 -224.812012145
 74.0  3.0  3.4 -222.712721782
 74.1  3.1  3.5 -220.60093352
 74.1  3.2  3.6 -218.47770486
 74.2  3.3  3.7 -216.343746033
 74.2  3.4  3.8 -214.199407168
 74.3  3.5  3.9 -212.044667262
 74.3  3.6  4.0 -209.879125041
 74.4  3.6  4.1 -207.701991763
 74.4  3.7  4.2 -205.512086047
 74.5  3.8  4.3 -203.307830755
 74.5  3.9  4.4 -201.087251998
 74.5  4.0  4.5 -198.847980268
 74.6  4.1  4.6 -196.587253743
 74.6  4.2  4.7 -194.301923763
 74.7  4.3  4.8 -191.988462478
 74.7  4.4  4.9 -189.642972666
 74.8  4.5  5.0 -187.261199701
 74.8  4.5  5.1 -184.83854563
 74.9  4.6  5.2 -182.370085328
 74.9  4.7  5.3 -179.850584687
 75.0  4.8  5.4 -177.274520755
 75.0  4.9  5.5 -174.636103781
 75.1  5.0  5.6 -171.92930107
 75.1  5.1  5.7 -169.147862559
 75.1  5.2  5.8 -166.285348027
 75.2  5.3  5.9 -163.335155817
 75.2  5.3  6.0 -160.29055297
 75.3  5.4  6.1 -157.144706644
 75.3  5.5  6.2 -153.890716677
 75.4  5.6  6.3 -150.52164918
 75.4  5.7  6.4 -147.030571008
 75.5  5.8  6.5 -143.410584957
 75.5  5.9  6.6 -139.654865544
 75.6  6.0  6.7 -135.756695221
 75.6  6.1  6.8 -131.709500844
 75.6  6.1  6.9 -127.506890264
 75.7  6.2  7.0 -123.142688855
 75.7  6.3  7.1 -118.610975831
 75.8  6.4  7.2 -113.906120177
 75.8  6.5  7.3 -109.022816037
 75.9  6.6  7.4 -103.956117407
 75.9  6.7  7.5 -98.7014719422
 76.0  6.8  7.6 -93.2547537652
 76.0  6.9  7.7 -87.6122950778
 76.1  6.9  7.8 -81.7709164574
 76.1  7.0  7.9 -75.7279556778
 76.1  7.1  8.0 -69.4812949188
 76.2  7.2  8.1 -63.0293862314
 76.2  7.3  8.2 -56.3712751296
 76.3  7.4  8.3 -49.5066221919
 76.3  7.5  8.4 -42.4357225575
 76.4  7.6  8.5 -35.1595232164
 76.4  7.7  8.6 -27.6796379978
 76.5  7.7  8.7 -19.9983601704
 76.5  7.8  8.8 -12.1186725815
 76.6  7.9  8.9 -4.04425526681
 76.6  8.0  9.0  4.22050952201
 76.6  8.1  9.1  12.6705349174
 76.7  8.2  9.2  21.300029697
 76.7  8.3  9.3  30.1025012273
 76.8  8.4  9.4  39.0707611014
 76.8  8.5  9.5  48.1969334709
 76.9  8.5  9.6  57.4724660592
 76.9  8.6  9.7  66.8881438336
 77.0  8.7  9.8  76.4341053022
 77.0  8.8  9.9  86.0998613898
 77.1  8.9  10.0  95.8743168357
 77.1  9.0  10.1  105.745794047
 77.1  9.1  10.2  115.702059328
 77.2  9.2  10.3  125.730351401
 77.2  9.3  10.4  135.817412116
 77.3  9.3  10.5  145.949519244
 77.3  9.4  10.6  156.112521241
 77.4  9.5  10.7  166.291873848
 77.4  9.6  10.8  176.47267841
 77.5  9.7  10.9  186.639721752
 77.5  9.8  11.0  196.777517491
 77.6  9.9  11.1  206.870348605
 77.6  10.0  11.2  216.902311114
 77.6  10.1  11.3  226.857358717
 77.7  10.1  11.4  236.71934819
 77.7  10.2  11.5  246.472085403
 77.8  10.3  11.6  256.099371766
 77.8  10.4  11.7  265.585050926
 77.9  10.5  11.8  274.913055551
 77.9  10.6  11.9  284.067454006
 78.0  10.7  12.0  293.032496757
 78.0  10.8  12.1  301.792662321
 78.1  10.9  12.2  310.332702586
 78.1  10.9  12.3  318.63768733
 78.1  11.0  12.4  326.693047775
 78.2  11.1  12.5  334.484619001
 78.2  11.2  12.6  341.998681072
 78.3  11.3  12.7  349.221998709
 78.3  11.4  12.8  356.141859365
 78.4  11.5  12.9  362.746109571
 78.4  11.6  13.0  369.023189394
 78.5  11.7  13.1  374.962164906
 78.5  11.8  13.2  380.552758535
 78.6  11.8  13.3  385.785377182
 78.6  11.9  13.4  390.651138022
 78.6  12.0  13.5  395.141891879
 78.7  12.1  13.6  399.250244111
 78.7  12.2  13.7  402.96957293
 78.8  12.3  13.8  406.294045096
 78.8  12.4  13.9  409.218628947
 78.9  12.5  14.0  411.739104713
 78.9  12.6  14.1  413.852072106
 79.0  12.6  14.2  415.554955168
 79.0  12.7  14.3  416.846004364
 79.1  12.8  14.4  417.72429595
 79.1  12.9  14.5  418.189728616
 79.2  13.0  14.6  418.243017454
 79.2  13.1  14.7  417.885685282
 79.2  13.2  14.8  417.120051387
 79.3  13.3  14.9  415.949217746
 79.3  13.4  15.0  414.377052798
 79.4  13.4  15.1  412.408172868
 79.4  13.5  15.2  410.047921315
 79.5  13.6  15.3  407.30234552
 79.5  13.7  15.4  404.178171834
 79.6  13.8  15.5  400.682778583
 79.6  13.9  15.6  396.824167285
 79.7  14.0  15.7  392.610932192
 79.7  14.1  15.8  388.05222831
 79.7  14.2  15.9  383.157738036
 79.8  14.2  16.0  377.937636573
 79.8  14.3  16.1  372.402556268
 79.9  14.4  16.2  366.563550039
 79.9  14.5  16.3  360.432054048
 80.0  14.6  16.4  354.019849787
 80.0  14.7  16.5  347.339025749
 80.1  14.8  16.6  340.401938828
 80.1  14.9  16.7  333.221175644
 80.2  15.0  16.8  325.809513926
 80.2  15.0  16.9  318.179884144
 80.2  15.1  17.0  310.34533153
 80.3  15.2  17.1  302.318978652
 80.3  15.3  17.2  294.113988701
 80.4  15.4  17.3  285.743529625
 80.4  15.5  17.4  277.220739269
 80.5  15.6  17.5  268.558691645
 80.5  15.7  17.6  259.770364473
 80.6  15.8  17.7  250.868608111
 80.6  15.8  17.8  241.866115992
 80.7  15.9  17.9  232.775396675
 80.7  16.0  18.0  223.608747612
 80.7  16.1  18.1  214.378230721
 80.8  16.2  18.2  205.095649839
 80.8  16.3  18.3  195.772530135
 80.9  16.4  18.4  186.420099545
 80.9  16.5  18.5  177.049272263
 81.0  16.6  18.6  167.670634358
 81.0  16.6  18.7  158.294431506
 81.1  16.7  18.8  148.930558904
 81.1  16.8  18.9  139.588553324
 81.2  16.9  19.0  130.277587346
 81.2  17.0  19.1  121.006465725
 81.2  17.1  19.2  111.783623894
 81.3  17.2  19.3  102.617128539
 81.3  17.3  19.4  93.5146802278
 81.4  17.4  19.5  84.4836180197
 81.4  17.4  19.6  75.5309259984
 81.5  17.5  19.7  66.6632416498
 81.5  17.6  19.8  57.8868660032
 81.6  17.7  19.9  49.2077754415
 81.6  17.8  20.0  40.6316350827
 81.7  17.9  20.1  32.1638136206
 81.7  18.0  20.2  23.8093995129
 81.7  18.1  20.3  15.5732183932
 81.8  18.2  20.4  7.45985157897
 81.8  18.2  20.5 -0.526344456375
 81.9  18.3  20.6 -8.38121778557
 81.9  18.4  20.7 -16.1008000451
 82.0  18.5  20.8 -23.6812849126
 82.0  18.6  20.9 -31.1190061918
 82.1  18.7  21.0 -38.4104156529
 82.1  18.8  21.1 -45.5520607791
 82.2  18.9  21.2 -52.5405625693
 82.2  19.0  21.3 -59.372593545
 82.2  19.1  21.4 -66.0448561127
 82.3  19.1  21.5 -72.5540614252
 82.3  19.2  21.6 -78.8969088871
 82.4  19.3  21.7 -85.0700664439
 82.4  19.4  21.8 -91.0701517912
 82.5  19.5  21.9 -96.8937146354
 82.5  19.6  22.0 -102.53722013
 82.6  19.7  22.1 -107.99703361
 82.6  19.8  22.2 -113.269406734
 82.7  19.9  22.3 -118.350465138
 82.7  19.9  22.4 -123.236197712
 82.7  20.0  22.5 -127.92244756
 82.8  20.1  22.6 -132.404904762
 82.8  20.2  22.7 -136.67910097
 82.9  20.3  22.8 -140.740405932
 82.9  20.4  22.9 -144.584025971
 83.0  20.5  23.0 -148.205004479
 83.0  20.6  23.1 -151.598224441
 83.1  20.7  23.2 -154.758413018
 83.1  20.7  23.3 -157.680148195
 83.2  20.8  23.4 -160.357867496
 83.2  20.9  23.5 -162.785878737
 83.3  21.0  23.6 -164.958372821
 83.3  21.1  23.7 -166.869438511
 83.3  21.2  23.8 -168.513079151
 83.4  21.3  23.9 -169.883231278
 83.4  21.4  24.0 -170.973785049
 83.5  21.5  24.1 -171.778606412
 83.5  21.5  24.2 -172.29156094
 83.6  21.6  24.3 -172.506539213
 83.6  21.7  24.4 -172.417483661
 83.7  21.8  24.5 -172.018416742
 83.7  21.9  24.6 -171.303470337
 83.8  22.0  24.7 -170.26691623
 83.8  22.1  24.8 -168.903197539
 83.8  22.2  24.9 -167.206960943
 83.9  22.3  25.0 -165.173089578
 83.9  22.3  25.1 -162.796736417
 84.0  22.4  25.2 -160.073358004
 84.0  22.5  25.3 -156.998748358
 84.1  22.6  25.4 -153.569072894
 84.1  22.7  25.5 -149.780902183
 84.2  22.8  25.6 -145.631245399
 84.2  22.9  25.7 -141.117583252
 84.3  23.0  25.8 -136.237900275
 84.3  23.1  25.9 -130.990716265
 84.3  23.1  26.0 -125.375116728
 84.4  23.2  26.1 -119.390782159
 84.4  23.3  26.2 -113.038015988
 84.5  23.4  26.3 -106.317771053
 84.5  23.5  26.4 -99.2316744259
 84.6  23.6  26.5 -91.7820504591
 84.6  23.7  26.6 -83.9719419082
 84.7  23.8  26.7 -75.8051289942
 84.7  23.9  26.8 -67.2861462828
 84.8  23.9  26.9 -58.4202972608
 84.8  24.0  27.0 -49.2136665018
 84.8  24.1  27.1 -39.6731293201
 84.9  24.2  27.2 -29.8063588246
 84.9  24.3  27.3 -19.6218302921
 85.0  24.4  27.4 -9.1288227923
 85.0  24.5  27.5  1.66258199437
 85.1  24.6  27.6  12.7415038099
 85.1  24.7  27.7  24.0962707388
 85.2  24.7  27.8  35.7144290366
 85.2  24.8  27.9  47.5827558762
 85.3  24.9  28.0  59.6872750104
 85.3  25.0  28.1  72.0132753355
 85.3  25.1  28.2  84.5453323281
 85.4  25.2  28.3  97.2673323169
 85.4  25.3  28.4  110.162499536
 85.5  25.4  28.5  123.213425897
 85.5  25.5  28.6  136.402103403
 85.6  25.5  28.7  149.709959118
 85.6  25.6  28.8  163.117892587
 85.7  25.7  28.9  176.606315614
 85.7  25.8  29.0  190.15519425
 85.8  25.9  29.1  203.744092883
 85.8  26.0  29.2  217.352220286
 85.8  26.1  29.3  230.958477457
 85.9  26.2  29.4  244.541507121
 85.9  26.3  29.5  258.079744698
 86.0  26.4  29.6  271.55147059
 86.0  26.4  29.7  284.934863589
 86.1  26.5  29.8  298.208055231
 86.1  26.6  29.9  311.349184906
 86.2  26.7  30.0  324.336455516
 86.2  26.8  30.1  337.148189502
 86.3  26.9  30.2  349.76288503
 86.3  27.0  30.3  362.15927213
 86.3  27.1  30.4  374.316368593
 86.4  27.2  30.5  386.213535413
 86.4  27.2  30.6  397.830531584
 86.5  27.3  30.7  409.14756804
 86.5  27.4  30.8  420.145360542
 86.6  27.5  30.9  430.805181323
 86.6  27.6  31.0  441.10890929
 86.7  27.7  31.1  451.039078602
 86.7  27.8  31.2  460.578925452
 86.8  27.9  31.3  469.712432854
 86.8  28.0  31.4  478.424373304
 86.8  28.0  31.5  486.700349118
 86.9  28.1  31.6  494.526830329
 86.9  28.2  31.7  501.891189985
 87.0  28.3  31.8  508.781736711
 87.0  28.4  31.9  515.187744442
 87.1  28.5  32.0  521.099479179
 87.1  28.6  32.1  526.508222703
 87.2  28.7  32.2  531.406293141
 87.2  28.8  32.3  535.787062314
 87.3  28.8  32.4  539.644969812
 87.3  28.9  32.5  542.975533734
 87.4  29.0  32.6  545.77535807
 87.4  29.1  32.7  548.042136691
 87.4  29.2  32.8  549.774653946
 87.5  29.3  32.9  550.972781863
 87.5  29.4  33.0  551.637473977
 87.6  29.5  33.1  551.770755805
 87.6  29.6  33.2  551.375712023
 87.7  29.6  33.3  550.456470394
 87.7  29.7  33.4  549.018182514
 87.8  29.8  33.5  547.067001463
 87.8  29.9  33.6  544.610056448
 87.9  30.0  33.7  541.65542455
 87.9  30.1  33.8  538.212099676
 87.9  30.2  33.9  534.28995886
 88.0  30.3  34.0  529.899726042
 88.0  30.4  34.1  525.052933463
 88.1  30.4  34.2  519.761880846
 88.1  30.5  34.3  514.03959251
 88.2  30.6  34.4  507.899772606
 88.2  30.7  34.5  501.356758635
 88.3  30.8  34.6  494.425473436
 88.3  30.9  34.7  487.121375848
 88.4  31.0  34.8  479.460410211
 88.4  31.1  34.9  471.45895493
 88.4  31.2  35.0  463.133770288
 88.5  31.2  35.1  454.501945704
 88.5  31.3  35.2  445.580846658
 88.6  31.4  35.3  436.388061466
 88.6  31.5  35.4  426.941348118
 88.7  31.6  35.5  417.258581376
 88.7  31.7  35.6  407.357700334
 88.8  31.8  35.7  397.25665663
 88.8  31.9  35.8  386.973363502
 88.9  32.0  35.9  376.525645886
 88.9  32.0  36.0  365.931191711
 88.9  32.1  36.1  355.207504595
 89.0  32.2  36.2  344.371858087
 89.0  32.3  36.3  333.441251631
 89.1  32.4  36.4  322.432368384
 89.1  32.5  36.5  311.361535053
 89.2  32.6  36.6  300.24468386
 89.2  32.7  36.7  289.097316782
 89.3  32.8  36.8  277.934472153
 89.3  32.8  36.9  266.770693744
 89.4  32.9  37.0  255.620002406
 89.4  33.0  37.1  244.495870358
 89.4  33.1  37.2  233.411198168
 89.5  33.2  37.3  222.378294507
 89.5  33.3  37.4  211.40885869
 89.6  33.4  37.5  200.513966047
 89.6  33.5  37.6  189.704056136
 89.7  33.6  37.7  178.988923801
 89.7  33.7  37.8  168.377713054
 89.8  33.7  37.9  157.878913778
 89.8  33.8  38.0  147.500361195
 89.9  33.9  38.1  137.249238072
 89.9  34.0  38.2  127.132079583
 89.9  34.1  38.3  117.154780776
 90.0  34.2  38.4  107.322606551
 90.0  34.3  38.5  97.6402040651
 90.1  34.4  38.6  88.1116174515
 90.1  34.5  38.7  78.7403047478
 90.2  34.5  38.8  69.5291569088
 90.2  34.6  38.9  60.4805187728
 90.3  34.7  39.0  51.5962118443
 90.3  34.8  39.1  42.8775587466
 90.4  34.9  39.2  34.3254091916
 90.4  35.0  39.3  25.9401673106
 90.4  35.1  39.4  17.7218201815
 90.5  35.2  39.5  9.66996738532
 90.5  35.3  39.6  1.78385142199
 90.6  35.3  39.7 -5.93761118826
 90.6  35.4  39.8 -13.4957982933
 90.7  35.5  39.9 -20.8923501631
 90.7  35.6  40.0 -28.1291373856
 90.8  35.7  40.1 -35.2082287802
 90.8  35.8  40.2 -42.1318595023
 90.9  35.9  40.3 -48.9023995113
 90.9  36.0  40.4 -55.5223225696
 90.9  36.1  40.5 -61.9941759379
 91.0  36.1  40.6 -68.3205509256
 91.0  36.2  40.7 -74.5040544515
 91.1  36.3  40.8 -80.5472817613
 91.1  36.4  40.9 -86.452790445
 91.2  36.5  41.0 -92.2230758852
 91.2  36.6  41.1 -97.8605482631
 91.3  36.7  41.2 -103.367511239
 91.3  36.8  41.3 -108.74614241
 91.4  36.9  41.4 -113.998475651
 91.4  36.9  41.5 -119.126385416
 91.5  37.0  41.6 -124.13157308
 91.5  37.1  41.7 -129.015555386
 91.5  37.2  41.8 -133.779655056
 91.6  37.3  41.9 -138.424993596
 91.6  37.4  42.0 -142.952486337
 91.7  37.5  42.1 -147.36283972
 91.7  37.6  42.2 -151.65655084
 91.8  37.7  42.3 -155.83390924
 91.8  37.7  42.4 -159.895000928
 91.9  37.8  42.5 -163.839714602
 91.9  37.9  42.6 -167.667750029
 92.0  38.0  42.7 -171.378628532
 92.0  38.1  42.8 -174.971705507
 92.0  38.2  42.9 -178.446184917
 92.1  38.3  43.0 -181.801135647
 92.1  38.4  43.1 -185.03550965
 92.2  38.5  43.2 -188.148161757
 92.2  38.5  43.3 -191.137871042
 92.3  38.6  43.4 -194.00336362
 92.3  38.7  43.5 -196.743336737
 92.4  38.8  43.6 -199.356484015
 92.4  38.9  43.7 -201.841521708
 92.5  39.0  43.8 -204.197215803
 92.5  39.1  43.9 -206.422409817
 92.5  39.2  44.0 -208.516053122
 92.6  39.3  44.1 -210.47722963
 92.6  39.3  44.2 -212.305186661
 92.7  39.4  44.3 -213.999363834
 92.7  39.5  44.4 -215.559421787
 92.8  39.6  44.5 -216.985270567
 92.8  39.7  44.6 -218.277097502
 92.9  39.8  44.7 -219.435394396
 92.9  39.9  44.8 -220.460983849
 93.0  40.0  44.9 -221.35504456
 93.0  40.1  45.0 -222.119135435
 93.0  40.1  45.1 -222.755218324
 93.1  40.2  45.2 -223.265679265
 93.1  40.3  45.3 -223.653348047
 93.2  40.4  45.4 -223.921515978
 93.2  40.5  45.5 -224.073951703
 93.3  40.6  45.6 -224.114914953
 93.3  40.7  45.7 -224.04916811
 93.4  40.8  45.8 -223.881985462
 93.4  40.9  45.9 -223.619160075
 93.5  40.9  46.0 -223.267008166
 93.5  41.0  46.1 -222.832370917
 93.5  41.1  46.2 -222.322613664
 93.6  41.2  46.3 -221.745622396
 93.6  41.3  46.4 -221.109797533
 93.7  41.4  46.5 -220.42404495
 93.7  41.5  46.6 -219.69776423
 93.8  41.6  46.7 -218.940834145
 93.8  41.7  46.8 -218.163595377
 93.9  41.8  46.9 -217.376830494
 93.9  41.8  47.0 -216.591741229
 94.0  41.9  47.1 -215.819923098
 94.0  42.0  47.2 -215.073337437
 94.0  42.1  47.3 -214.364280913
 94.1  42.2  47.4 -213.70535261
 94.1  42.3  47.5 -213.109418792
 94.2  42.4  47.6 -212.589575444
 94.2  42.5  47.7 -212.159108718
 94.3  42.6  47.8 -211.831453432
 94.3  42.6  47.9 -211.62014974
 94.4  42.7  48.0 -211.53879816
 94.4  42.8  48.1 -211.601013091
 94.5  42.9  48.2 -211.820375025
 94.5  43.0  48.3 -212.210381604
 94.5  43.1  48.4 -212.784397738
 94.6  43.2  48.5 -213.555604954
 94.6  43.3  48.6 -214.536950195
 94.7  43.4  48.7 -215.741094265
 94.7  43.4  48.8 -217.18036013
 94.8  43.5  48.9 -218.86668129
 94.8  43.6  49.0 -220.811550432
 94.9  43.7  49.1 -223.025968585
 94.9  43.8  49.2 -225.520394992
 95.0  43.9  49.3 -228.304697907
 95.0  44.0  49.4 -231.388106542
 95.0  44.1  49.5 -234.779164374
 95.1  44.2  49.6 -238.485684006
 95.1  44.2  49.7 -242.514703811
 95.2  44.3  49.8 -246.872446534
 95.2  44.4  49.9 -251.564280058
 95.3  44.5  50.0 -256.59468052
