x z dist ED
-95.0  39.0  0.0 -87.9500260167
-94.0  38.5 -1.1 -110.741716575
-93.0  38.0 -2.3 -131.849577791
-92.0  37.4 -3.4 -148.183811118
-91.0  36.9 -4.5 -158.627431926
-90.0  36.4 -5.6 -164.182855534
-89.0  35.9 -6.8 -167.018271852
-88.0  35.3 -7.9 -169.045061814
-87.0  34.8 -9.0 -170.818553575
-86.0  34.3 -10.2 -171.310471157
-85.0  33.8 -11.3 -168.605157143
-84.0  33.2 -12.4 -161.089886869
-83.0  32.7 -13.6 -148.48386515
-82.0  32.2 -14.7 -132.177521913
-81.0  31.6 -15.8 -114.744804867
-80.0  31.1 -16.9 -98.9275086152
-79.0  30.6 -18.1 -86.6424592318
-78.0  30.1 -19.2 -78.5082182477
-77.0  29.5 -20.3 -74.0733907281
-76.0  29.0 -21.5 -72.5352613714
-75.0  28.5 -22.6 -73.4819089326
-74.0  28.0 -23.7 -77.2078713114
-73.0  27.4 -24.8 -84.425204381
-72.0  26.9 -26.0 -95.5607367074
-71.0  26.4 -27.1 -110.086410195
-70.0  25.9 -28.2 -126.325895097
-69.0  25.4 -29.4 -141.914811969
-68.0  24.8 -30.5 -154.709329439
-67.0  24.3 -31.6 -163.654360865
-66.0  23.8 -32.8 -169.106269922
-65.0  23.2 -33.9 -172.381368278
-64.0  22.7 -35.0 -174.732687369
-63.0  22.2 -36.1 -176.310142746
-62.0  21.7 -37.3 -175.727391152
-61.0  21.1 -38.4 -170.578565056
-60.0  20.6 -39.5 -158.742245378
-59.0  20.1 -40.7 -139.834566102
-58.0  19.6 -41.8 -115.990410983
-57.0  19.1 -42.9 -91.3907936922
-56.0  18.5 -44.0 -70.5344192107
-55.0  18.0 -45.2 -55.9064158565
