x z dist ED
 50.2 -40.4 -50.0 -216.945831907
 50.2 -40.3 -49.9 -214.764663651
 50.2 -40.2 -49.8 -212.498279538
 50.2 -40.1 -49.7 -210.155069765
 50.1 -40.1 -49.6 -207.74318544
 50.1 -40.0 -49.5 -205.270395302
 50.1 -39.9 -49.4 -202.743949842
 50.1 -39.8 -49.3 -200.170454168
 50.1 -39.7 -49.2 -197.555750755
 50.0 -39.6 -49.1 -194.904813202
 50.0 -39.5 -49.0 -192.221651907
 50.0 -39.4 -48.9 -189.509232527
 50.0 -39.3 -48.8 -186.769407881
 50.0 -39.2 -48.7 -184.002863859
 49.9 -39.1 -48.6 -181.209079737
 49.9 -39.0 -48.5 -178.386303153
 49.9 -38.9 -48.4 -175.531539854
 49.9 -38.8 -48.3 -172.640558163
 49.9 -38.7 -48.2 -169.707907995
 49.8 -38.6 -48.1 -166.72695408
 49.8 -38.5 -48.0 -163.689922932
 49.8 -38.4 -47.9 -160.587962964
 49.8 -38.3 -47.8 -157.411217021
 49.8 -38.2 -47.7 -154.148906503
 49.7 -38.1 -47.6 -150.78942612
 49.7 -38.0 -47.5 -147.320448238
 49.7 -37.9 -47.4 -143.729035697
 49.7 -37.8 -47.3 -140.00176189
 49.7 -37.7 -47.2 -136.124836843
 49.6 -37.6 -47.1 -132.084237999
 49.6 -37.5 -47.0 -127.865844347
 49.6 -37.4 -46.9 -123.455572544
 49.6 -37.3 -46.8 -118.839513662
 49.5 -37.2 -46.7 -114.004069192
 49.5 -37.1 -46.6 -108.936084974
 49.5 -37.0 -46.5 -103.622981733
 49.5 -36.9 -46.4 -98.0528809835
 49.5 -36.8 -46.3 -92.2147250836
 49.4 -36.7 -46.2 -86.0983903175
 49.4 -36.6 -46.1 -79.6947919635
 49.4 -36.5 -46.0 -72.9959803866
 49.4 -36.4 -45.9 -65.9952273027
 49.4 -36.3 -45.8 -58.6871014685
 49.3 -36.2 -45.7 -51.0675331629
 49.3 -36.1 -45.6 -43.1338669505
 49.3 -36.0 -45.5 -34.8849023376
 49.3 -35.9 -45.4 -26.3209220619
 49.3 -35.8 -45.3 -17.443707883
 49.2 -35.7 -45.2 -8.25654387262
 49.2 -35.6 -45.1  1.23579267135
 49.2 -35.5 -45.0  11.027052435
 49.2 -35.5 -44.9  21.1095470511
 49.2 -35.4 -44.8  31.4741933236
 49.1 -35.3 -44.7  42.1105681144
 49.1 -35.2 -44.6  53.0069731878
 49.1 -35.1 -44.5  64.1505092129
 49.1 -35.0 -44.4  75.5271580387
 49.1 -34.9 -44.3  87.1218722796
 49.0 -34.8 -44.2  98.9186711845
 49.0 -34.7 -44.1  110.900741707
 49.0 -34.6 -44.0  123.050543653
 49.0 -34.5 -43.9  135.34991776
 49.0 -34.4 -43.8  147.780195519
 48.9 -34.3 -43.7  160.322309592
 48.9 -34.2 -43.6  172.956903629
 48.9 -34.1 -43.5  185.664440364
 48.9 -34.0 -43.4  198.425306861
 48.9 -33.9 -43.3  211.219915852
 48.8 -33.8 -43.2  224.02880215
 48.8 -33.7 -43.1  236.832713203
 48.8 -33.6 -43.0  249.612692911
 48.8 -33.5 -42.9  262.350157939
 48.8 -33.4 -42.8  275.026965838
 48.7 -33.3 -42.7  287.625474391
 48.7 -33.2 -42.6  300.12859171
 48.7 -33.1 -42.5  312.51981674
 48.7 -33.0 -42.4  324.7832699
 48.7 -32.9 -42.3  336.903713775
 48.6 -32.8 -42.2  348.866563827
 48.6 -32.7 -42.1  360.657889269
 48.6 -32.6 -42.0  372.26440433
 48.6 -32.5 -41.9  383.673450278
 48.5 -32.4 -41.8  394.872968666
 48.5 -32.3 -41.7  405.851466388
 48.5 -32.2 -41.6  416.597973225
 48.5 -32.1 -41.5  427.101992651
 48.5 -32.0 -41.4  437.353446783
 48.4 -31.9 -41.3  447.342616384
 48.4 -31.8 -41.2  457.060076956
 48.4 -31.7 -41.1  466.496631966
 48.4 -31.6 -41.0  475.64324431
 48.4 -31.5 -40.9  484.490967172
 48.3 -31.4 -40.8  493.030875399
 48.3 -31.3 -40.7  501.25399859
 48.3 -31.2 -40.6  509.151257023
 48.3 -31.1 -40.5  516.713401571
 48.3 -31.0 -40.4  523.930958695
 48.2 -30.9 -40.3  530.794181578
 48.2 -30.9 -40.2  537.293008381
 48.2 -30.8 -40.1  543.417028556
 48.2 -30.7 -40.0  549.155458049
 48.2 -30.6 -39.9  554.497124146
 48.1 -30.5 -39.8  559.43046061
 48.1 -30.4 -39.7  563.943513635
 48.1 -30.3 -39.6  568.023959054
 48.1 -30.2 -39.5  571.659131069
 48.1 -30.1 -39.4  574.836062689
 48.0 -30.0 -39.3  577.541537885
 48.0 -29.9 -39.2  579.762155373
 48.0 -29.8 -39.1  581.484403763
 48.0 -29.7 -39.0  582.694747696
 48.0 -29.6 -38.9  583.379724466
 47.9 -29.5 -38.8  583.526050441
 47.9 -29.4 -38.7  583.120736544
 47.9 -29.3 -38.6  582.151211852
 47.9 -29.2 -38.5  580.605454329
 47.9 -29.1 -38.4  578.472127541
 47.8 -29.0 -38.3  575.740722146
 47.8 -28.9 -38.2  572.401700842
 47.8 -28.8 -38.1  568.446645386
 47.8 -28.7 -38.0  563.868404247
 47.8 -28.6 -37.9  558.661239381
 47.7 -28.5 -37.8  552.820970601
 47.7 -28.4 -37.7  546.345115998
 47.7 -28.3 -37.6  539.233026839
 47.7 -28.2 -37.5  531.486015402
 47.6 -28.1 -37.4  523.107474221
 47.6 -28.0 -37.3  514.10298526
 47.6 -27.9 -37.2  504.480417582
 47.6 -27.8 -37.1  494.250012165
 47.6 -27.7 -37.0  483.424452579
 47.5 -27.6 -36.9  472.018920362
 47.5 -27.5 -36.8  460.05113403
 47.5 -27.4 -36.7  447.54137077
 47.5 -27.3 -36.6  434.512470038
 47.5 -27.2 -36.5  420.989818379
 47.4 -27.1 -36.4  407.001314976
 47.4 -27.0 -36.3  392.577317589
 47.4 -26.9 -36.2  377.750568701
 47.4 -26.8 -36.1  362.556101873
 47.4 -26.7 -36.0  347.031128475
 47.3 -26.6 -35.9  331.21490516
 47.3 -26.5 -35.8  315.148582572
 47.3 -26.4 -35.7  298.875036037
 47.3 -26.3 -35.6  282.438679061
 47.3 -26.2 -35.5  265.885260712
 47.2 -26.2 -35.4  249.261648071
 47.2 -26.1 -35.3  232.615595098
 47.2 -26.0 -35.2  215.995499419
 47.2 -25.9 -35.1  199.450148661
 47.2 -25.8 -35.0  183.028458067
 47.1 -25.7 -34.9  166.779201257
 47.1 -25.6 -34.8  150.75073608
 47.1 -25.5 -34.7  134.990727553
 47.1 -25.4 -34.6  119.54587
 47.1 -25.3 -34.5  104.461610483
 47.0 -25.2 -34.4  89.7818756842
 47.0 -25.1 -34.3  75.5488043884
 47.0 -25.0 -34.2  61.802487708
 47.0 -24.9 -34.1  48.5807191548
 47.0 -24.8 -34.0  35.9187566252
 46.9 -24.7 -33.9  23.8490982904
 46.9 -24.6 -33.8  12.4012743031
 46.9 -24.5 -33.7  1.60165612763
 46.9 -24.4 -33.6 -8.52671481528
 46.9 -24.3 -33.5 -17.9642776326
 46.8 -24.2 -33.4 -26.6950801639
 46.8 -24.1 -33.3 -34.7068836593
 46.8 -24.0 -33.2 -41.9912428583
 46.8 -23.9 -33.1 -48.5435605796
 46.7 -23.8 -33.0 -54.3631161272
 46.7 -23.7 -32.9 -59.4530670187
 46.7 -23.6 -32.8 -63.820423749
 46.7 -23.5 -32.7 -67.4759975138
 46.7 -23.4 -32.6 -70.4343210327
 46.6 -23.3 -32.5 -72.713542824
 46.6 -23.2 -32.4 -74.3352954977
 46.6 -23.1 -32.3 -75.3245388462
 46.6 -23.0 -32.2 -75.7093787124
 46.6 -22.9 -32.1 -75.5208628203
 46.5 -22.8 -32.0 -74.7927549386
 46.5 -22.7 -31.9 -73.5612889331
 46.5 -22.6 -31.8 -71.8649044286
 46.5 -22.5 -31.7 -69.7439659627
 46.5 -22.4 -31.6 -67.2404676494
 46.4 -22.3 -31.5 -64.3977255033
 46.4 -22.2 -31.4 -61.2600596779
 46.4 -22.1 -31.3 -57.8724689693
 46.4 -22.0 -31.2 -54.2803000033
 46.4 -21.9 -31.1 -50.5289135836
 46.3 -21.8 -31.0 -46.663350707
 46.3 -21.7 -30.9 -42.7280007672
 46.3 -21.6 -30.8 -38.7662744631
 46.3 -21.6 -30.7 -34.8202838963
 46.3 -21.5 -30.6 -30.930532298
 46.2 -21.4 -30.5 -27.1356157561
 46.2 -21.3 -30.4 -23.471939226
 46.2 -21.2 -30.3 -19.9734490036
 46.2 -21.1 -30.2 -16.6713837145
 46.2 -21.0 -30.1 -13.5940457322
 46.1 -20.9 -30.0 -10.7665947827
 46.1 -20.8 -29.9 -8.21086532153
 46.1 -20.7 -29.8 -5.94520908406
 46.1 -20.6 -29.7 -3.98436401635
 46.1 -20.5 -29.6 -2.33935058634
 46.0 -20.4 -29.5 -1.01739626253
 46.0 -20.3 -29.4 -0.0218887267713
 46.0 -20.2 -29.3  0.647641837252
 46.0 -20.1 -29.2  0.995511265621
 46.0 -20.0 -29.1  1.02984086023
 45.9 -19.9 -29.0  0.762488101008
 45.9 -19.8 -28.9  0.208949190429
 45.9 -19.7 -28.8 -0.611765783791
 45.9 -19.6 -28.7 -1.6772840691
 45.8 -19.5 -28.6 -2.96204664818
 45.8 -19.4 -28.5 -4.43750842091
 45.8 -19.3 -28.4 -6.07236058746
 45.8 -19.2 -28.3 -7.83277348248
 45.8 -19.1 -28.2 -9.68265795518
 45.7 -19.0 -28.1 -11.583943251
 45.7 -18.9 -28.0 -13.4968692289
 45.7 -18.8 -27.9 -15.3802906427
 45.7 -18.7 -27.8 -17.1919911328
 45.7 -18.6 -27.7 -18.8890045035
 45.6 -18.5 -27.6 -20.4279408205
 45.6 -18.4 -27.5 -21.7653148345
 45.6 -18.3 -27.4 -22.8578742305
 45.6 -18.2 -27.3 -23.6629252206
 45.6 -18.1 -27.2 -24.1386530307
 45.5 -18.0 -27.1 -24.2444348856
 45.5 -17.9 -27.0 -23.941143175
 45.5 -17.8 -26.9 -23.1914365707
 45.5 -17.7 -26.8 -21.9600369781
 45.5 -17.6 -26.7 -20.2139903318
 45.4 -17.5 -26.6 -17.9229093868
 45.4 -17.4 -26.5 -15.0591968121
 45.4 -17.3 -26.4 -11.5982470653
 45.4 -17.2 -26.3 -7.51862570361
 45.4 -17.1 -26.2 -2.80222498115
 45.3 -17.0 -26.1  2.56560522509
 45.3 -17.0 -26.0  8.59595190871
 45.3 -16.9 -25.9  15.2962593897
 45.3 -16.8 -25.8  22.6702760624
 45.3 -16.7 -25.7  30.7180275542
 45.2 -16.6 -25.6  39.4358162017
 45.2 -16.5 -25.5  48.8162465421
 45.2 -16.4 -25.4  58.8482763154
 45.2 -16.3 -25.3  69.5172922736
 45.2 -16.2 -25.2  80.8052099032
 45.1 -16.1 -25.1  92.6905959893
 45.1 -16.0 -25.0  105.148812776
 45.1 -15.9 -24.9  118.152182327
 45.1 -15.8 -24.8  131.670169536
 45.1 -15.7 -24.7  145.669582122
 45.0 -15.6 -24.6  160.114785822
 45.0 -15.5 -24.5  174.967932891
 45.0 -15.4 -24.4  190.189201958
 45.0 -15.3 -24.3  205.737047205
 44.9 -15.2 -24.2  221.568454808
 44.9 -15.1 -24.1  237.639204537
 44.9 -15.0 -24.0  253.904134424
 44.9 -14.9 -23.9  270.317406401
 44.9 -14.8 -23.8  286.832770846
 44.8 -14.7 -23.7  303.403828033
 44.8 -14.6 -23.6  319.984284511
 44.8 -14.5 -23.5  336.528202559
 44.8 -14.4 -23.4  352.990240928
 44.8 -14.3 -23.3  369.325885195
 44.7 -14.2 -23.2  385.491666186
 44.7 -14.1 -23.1  401.445365048
 44.7 -14.0 -23.0  417.146203693
 44.7 -13.9 -22.9  432.555019496
 44.7 -13.8 -22.8  447.634423286
 44.6 -13.7 -22.7  462.348939833
 44.6 -13.6 -22.6  476.665130213
 44.6 -13.5 -22.5  490.551695581
 44.6 -13.4 -22.4  503.979562105
 44.6 -13.3 -22.3  516.921946923
 44.5 -13.2 -22.2  529.354405224
 44.5 -13.1 -22.1  541.254858664
 44.5 -13.0 -22.0  552.603605529
 44.5 -12.9 -21.9  563.383313204
 44.5 -12.8 -21.8  573.578993636
 44.4 -12.7 -21.7  583.177962658
 44.4 -12.6 -21.6  592.169784117
 44.4 -12.5 -21.5  600.546199923
 44.4 -12.4 -21.4  608.301047189
 44.4 -12.3 -21.3  615.43016376
 44.3 -12.3 -21.2  621.931283489
 44.3 -12.2 -21.1  627.803922674
 44.3 -12.1 -21.0  633.04925914
 44.3 -12.0 -20.9  637.670005468
 44.3 -11.9 -20.8  641.670277868
 44.2 -11.8 -20.7  645.055462253
 44.2 -11.7 -20.6  647.832078992
 44.2 -11.6 -20.5  650.007647823
 44.2 -11.5 -20.4  651.590554382
 44.2 -11.4 -20.3  652.589919694
 44.1 -11.3 -20.2  653.015473962
 44.1 -11.2 -20.1  652.877435862
 44.1 -11.1 -20.0  652.186398477
 44.1 -11.0 -19.9  650.953222913
 44.0 -10.9 -19.8  649.18894049
 44.0 -10.8 -19.7  646.904664324
 44.0 -10.7 -19.6  644.111510957
 44.0 -10.6 -19.5  640.820532571
 44.0 -10.5 -19.4  637.042660199
 43.9 -10.4 -19.3  632.788658176
 43.9 -10.3 -19.2  628.069089977
 43.9 -10.2 -19.1  622.894295414
 43.9 -10.1 -19.0  617.27437904
 43.9 -10.0 -18.9  611.219209494
 43.8 -9.9 -18.8  604.738429362
 43.8 -9.8 -18.7  597.841475028
 43.8 -9.7 -18.6  590.537605865
 43.8 -9.6 -18.5  582.835942027
 43.8 -9.5 -18.4  574.74550997
 43.7 -9.4 -18.3  566.27529479
 43.7 -9.3 -18.2  557.434298354
 43.7 -9.2 -18.1  548.231602154
 43.7 -9.1 -18.0  538.676433765
 43.7 -9.0 -17.9  528.77823574
 43.6 -8.9 -17.8  518.546735757
 43.6 -8.8 -17.7  507.992016829
 43.6 -8.7 -17.6  497.124586373
 43.6 -8.6 -17.5  485.955442976
 43.6 -8.5 -17.4  474.496139693
 43.5 -8.4 -17.3  462.758842791
 43.5 -8.3 -17.2  450.756384871
 43.5 -8.2 -17.1  438.502311406
 43.5 -8.1 -17.0  426.010919765
 43.5 -8.0 -16.9  413.297289926
 43.4 -7.9 -16.8  400.377306149
 43.4 -7.8 -16.7  387.267668991
 43.4 -7.7 -16.6  373.985897163
 43.4 -7.7 -16.5  360.550318846
 43.4 -7.6 -16.4  346.980052198
 43.3 -7.5 -16.3  333.294974918
 43.3 -7.4 -16.2  319.515682858
 43.3 -7.3 -16.1  305.663437807
 43.3 -7.2 -16.0  291.76010468
 43.3 -7.1 -15.9  277.828078507
 43.2 -7.0 -15.8  263.890201695
 43.2 -6.9 -15.7  249.969672191
 43.2 -6.8 -15.6  236.089943257
 43.2 -6.7 -15.5  222.2746157
 43.1 -6.6 -15.4  208.547323464
 43.1 -6.5 -15.3  194.931613605
 43.1 -6.4 -15.2  181.450821736
 43.1 -6.3 -15.1  168.127944087
 43.1 -6.2 -15.0  154.985507385
 43.0 -6.1 -14.9  142.045437811
 43.0 -6.0 -14.8  129.328930297
 43.0 -5.9 -14.7  116.856319449
 43.0 -5.8 -14.6  104.646953405
 43.0 -5.7 -14.5  92.7190718819
 42.9 -5.6 -14.4  81.0896896817
 42.9 -5.5 -14.3  69.7744868607
 42.9 -5.4 -14.2  58.7877067281
 42.9 -5.3 -14.1  48.1420627704
 42.9 -5.2 -14.0  37.8486555212
 42.8 -5.1 -13.9  27.9169003124
 42.8 -5.0 -13.8  18.3544667423
 42.8 -4.9 -13.7  9.1672305904
 42.8 -4.8 -13.6  0.359238792563
 42.8 -4.7 -13.5 -8.0673120312
 42.7 -4.6 -13.4 -16.1120831335
 42.7 -4.5 -13.3 -23.7765870506
 42.7 -4.4 -13.2 -31.0641667752
 42.7 -4.3 -13.1 -37.9799607348
 42.7 -4.2 -13.0 -44.5308537623
 42.6 -4.1 -12.9 -50.7254143797
 42.6 -4.0 -12.8 -56.5738188576
 42.6 -3.9 -12.7 -62.0877626396
 42.6 -3.8 -12.6 -67.2803598556
 42.6 -3.7 -12.5 -72.1660317632
 42.5 -3.6 -12.4 -76.7603850772
 42.5 -3.5 -12.3 -81.0800812461
 42.5 -3.4 -12.2 -85.142697837
 42.5 -3.3 -12.1 -88.9665832704
 42.5 -3.2 -12.0 -92.5707062216
 42.4 -3.1 -11.9 -95.9745010676
 42.4 -3.1 -11.8 -99.1977108038
 42.4 -3.0 -11.7 -102.260228889
 42.4 -2.9 -11.6 -105.1819415
 42.4 -2.8 -11.5 -107.982571675
 42.3 -2.7 -11.4 -110.681526825
 42.3 -2.6 -11.3 -113.297751063
 42.3 -2.5 -11.2 -115.849583759
 42.3 -2.4 -11.1 -118.354625682
 42.2 -2.3 -11.0 -120.82961402
 42.2 -2.2 -10.9 -123.290307499
 42.2 -2.1 -10.8 -125.751382699
 42.2 -2.0 -10.7 -128.226342608
 42.2 -1.9 -10.6 -130.727438298
 42.1 -1.8 -10.5 -133.265604504
 42.1 -1.7 -10.4 -135.850409746
 42.1 -1.6 -10.3 -138.490021499
 42.1 -1.5 -10.2 -141.191186768
 42.1 -1.4 -10.1 -143.959228257
 42.0 -1.3 -10.0 -146.798056202
 42.0 -1.2 -9.9 -149.710195749
 42.0 -1.1 -9.8 -152.69682961
 42.0 -1.0 -9.7 -155.75785559
 42.0 -0.9 -9.6 -158.891958403
 41.9 -0.8 -9.5 -162.096695066
 41.9 -0.7 -9.4 -165.368593008
 41.9 -0.6 -9.3 -168.703259895
 41.9 -0.5 -9.2 -172.095504058
 41.9 -0.4 -9.1 -175.539464277
 41.8 -0.3 -9.0 -179.028747586
 41.8 -0.2 -8.9 -182.556573655
 41.8 -0.1 -8.8 -186.115924247
 41.8 -0.0 -8.7 -189.699696154
 41.8  0.1 -8.6 -193.300855989
 41.7  0.2 -8.5 -196.91259517
 41.7  0.3 -8.4 -200.528483403
 41.7  0.4 -8.3 -204.142618977
 41.7  0.5 -8.2 -207.7497742
 41.7  0.6 -8.1 -211.345534321
 41.6  0.7 -8.0 -214.926428348
 41.6  0.8 -7.9 -218.49005022
 41.6  0.9 -7.8 -222.035168864
 41.6  1.0 -7.7 -225.561825787
 41.6  1.1 -7.6 -229.071418925
 41.5  1.2 -7.5 -232.566771613
 41.5  1.3 -7.4 -236.052185677
 41.5  1.4 -7.3 -239.533477755
 41.5  1.5 -7.2 -243.017998172
 41.5  1.6 -7.1 -246.514631779
 41.4  1.6 -7.0 -250.033780405
 41.4  1.7 -6.9 -253.587326691
 41.4  1.8 -6.8 -257.188579287
 41.4  1.9 -6.7 -260.852199569
 41.3  2.0 -6.6 -264.594110183
 41.3  2.1 -6.5 -268.431385959
 41.3  2.2 -6.4 -272.38212786
 41.3  2.3 -6.3 -276.465320839
 41.3  2.4 -6.2 -280.700676633
 41.2  2.5 -6.1 -285.10846268
 41.2  2.6 -6.0 -289.709318496
 41.2  2.7 -5.9 -294.524060996
 41.2  2.8 -5.8 -299.573480363
 41.2  2.9 -5.7 -304.878128174
 41.1  3.0 -5.6 -310.458099624
 41.1  3.1 -5.5 -316.332811733
 41.1  3.2 -5.4 -322.520779511
 41.1  3.3 -5.3 -329.039392114
 41.1  3.4 -5.2 -335.904691032
 41.0  3.5 -5.1 -343.131152381
 41.0  3.6 -5.0 -350.731475379
 41.0  3.7 -4.9 -358.716379019
 41.0  3.8 -4.8 -367.094408973
 41.0  3.9 -4.7 -375.871756644
 40.9  4.0 -4.6 -385.052092243
 40.9  4.1 -4.5 -394.636413647
 40.9  4.2 -4.4 -404.622912715
 40.9  4.3 -4.3 -415.006860565
 40.9  4.4 -4.2 -425.780513218
 40.8  4.5 -4.1 -436.93303883
 40.8  4.6 -4.0 -448.450467571
 40.8  4.7 -3.9 -460.315665035
 40.8  4.8 -3.8 -472.508329876
 40.8  4.9 -3.7 -485.005016147
 40.7  5.0 -3.6 -497.77918066
 40.7  5.1 -3.5 -510.80125542
 40.7  5.2 -3.4 -524.038745024
 40.7  5.3 -3.3 -537.456348681
 40.7  5.4 -3.2 -551.016106291
 40.6  5.5 -3.1 -564.677567845
 40.6  5.6 -3.0 -578.397985161
 40.6  5.7 -2.9 -592.13252482
 40.6  5.8 -2.8 -605.834500938
 40.6  5.9 -2.7 -619.455626261
 40.5  6.0 -2.6 -632.946279883
 40.5  6.1 -2.5 -646.255789746
 40.5  6.2 -2.4 -659.332727938
 40.5  6.2 -2.3 -672.125216675
 40.4  6.3 -2.2 -684.581242757
 40.4  6.4 -2.1 -696.648978188
 40.4  6.5 -2.0 -708.277104595
 40.4  6.6 -1.9 -719.415139006
 40.4  6.7 -1.8 -730.013758547
 40.3  6.8 -1.7 -740.02512158
 40.3  6.9 -1.6 -749.403182826
 40.3  7.0 -1.5 -758.104000058
 40.3  7.1 -1.4 -766.086029973
 40.3  7.2 -1.3 -773.310410949
 40.2  7.3 -1.2 -779.741230472
 40.2  7.4 -1.1 -785.345775119
 40.2  7.5 -1.0 -790.094761127
 40.2  7.6 -0.9 -793.962543709
 40.2  7.7 -0.8 -796.927303435
 40.1  7.8 -0.7 -798.971208186
 40.1  7.9 -0.6 -800.080549351
 40.1  8.0 -0.5 -800.245851155
 40.1  8.1 -0.4 -799.461952201
 40.1  8.2 -0.3 -797.728058539
 40.0  8.3 -0.2 -795.047767761
 40.0  8.4 -0.1 -791.429063904
 40.0  8.5  0.0 -786.884283113
 40.0  8.6  0.1 -781.430050269
 40.0  8.7  0.2 -775.087187037
 39.9  8.8  0.3 -767.880591963
 39.9  8.9  0.4 -759.8390935
 39.9  9.0  0.5 -750.99527706
 39.9  9.1  0.6 -741.385287355
 39.9  9.2  0.7 -731.048607523
 39.8  9.3  0.8 -720.027816685
 39.8  9.4  0.9 -708.36832775
 39.8  9.5  1.0 -696.118107453
 39.8  9.6  1.1 -683.327380714
 39.8  9.7  1.2 -670.048321552
 39.7  9.8  1.3 -656.334732862
 39.7  9.9  1.4 -642.24171746
 39.7  10.0  1.5 -627.825342852
 39.7  10.1  1.6 -613.142302209
 39.7  10.2  1.7 -598.24957408
 39.6  10.3  1.8 -583.204083337
 39.6  10.4  1.9 -568.062365836
 39.6  10.5  2.0 -552.880239261
 39.6  10.6  2.1 -537.71248249
 39.6  10.7  2.2 -522.612525817
 39.5  10.8  2.3 -507.632154199
 39.5  10.8  2.4 -492.821225619
 39.5  10.9  2.5 -478.227406489
 39.5  11.0  2.6 -463.895925906
 39.4  11.1  2.7 -449.869350361
 39.4  11.2  2.8 -436.187380363
 39.4  11.3  2.9 -422.886670244
 39.4  11.4  3.0 -410.000672187
 39.4  11.5  3.1 -397.559505362
 39.3  11.6  3.2 -385.589850796
 39.3  11.7  3.3 -374.11487243
 39.3  11.8  3.4 -363.154164571
 39.3  11.9  3.5 -352.723725741
 39.3  12.0  3.6 -342.835958727
 39.2  12.1  3.7 -333.499696384
 39.2  12.2  3.8 -324.720252598
 39.2  12.3  3.9 -316.499497546
 39.2  12.4  4.0 -308.835956274
 39.2  12.5  4.1 -301.724929375
 39.1  12.6  4.2 -295.158634418
 39.1  12.7  4.3 -289.126366612
 39.1  12.8  4.4 -283.614677052
 39.1  12.9  4.5 -278.607566768
 39.1  13.0  4.6 -274.086694696
 39.0  13.1  4.7 -270.031597593
 39.0  13.2  4.8 -266.419919857
 39.0  13.3  4.9 -263.227651141
 39.0  13.4  5.0 -260.429369644
 39.0  13.5  5.1 -257.998488912
 38.9  13.6  5.2 -255.90750602
 38.9  13.7  5.3 -254.128248995
 38.9  13.8  5.4 -252.632121412
 38.9  13.9  5.5 -251.390342127
 38.9  14.0  5.6 -250.374178203
 38.8  14.1  5.7 -249.555169169
 38.8  14.2  5.8 -248.905340865
 38.8  14.3  5.9 -248.397407239
 38.8  14.4  6.0 -248.004958609
 38.8  14.5  6.1 -247.702635032
 38.7  14.6  6.2 -247.466283598
 38.7  14.7  6.3 -247.273098616
 38.7  14.8  6.4 -247.101743844
 38.7  14.9  6.5 -246.932456078
 38.7  15.0  6.6 -246.747129618
 38.6  15.1  6.7 -246.529381288
 38.6  15.2  6.8 -246.264595893
 38.6  15.3  6.9 -245.939952171
 38.6  15.4  7.0 -245.544429469
 38.5  15.4  7.1 -245.068795568
 38.5  15.5  7.2 -244.505576228
 38.5  15.6  7.3 -243.849007212
 38.5  15.7  7.4 -243.094969673
 38.5  15.8  7.5 -242.240909961
 38.4  15.9  7.6 -241.285745002
 38.4  16.0  7.7 -240.229754555
 38.4  16.1  7.8 -239.074461745
 38.4  16.2  7.9 -237.822503332
 38.4  16.3  8.0 -236.47749131
 38.3  16.4  8.1 -235.043867424
 38.3  16.5  8.2 -233.526752293
 38.3  16.6  8.3 -231.931790806
 38.3  16.7  8.4 -230.264995508
 38.3  16.8  8.5 -228.532589649
 38.2  16.9  8.6 -226.74085159
 38.2  17.0  8.7 -224.895962171
 38.2  17.1  8.8 -223.00385664
 38.2  17.2  8.9 -221.070082645
 38.2  17.3  9.0 -219.099665709
 38.1  17.4  9.1 -217.096983534
 38.1  17.5  9.2 -215.065650348
 38.1  17.6  9.3 -213.008412417
 38.1  17.7  9.4 -210.927055681
 38.1  17.8  9.5 -208.822326383
 38.0  17.9  9.6 -206.693865382
 38.0  18.0  9.7 -204.540156712
 38.0  18.1  9.8 -202.358490781
 38.0  18.2  9.9 -200.144942488
 38.0  18.3  10.0 -197.894364321
 37.9  18.4  10.1 -195.600394416
 37.9  18.5  10.2 -193.255479343
 37.9  18.6  10.3 -190.850911278
 37.9  18.7  10.4 -188.376879067
 37.9  18.8  10.5 -185.822532539
 37.8  18.9  10.6 -183.176059313
 37.8  19.0  10.7 -180.424773226
 37.8  19.1  10.8 -177.555213378
 37.8  19.2  10.9 -174.553252722
 37.8  19.3  11.0 -171.404215009
 37.7  19.4  11.1 -168.092998865
 37.7  19.5  11.2 -164.604207667
 37.7  19.6  11.3 -160.922283878
 37.7  19.7  11.4 -157.031646464
 37.6  19.8  11.5 -152.916829963
 37.6  19.9  11.6 -148.562623837
 37.6  20.0  11.7 -143.954210667
 37.6  20.1  11.8 -139.077301865
 37.6  20.1  11.9 -133.91826954
 37.5  20.2  12.0 -128.464273245
 37.5  20.3  12.1 -122.703380404
 37.5  20.4  12.2 -116.624679263
 37.5  20.5  12.3 -110.218383327
 37.5  20.6  12.4 -103.475926323
 37.4  20.7  12.5 -96.3900468435
 37.4  20.8  12.6 -88.954861948
 37.4  20.9  12.7 -81.1659290977
 37.4  21.0  12.8 -73.0202959504
 37.4  21.1  12.9 -64.5165376565
 37.3  21.2  13.0 -55.6547814369
 37.3  21.3  13.1 -46.4367183554
 37.3  21.4  13.2 -36.8656023325
 37.3  21.5  13.3 -26.9462365803
 37.3  21.6  13.4 -16.6849477672
 37.2  21.7  13.5 -6.08954834489
 37.2  21.8  13.6  4.83071240769
 37.2  21.9  13.7  16.0652079586
 37.2  22.0  13.8  27.6020039453
 37.2  22.1  13.9  39.4279365778
 37.1  22.2  14.0  51.5286990724
 37.1  22.3  14.1  63.8889350884
 37.1  22.4  14.2  76.4923380776
 37.1  22.5  14.3  89.3217554067
 37.1  22.6  14.4  102.359296072
 37.0  22.7  14.5  115.586440805
 37.0  22.8  14.6  128.984153344
 37.0  22.9  14.7  142.53299167
 37.0  23.0  14.8  156.213217995
 37.0  23.1  14.9  170.004906335
 36.9  23.2  15.0  183.888046536
 36.9  23.3  15.1  197.842643676
 36.9  23.4  15.2  211.848811828
 36.9  23.5  15.3  225.886861246
 36.9  23.6  15.4  239.937378127
 36.8  23.7  15.5  253.981296188
 36.8  23.8  15.6  267.999959418
 36.8  23.9  15.7  281.97517545
 36.8  24.0  15.8  295.889259143
 36.7  24.1  15.9  309.725066069
 36.7  24.2  16.0  323.466015731
 36.7  24.3  16.1  337.096104459
 36.7  24.4  16.2  350.599908075
 36.7  24.5  16.3  363.962574529
 36.6  24.6  16.4  377.169806833
 36.6  24.7  16.5  390.207836766
 36.6  24.7  16.6  403.063389907
 36.6  24.8  16.7  415.723642686
 36.6  24.9  16.8  428.176172242
 36.5  25.0  16.9  440.408899975
 36.5  25.1  17.0  452.410029749
 36.5  25.2  17.1  464.167981813
 36.5  25.3  17.2  475.671323521
 36.5  25.4  17.3  486.908698043
 36.4  25.5  17.4  497.86875224
 36.4  25.6  17.5  508.540064948
 36.4  25.7  17.6  518.911076903
 36.4  25.8  17.7  528.970023537
 36.4  25.9  17.8  538.704871884
 36.3  26.0  17.9  548.103262761
 36.3  26.1  18.0  557.152459393
 36.3  26.2  18.1  565.839303564
 36.3  26.3  18.2  574.15018031
 36.3  26.4  18.3  582.070992092
 36.2  26.5  18.4  589.587143304
 36.2  26.6  18.5  596.683535826
 36.2  26.7  18.6  603.344576278
 36.2  26.8  18.7  609.554195445
 36.2  26.9  18.8  615.295880256
 36.1  27.0  18.9  620.552718545
 36.1  27.1  19.0  625.30745667
 36.1  27.2  19.1  629.542569948
 36.1  27.3  19.2  633.240345682
 36.1  27.4  19.3  636.382978437
 36.0  27.5  19.4  638.952677051
 36.0  27.6  19.5  640.931782739
 36.0  27.7  19.6  642.302897494
 36.0  27.8  19.7  643.049021857
 36.0  27.9  19.8  643.153701013
 35.9  28.0  19.9  642.601178011
 35.9  28.1  20.0  641.376552851
 35.9  28.2  20.1  639.465946021
 35.9  28.3  20.2  636.856665028
 35.8  28.4  20.3  633.537372362
 35.8  28.5  20.4  629.498253275
 35.8  28.6  20.5  624.731181727
 35.8  28.7  20.6  619.229882805
 35.8  28.8  20.7  612.990089892
 35.7  28.9  20.8  606.009694916
 35.7  29.0  20.9  598.28888995
 35.7  29.1  21.0  589.830298554
 35.7  29.2  21.1  580.639095213
 35.7  29.3  21.2  570.723111383
 35.6  29.3  21.3  560.092926654
 35.6  29.4  21.4  548.761943707
 35.6  29.5  21.5  536.746445806
 35.6  29.6  21.6  524.065635732
 35.6  29.7  21.7  510.741655166
 35.5  29.8  21.8  496.799583724
 35.5  29.9  21.9  482.267416961
 35.5  30.0  22.0  467.176022878
 35.5  30.1  22.1  451.559076602
 35.5  30.2  22.2  435.452973138
 35.4  30.3  22.3  418.896718222
 35.4  30.4  22.4  401.931797575
 35.4  30.5  22.5  384.602024956
 35.4  30.6  22.6  366.953369701
 35.4  30.7  22.7  349.033764532
 35.3  30.8  22.8  330.89289469
 35.3  30.9  22.9  312.581969551
 35.3  31.0  23.0  294.153478112
 35.3  31.1  23.1  275.660929864
 35.3  31.2  23.2  257.158582729
 35.2  31.3  23.3  238.701159877
 35.2  31.4  23.4  220.343557373
 35.2  31.5  23.5  202.140544692
 35.2  31.6  23.6  184.146460266
 35.2  31.7  23.7  166.41490427
 35.1  31.8  23.8  148.998430937
 35.1  31.9  23.9  131.948242727
 35.1  32.0  24.0  115.313888688
 35.1  32.1  24.1  99.1429693591
 35.1  32.2  24.2  83.4808505408
 35.0  32.3  24.3  68.3703882169
 35.0  32.4  24.4  53.8516668662
 35.0  32.5  24.5  39.9617533091
 35.0  32.6  24.6  26.7344681502
 34.9  32.7  24.7  14.2001767545
 34.9  32.8  24.8  2.38560156884
 34.9  32.9  24.9 -8.68634255299
 34.9  33.0  25.0 -18.9966885251
 34.9  33.1  25.1 -28.5305313863
 34.8  33.2  25.2 -37.2771157129
 34.8  33.3  25.3 -45.2298951613
 34.8  33.4  25.4 -52.3865634284
 34.8  33.5  25.5 -58.7490561344
 34.8  33.6  25.6 -64.3235233594
 34.7  33.7  25.7 -69.1202727943
 34.7  33.8  25.8 -73.1536836961
 34.7  33.9  25.9 -76.4420920719
 34.7  34.0  26.0 -79.0076477429
 34.7  34.0  26.1 -80.8761441674
 34.6  34.1  26.2 -82.0768221224
 34.6  34.2  26.3 -82.6421485542
 34.6  34.3  26.4 -82.6075721136
 34.6  34.4  26.5 -82.0112570834
 34.6  34.5  26.6 -80.8937975841
 34.5  34.6  26.7 -79.29791411
 34.5  34.7  26.8 -77.2681345968
 34.5  34.8  26.9 -74.8504623526
 34.5  34.9  27.0 -72.0920333001
 34.5  35.0  27.1 -69.0407650702
 34.4  35.1  27.2 -65.7450005617
 34.4  35.2  27.3 -62.2531486356
 34.4  35.3  27.4 -58.6133246437
 34.4  35.4  27.5 -54.8729935009
 34.4  35.5  27.6 -51.078617999
 34.3  35.6  27.7 -47.2753150263
 34.3  35.7  27.8 -43.5065223009
 34.3  35.8  27.9 -39.8136781494
 34.3  35.9  28.0 -36.2359167668
 34.3  36.0  28.1 -32.809781272
 34.2  36.1  28.2 -29.5689567438
 34.2  36.2  28.3 -26.5440252617
 34.2  36.3  28.4 -23.76224481
 34.2  36.4  28.5 -21.2473537172
 34.2  36.5  28.6 -19.0194021014
 34.1  36.6  28.7 -17.0946115852
 34.1  36.7  28.8 -15.4852643185
 34.1  36.8  28.9 -14.1996221214
 34.1  36.9  29.0 -13.2418763207
 34.0  37.0  29.1 -12.6121286147
 34.0  37.1  29.2 -12.3064030581
 34.0  37.2  29.3 -12.3166890141
 34.0  37.3  29.4 -12.63101468
 34.0  37.4  29.5 -13.2335505547
 33.9  37.5  29.6 -14.1047419838
 33.9  37.6  29.7 -15.2214696906
 33.9  37.7  29.8 -16.5572369904
 33.9  37.8  29.9 -18.0823821751
 33.9  37.9  30.0 -19.7643143686
 33.8  38.0  30.1 -21.5677709708
 33.8  38.1  30.2 -23.4550946523
 33.8  38.2  30.3 -25.3865277118
 33.8  38.3  30.4 -27.3205214849
 33.8  38.4  30.5 -29.2140583865
 33.7  38.5  30.6 -31.0229840798
 33.7  38.6  30.7 -32.7023472005
 33.7  38.6  30.8 -34.2067440189
 33.7  38.7  30.9 -35.4906654002
 33.7  38.8  31.0 -36.5088434198
 33.6  38.9  31.1 -37.2165950103
 33.6  39.0  31.2 -37.5701600597
 33.6  39.1  31.3 -37.5270314381
 33.6  39.2  31.4 -37.046274516
 33.6  39.3  31.5 -36.0888338338
 33.5  39.4  31.6 -34.6178247067
 33.5  39.5  31.7 -32.5988076808
 33.5  39.6  31.8 -30.0000439116
 33.5  39.7  31.9 -26.7927297038
 33.5  39.8  32.0 -22.9512086289
 33.4  39.9  32.1 -18.4531598323
 33.4  40.0  32.2 -13.2797613393
 33.4  40.1  32.3 -7.41582738384
 33.4  40.2  32.4 -0.849918993852
 33.4  40.3  32.5  6.42557270808
 33.3  40.4  32.6  14.4143708106
 33.3  40.5  32.7  23.1162846242
 33.3  40.6  32.8  32.5272092732
 33.3  40.7  32.9  42.6391525288
 33.3  40.8  33.0  53.440288329
 33.2  40.9  33.1  64.915036226
 33.2  41.0  33.2  77.0441658052
 33.2  41.1  33.3  89.8049249313
 33.2  41.2  33.4  103.171190505
 33.1  41.3  33.5  117.113640246
 33.1  41.4  33.6  131.599943887
 33.1  41.5  33.7  146.594971994
 33.1  41.6  33.8  162.061020575
 33.1  41.7  33.9  177.958049472
 33.0  41.8  34.0  194.243932502
 33.0  41.9  34.1  210.87471723
 33.0  42.0  34.2  227.804892225
 33.0  42.1  34.3  244.98765961
 33.0  42.2  34.4  262.375210734
 32.9  42.3  34.5  279.919002791
 32.9  42.4  34.6  297.570034269
 32.9  42.5  34.7  315.279117117
 32.9  42.6  34.8  332.997143653
 32.9  42.7  34.9  350.675346252
 32.8  42.8  35.0  368.265548009
 32.8  42.9  35.1  385.720402649
 32.8  43.0  35.2  402.993622114
 32.8  43.1  35.3  420.040190368
 32.8  43.2  35.4  436.816562133
 32.7  43.2  35.5  453.28084543
 32.7  43.3  35.6  469.392966933
 32.7  43.4  35.7  485.114819375
 32.7  43.5  35.8  500.410390353
 32.7  43.6  35.9  515.245872113
 32.6  43.7  36.0  529.589752052
 32.6  43.8  36.1  543.412883847
 32.6  43.9  36.2  556.688539314
 32.6  44.0  36.3  569.392441252
 32.6  44.1  36.4  581.502777715
 32.5  44.2  36.5  593.000198293
 32.5  44.3  36.6  603.867793146
 32.5  44.4  36.7  614.091055661
 32.5  44.5  36.8  623.657829754
 32.5  44.6  36.9  632.558242928
 32.4  44.7  37.0  640.784626318
 32.4  44.8  37.1  648.331423037
 32.4  44.9  37.2  655.195086224
 32.4  45.0  37.3  661.373968215
 32.4  45.1  37.4  666.868202367
 32.3  45.2  37.5  671.679579023
 32.3  45.3  37.6  675.811417166
 32.3  45.4  37.7  679.268433293
 32.3  45.5  37.8  682.056609005
 32.2  45.6  37.9  684.183058799
 32.2  45.7  38.0  685.655899488
 32.2  45.8  38.1  686.484122602
 32.2  45.9  38.2  686.67747107
 32.2  46.0  38.3  686.246321381
 32.1  46.1  38.4  685.201572313
 32.1  46.2  38.5  683.554541244
 32.1  46.3  38.6  681.316868903
 32.1  46.4  38.7  678.500433319
 32.1  46.5  38.8  675.11727359
 32.0  46.6  38.9  671.179523959
 32.0  46.7  39.0  666.699358534
 32.0  46.8  39.1  661.688946878
 32.0  46.9  39.2  656.160420517
 32.0  47.0  39.3  650.125850319
 31.9  47.1  39.4  643.597234518
 31.9  47.2  39.5  636.586497053
 31.9  47.3  39.6  629.10549577
 31.9  47.4  39.7  621.166039887
 31.9  47.5  39.8  612.779916051
 31.8  47.6  39.9  603.958922167
 31.8  47.7  40.0  594.714908145
 31.8  47.8  40.1  585.059822572
 31.8  47.9  40.2  575.005764292
 31.8  47.9  40.3  564.565037801
 31.7  48.0  40.4  553.750211315
 31.7  48.1  40.5  542.574176367
 31.7  48.2  40.6  531.050207742
 31.7  48.3  40.7  519.192022572
 31.7  48.4  40.8  507.013837435
 31.6  48.5  40.9  494.530422304
 31.6  48.6  41.0  481.75715025
 31.6  48.7  41.1  468.71004185
 31.6  48.8  41.2  455.40580331
 31.6  48.9  41.3  441.861857391
 31.5  49.0  41.4  428.096366321
 31.5  49.1  41.5  414.12824595
 31.5  49.2  41.6  399.977170537
 31.5  49.3  41.7  385.663567649
 31.5  49.4  41.8  371.208602775
 31.4  49.5  41.9  356.634153396
 31.4  49.6  42.0  341.962772345
 31.4  49.7  42.1  327.217640471
 31.4  49.8  42.2  312.422508693
 31.3  49.9  42.3  297.601629709
 31.3  50.0  42.4  282.779679728
 31.3  50.1  42.5  267.981670717
 31.3  50.2  42.6  253.232853784
 31.3  50.3  42.7  238.558614437
 31.2  50.4  42.8  223.984360542
 31.2  50.5  42.9  209.535403926
 31.2  50.6  43.0  195.236836658
 31.2  50.7  43.1  181.113403097
 31.2  50.8  43.2  167.189368896
 31.1  50.9  43.3  153.488388177
 31.1  51.0  43.4  140.03337016
 31.1  51.1  43.5  126.846346537
 31.1  51.2  43.6  113.948340909
 31.1  51.3  43.7  101.359241608
 31.0  51.4  43.8  89.097679211
 31.0  51.5  43.9  77.1809100151
 31.0  51.6  44.0  65.6247067281
 31.0  51.7  44.1  54.4432575529
 31.0  51.8  44.2  43.6490747899
 30.9  51.9  44.3  33.252913999
 30.9  52.0  44.4  23.2637046733
 30.9  52.1  44.5  13.6884932761
 30.9  52.2  44.6  4.53239938057
 30.9  52.3  44.7 -4.20141446656
 30.8  52.4  44.8 -12.5117586646
 30.8  52.5  44.9 -20.3994179021
 30.8  52.5  45.0 -27.8671377037
 30.8  52.6  45.1 -34.9195961003
 30.8  52.7  45.2 -41.5633604923
 30.7  52.8  45.3 -47.8068299141
 30.7  52.9  45.4 -53.6601630601
 30.7  53.0  45.5 -59.1351925695
 30.7  53.1  45.6 -64.2453262096
 30.7  53.2  45.7 -69.0054357314
 30.6  53.3  45.8 -73.4317342964
 30.6  53.4  45.9 -77.5416434968
 30.6  53.5  46.0 -81.3536511014
 30.6  53.6  46.1 -84.8871607579
 30.6  53.7  46.2 -88.1623349767
 30.5  53.8  46.3 -91.1999327934
 30.5  53.9  46.4 -94.0211435761
 30.5  54.0  46.5 -96.6474184899
 30.5  54.1  46.6 -99.1003011702
 30.5  54.2  46.7 -101.401259176
 30.4  54.3  46.8 -103.571517796
 30.4  54.4  46.9 -105.631897786
 30.4  54.5  47.0 -107.602658559
 30.4  54.6  47.1 -109.503348351
 30.3  54.7  47.2 -111.352662789
 30.3  54.8  47.3 -113.168313255
 30.3  54.9  47.4 -114.966906307
 30.3  55.0  47.5 -116.763835387
 30.3  55.1  47.6 -118.57318586
 30.2  55.2  47.7 -120.407654365
 30.2  55.3  47.8 -122.278483303
 30.2  55.4  47.9 -124.195411137
 30.2  55.5  48.0 -126.166639041
 30.2  55.6  48.1 -128.198814289
 30.1  55.7  48.2 -130.297030578
 30.1  55.8  48.3 -132.464845353
 30.1  55.9  48.4 -134.704314014
 30.1  56.0  48.5 -137.016040716
 30.1  56.1  48.6 -139.399245319
 30.0  56.2  48.7 -141.851845865
 30.0  56.3  48.8 -144.370555822
 30.0  56.4  48.9 -146.950995151
 30.0  56.5  49.0 -149.587814141
 30.0  56.6  49.1 -152.27482879
 29.9  56.7  49.2 -155.005166406
 29.9  56.8  49.3 -157.77141997
 29.9  56.9  49.4 -160.565809714
 29.9  57.0  49.5 -163.380350274
 29.9  57.1  49.6 -166.207021703
 29.8  57.1  49.7 -169.037942575
 29.8  57.2  49.8 -171.865543369
 29.8  57.3  49.9 -174.682738303
 29.8  57.4  50.0 -177.483093767
