x z dist ED
 40.2 -42.5 -50.0 -221.844312659
 40.2 -42.4 -49.9 -219.930765588
 40.2 -42.3 -49.8 -218.132996175
 40.2 -42.2 -49.7 -216.455815424
 40.1 -42.2 -49.6 -214.903525566
 40.1 -42.1 -49.5 -213.479777552
 40.1 -42.0 -49.4 -212.18743544
 40.1 -41.9 -49.3 -211.028449127
 40.1 -41.8 -49.2 -210.0037368
 40.0 -41.7 -49.1 -209.11307834
 40.0 -41.6 -49.0 -208.355020823
 40.0 -41.5 -48.9 -207.726797097
 40.0 -41.4 -48.8 -207.224258304
 40.0 -41.3 -48.7 -206.841821031
 39.9 -41.2 -48.6 -206.572429659
 39.9 -41.1 -48.5 -206.407534281
 39.9 -41.0 -48.4 -206.337084431
 39.9 -40.9 -48.3 -206.349538683
 39.9 -40.8 -48.2 -206.431890019
 39.8 -40.7 -48.1 -206.569706719
 39.8 -40.6 -48.0 -206.747188355
 39.8 -40.5 -47.9 -206.947236325
 39.8 -40.4 -47.8 -207.151538226
 39.8 -40.3 -47.7 -207.340665211
 39.7 -40.2 -47.6 -207.494181386
 39.7 -40.1 -47.5 -207.590764136
 39.7 -40.0 -47.4 -207.608334215
 39.7 -39.9 -47.3 -207.52419431
 39.7 -39.8 -47.2 -207.315174739
 39.6 -39.7 -47.1 -206.957784845
 39.6 -39.6 -47.0 -206.428368649
 39.6 -39.5 -46.9 -205.703263245
 39.6 -39.4 -46.8 -204.758958427
 39.5 -39.3 -46.7 -203.572256041
 39.5 -39.2 -46.6 -202.120427558
 39.5 -39.1 -46.5 -200.381368387
 39.5 -39.0 -46.4 -198.333747513
 39.5 -38.9 -46.3 -195.957151084
 39.4 -38.8 -46.2 -193.232218654
 39.4 -38.7 -46.1 -190.140770859
 39.4 -38.6 -46.0 -186.665927431
 39.4 -38.5 -45.9 -182.792214518
 39.4 -38.4 -45.8 -178.505660445
 39.3 -38.3 -45.7 -173.793879122
 39.3 -38.2 -45.6 -168.646140502
 39.3 -38.1 -45.5 -163.053427561
 39.3 -38.0 -45.4 -157.008479477
 39.3 -37.9 -45.3 -150.505820786
 39.2 -37.8 -45.2 -143.541776464
 39.2 -37.7 -45.1 -136.114473021
 39.2 -37.6 -45.0 -128.223825837
 39.2 -37.6 -44.9 -119.871513119
 39.2 -37.5 -44.8 -111.060936978
 39.1 -37.4 -44.7 -101.797172279
 39.1 -37.3 -44.6 -92.0869040105
 39.1 -37.2 -44.5 -81.9383540581
 39.1 -37.1 -44.4 -71.3611983608
 39.1 -37.0 -44.3 -60.3664755131
 39.0 -36.9 -44.2 -48.9664879705
 39.0 -36.8 -44.1 -37.1746970734
 39.0 -36.7 -44.0 -25.0056131623
 39.0 -36.6 -43.9 -12.4746820946
 39.0 -36.5 -43.8  0.401830498153
 38.9 -36.4 -43.7  13.6069558685
 38.9 -36.3 -43.6  27.1231383821
 38.9 -36.2 -43.5  40.9323499957
 38.9 -36.1 -43.4  55.0162016951
 38.9 -36.0 -43.3  69.3560506523
 38.8 -35.9 -43.2  83.9331019239
 38.8 -35.8 -43.1  98.7285035863
 38.8 -35.7 -43.0  113.723434294
 38.8 -35.6 -42.9  128.899182342
 38.8 -35.5 -42.8  144.237215427
 38.7 -35.4 -42.7  159.719240415
 38.7 -35.3 -42.6  175.327252559
 38.7 -35.2 -42.5  191.043573732
 38.7 -35.1 -42.4  206.850879383
 38.7 -35.0 -42.3  222.732214077
 38.6 -34.9 -42.2  238.670995604
 38.6 -34.8 -42.1  254.651007797
 38.6 -34.7 -42.0  270.65638236
 38.6 -34.6 -41.9  286.671570108
 38.5 -34.5 -41.8  302.681302205
 38.5 -34.4 -41.7  318.670542083
 38.5 -34.3 -41.6  334.624428871
 38.5 -34.2 -41.5  350.52821327
 38.5 -34.1 -41.4  366.367186924
 38.4 -34.0 -41.3  382.126606423
 38.4 -33.9 -41.2  397.791613178
 38.4 -33.8 -41.1  413.347150455
 38.4 -33.7 -41.0  428.777878934
 38.4 -33.6 -40.9  444.068092192
 38.3 -33.5 -40.8  459.201633536
 38.3 -33.4 -40.7  474.161815625
 38.3 -33.3 -40.6  488.931344334
 38.3 -33.2 -40.5  503.492248251
 38.3 -33.1 -40.4  517.825815213
 38.2 -33.0 -40.3  531.912537205
 38.2 -33.0 -40.2  545.732064874
 38.2 -32.9 -40.1  559.263172857
 38.2 -32.8 -40.0  572.483736993
 38.2 -32.7 -39.9  585.370724408
 38.1 -32.6 -39.8  597.900197316
 38.1 -32.5 -39.7  610.047331255
 38.1 -32.4 -39.6  621.78644834
 38.1 -32.3 -39.5  633.091065955
 38.1 -32.2 -39.4  643.93396114
 38.0 -32.1 -39.3  654.287250771
 38.0 -32.0 -39.2  664.122487468
 38.0 -31.9 -39.1  673.410770971
 38.0 -31.8 -39.0  682.12287457
 38.0 -31.7 -38.9  690.229385995
 37.9 -31.6 -38.8  697.700862004
 37.9 -31.5 -38.7  704.507995726
 37.9 -31.4 -38.6  710.621795685
 37.9 -31.3 -38.5  716.013775246
 37.9 -31.2 -38.4  720.656151109
 37.8 -31.1 -38.3  724.522049321
 37.8 -31.0 -38.2  727.585717171
 37.8 -30.9 -38.1  729.822739218
 37.8 -30.8 -38.0  731.210255621
 37.8 -30.7 -37.9  731.727180848
 37.7 -30.6 -37.8  731.354420793
 37.7 -30.5 -37.7  730.07508629
 37.7 -30.4 -37.6  727.87470098
 37.7 -30.3 -37.5  724.741401494
 37.6 -30.2 -37.4  720.666127927
 37.6 -30.1 -37.3  715.642802596
 37.6 -30.0 -37.2  709.668495164
 37.6 -29.9 -37.1  702.74357225
 37.6 -29.8 -37.0  694.871829746
 37.5 -29.7 -36.9  686.06060619
 37.5 -29.6 -36.8  676.32087564
 37.5 -29.5 -36.7  665.667318655
 37.5 -29.4 -36.6  654.11837015
 37.5 -29.3 -36.5  641.696243049
 37.4 -29.2 -36.4  628.426926859
 37.4 -29.1 -36.3  614.340160468
 37.4 -29.0 -36.2  599.469378692
 37.4 -28.9 -36.1  583.851632304
 37.4 -28.8 -36.0  567.527481476
 37.3 -28.7 -35.9  550.54086282
 37.3 -28.6 -35.8  532.938930423
 37.3 -28.5 -35.7  514.771871478
 37.3 -28.4 -35.6  496.092697379
 37.3 -28.3 -35.5  476.957011312
 37.2 -28.3 -35.4  457.422753641
 37.2 -28.2 -35.3  437.549926553
 37.2 -28.1 -35.2  417.400299629
 37.2 -28.0 -35.1  397.03709822
 37.2 -27.9 -35.0  376.524676623
 37.1 -27.8 -34.9  355.928178271
 37.1 -27.7 -34.8  335.31318523
 37.1 -27.6 -34.7  314.745359458
 37.1 -27.5 -34.6  294.290078362
 37.1 -27.4 -34.5  274.012067281
 37.0 -27.3 -34.4  253.975031573
 37.0 -27.2 -34.3  234.241291031
 37.0 -27.1 -34.2  214.871419367
 37.0 -27.0 -34.1  195.923891492
 37.0 -26.9 -34.0  177.454741296
 36.9 -26.8 -33.9  159.517232585
 36.9 -26.7 -33.8  142.161545732
 36.9 -26.6 -33.7  125.434482548
 36.9 -26.5 -33.6  109.37919171
 36.9 -26.4 -33.5  94.0349169759
 36.8 -26.3 -33.4  79.4367702668
 36.8 -26.2 -33.3  65.6155314771
 36.8 -26.1 -33.2  52.5974767308
 36.8 -26.0 -33.1  40.4042365603
 36.7 -25.9 -33.0  29.0526852736
 36.7 -25.8 -32.9  18.5548625414
 36.7 -25.7 -32.8  8.91792798909
 36.7 -25.6 -32.7  0.144149326771
 36.7 -25.5 -32.6 -7.7690757059
 36.6 -25.4 -32.5 -14.829163568
 36.6 -25.3 -32.4 -21.0482555684
 36.6 -25.2 -32.3 -26.4430954531
 36.6 -25.1 -32.2 -31.0348747024
 36.6 -25.0 -32.1 -34.8490465664
 36.5 -24.9 -32.0 -37.9151101162
 36.5 -24.8 -31.9 -40.2663658254
 36.5 -24.7 -31.8 -41.9396444269
 36.5 -24.6 -31.7 -42.9750109994
 36.5 -24.5 -31.6 -43.4154464428
 36.4 -24.4 -31.5 -43.3065086804
 36.4 -24.3 -31.4 -42.6959760891
 36.4 -24.2 -31.3 -41.6334758081
 36.4 -24.1 -31.2 -40.1700996925
 36.4 -24.0 -31.1 -38.3580107865
 36.3 -23.9 -31.0 -36.2500432633
 36.3 -23.8 -30.9 -33.8992988369
 36.3 -23.7 -30.8 -31.3587426805
 36.3 -23.7 -30.7 -28.6808018899
 36.3 -23.6 -30.6 -25.9169695159
 36.2 -23.5 -30.5 -23.1174171422
 36.2 -23.4 -30.4 -20.3306189217
 36.2 -23.3 -30.3 -17.6029898917
 36.2 -23.2 -30.2 -14.9785412759
 36.2 -23.1 -30.1 -12.498555347
 36.1 -23.0 -30.0 -10.2012822654
 36.1 -22.9 -29.9 -8.12166113855
 36.1 -22.8 -29.8 -6.29106734862
 36.1 -22.7 -29.7 -4.7370879899
 36.1 -22.6 -29.6 -3.48332703276
 36.0 -22.5 -29.5 -2.54924159458
 36.0 -22.4 -29.4 -1.95001045204
 36.0 -22.3 -29.3 -1.69643567319
 36.0 -22.2 -29.2 -1.79487798654
 36.0 -22.1 -29.1 -2.2472262382
 35.9 -22.0 -29.0 -3.05090102048
 35.9 -21.9 -28.9 -4.19889228761
 35.9 -21.8 -28.8 -5.67983050935
 35.9 -21.7 -28.7 -7.47809065274
 35.8 -21.6 -28.6 -9.57392802885
 35.8 -21.5 -28.5 -11.9436447968
 35.8 -21.4 -28.4 -14.5597856837
 35.8 -21.3 -28.3 -17.3913612588
 35.8 -21.2 -28.2 -20.4040968931
 35.7 -21.1 -28.1 -23.5607053478
 35.7 -21.0 -28.0 -26.821180761
 35.7 -20.9 -27.9 -30.1431116503
 35.7 -20.8 -27.8 -33.4820104178
 35.7 -20.7 -27.7 -36.7916567306
 35.6 -20.6 -27.6 -40.0244520624
 35.6 -20.5 -27.5 -43.1317826174
 35.6 -20.4 -27.4 -46.0643878109
 35.6 -20.3 -27.3 -48.7727314659
 35.6 -20.2 -27.2 -51.2073728865
 35.5 -20.1 -27.1 -53.3193349961
 35.5 -20.0 -27.0 -55.0604667809
 35.5 -19.9 -26.9 -56.3837973481
 35.5 -19.8 -26.8 -57.2438790053
 35.5 -19.7 -26.7 -57.5971168789
 35.4 -19.6 -26.6 -57.4020827264
 35.4 -19.5 -26.5 -56.6198107452
 35.4 -19.4 -26.4 -55.2140733531
 35.4 -19.3 -26.3 -53.1516350946
 35.4 -19.2 -26.2 -50.4024830288
 35.3 -19.1 -26.1 -46.9400321575
 35.3 -19.1 -26.0 -42.7413046754
 35.3 -19.0 -25.9 -37.7870820443
 35.3 -18.9 -25.8 -32.0620291295
 35.3 -18.8 -25.7 -25.5547898672
 35.2 -18.7 -25.6 -18.2580541704
 35.2 -18.6 -25.5 -10.1685960152
 35.2 -18.5 -25.4 -1.28728288237
 35.2 -18.4 -25.3  8.38094304119
 35.2 -18.3 -25.2  18.8271112766
 35.1 -18.2 -25.1  30.0382962432
 35.1 -18.1 -25.0  41.9977161837
 35.1 -18.0 -24.9  54.6848565892
 35.1 -17.9 -24.8  68.0756167148
 35.1 -17.8 -24.7  82.1424776103
 35.0 -17.7 -24.6  96.8546899448
 35.0 -17.6 -24.5  112.178479775
 35.0 -17.5 -24.4  128.077270294
 35.0 -17.4 -24.3  144.511917505
 34.9 -17.3 -24.2  161.440957697
 34.9 -17.2 -24.1  178.820864528
 34.9 -17.1 -24.0  196.60631352
 34.9 -17.0 -23.9  214.750451724
 34.9 -16.9 -23.8  233.205170337
 34.8 -16.8 -23.7  251.921378088
 34.8 -16.7 -23.6  270.849273232
 34.8 -16.6 -23.5  289.938612076
 34.8 -16.5 -23.4  309.138972044
 34.8 -16.4 -23.3  328.40000736
 34.7 -16.3 -23.2  347.671695578
 34.7 -16.2 -23.1  366.904573294
 34.7 -16.1 -23.0  386.04995952
 34.7 -16.0 -22.9  405.060165356
 34.7 -15.9 -22.8  423.888688747
 34.6 -15.8 -22.7  442.49039331
 34.6 -15.7 -22.6  460.821670352
 34.6 -15.6 -22.5  478.840583408
 34.6 -15.5 -22.4  496.506994812
 34.6 -15.4 -22.3  513.782673975
 34.5 -15.3 -22.2  530.63138726
 34.5 -15.2 -22.1  547.018969489
 34.5 -15.1 -22.0  562.913377324
 34.5 -15.0 -21.9  578.284724908
 34.5 -14.9 -21.8  593.105302343
 34.4 -14.8 -21.7  607.349577693
 34.4 -14.7 -21.6  620.994183401
 34.4 -14.6 -21.5  634.017888066
 34.4 -14.5 -21.4  646.40155472
 34.4 -14.4 -21.3  658.128086791
 34.3 -14.4 -21.2  669.182363046
 34.3 -14.3 -21.1  679.551162902
 34.3 -14.2 -21.0  689.223083503
 34.3 -14.1 -20.9  698.188450058
 34.3 -14.0 -20.8  706.439220907
 34.2 -13.9 -20.7  713.968888825
 34.2 -13.8 -20.6  720.772380055
 34.2 -13.7 -20.5  726.845952523
 34.2 -13.6 -20.4  732.187094665
 34.2 -13.5 -20.3  736.794426235
 34.1 -13.4 -20.2  740.667602378
 34.1 -13.3 -20.1  743.807222195
 34.1 -13.2 -20.0  746.2147429
 34.1 -13.1 -19.9  747.892400594
 34.0 -13.0 -19.8  748.843138528
 34.0 -12.9 -19.7  749.070543632
 34.0 -12.8 -19.6  748.578791943
 34.0 -12.7 -19.5  747.372603407
 34.0 -12.6 -19.4  745.457206427
 33.9 -12.5 -19.3  742.838312346
 33.9 -12.4 -19.2  739.522099922
 33.9 -12.3 -19.1  735.515209716
 33.9 -12.2 -19.0  730.824748158
 33.9 -12.1 -18.9  725.458300912
 33.8 -12.0 -18.8  719.42395505
 33.8 -11.9 -18.7  712.730329395
 33.8 -11.8 -18.6  705.386612275
 33.8 -11.7 -18.5  697.40260585
 33.8 -11.6 -18.4  688.78877603
 33.7 -11.5 -18.3  679.556306955
 33.7 -11.4 -18.2  669.717158907
 33.7 -11.3 -18.1  659.284128491
 33.7 -11.2 -18.0  648.270909835
 33.7 -11.1 -17.9  636.692155571
 33.6 -11.0 -17.8  624.563536322
 33.6 -10.9 -17.7  611.901797403
 33.6 -10.8 -17.6  598.724811494
 33.6 -10.7 -17.5  585.051626044
 33.6 -10.6 -17.4  570.90250422
 33.5 -10.5 -17.3  556.298958268
 33.5 -10.4 -17.2  541.26377423
 33.5 -10.3 -17.1  525.821027053
 33.5 -10.2 -17.0  509.996085207
 33.5 -10.1 -16.9  493.815604044
 33.4 -10.0 -16.8  477.307507269
 33.4 -9.9 -16.7  460.50095598
 33.4 -9.8 -16.6  443.42630492
 33.4 -9.8 -16.5  426.115045678
 33.4 -9.7 -16.4  408.599736758
 33.3 -9.6 -16.3  390.913920563
 33.3 -9.5 -16.2  373.092027497
 33.3 -9.4 -16.1  355.169267552
 33.3 -9.3 -16.0  337.181509865
 33.3 -9.2 -15.9  319.165150911
 33.2 -9.1 -15.8  301.156972118
 33.2 -9.0 -15.7  283.193987821
 33.2 -8.9 -15.6  265.313284614
 33.2 -8.8 -15.5  247.551853271
 33.1 -8.7 -15.4  229.946414497
 33.1 -8.6 -15.3  212.533239896
 33.1 -8.5 -15.2  195.347969595
 33.1 -8.4 -15.1  178.425428047
 33.1 -8.3 -15.0  161.799439592
 33.0 -8.2 -14.9  145.502645379
 33.0 -8.1 -14.8  129.566323287
 33.0 -8.0 -14.7  114.020212487
 33.0 -7.9 -14.6  98.8923442665
 33.0 -7.8 -14.5  84.2088807276
 32.9 -7.7 -14.4  69.9939629066
 32.9 -7.6 -14.3  56.2695698236
 32.9 -7.5 -14.2  43.055389879
 32.9 -7.4 -14.1  30.3687059303
 32.9 -7.3 -14.0  18.2242952769
 32.8 -7.2 -13.9  6.63434566307
 32.8 -7.1 -13.8 -4.39161172588
 32.8 -7.0 -13.7 -14.8467514354
 32.8 -6.9 -13.6 -24.7269843999
 32.8 -6.8 -13.5 -34.0309695624
 32.7 -6.7 -13.4 -42.7601061021
 32.7 -6.6 -13.3 -50.9185060862
 32.7 -6.5 -13.2 -58.5129475404
 32.7 -6.4 -13.1 -65.5528081137
 32.7 -6.3 -13.0 -72.0499796879
 32.6 -6.2 -12.9 -78.0187644663
 32.6 -6.1 -12.8 -83.4757532453
 32.6 -6.0 -12.7 -88.4396867474
 32.6 -5.9 -12.6 -92.9313010554
 32.6 -5.8 -12.5 -96.9731583434
 32.5 -5.7 -12.4 -100.589464248
 32.5 -5.6 -12.3 -103.805873353
 32.5 -5.5 -12.2 -106.649284393
 32.5 -5.4 -12.1 -109.147626872
 32.5 -5.3 -12.0 -111.329640909
 32.4 -5.2 -11.9 -113.224652175
 32.4 -5.2 -11.8 -114.862343875
 32.4 -5.1 -11.7 -116.272527732
 32.4 -5.0 -11.6 -117.484916001
 32.4 -4.9 -11.5 -118.5288965
 32.3 -4.8 -11.4 -119.433312676
 32.3 -4.7 -11.3 -120.22625065
 32.3 -4.6 -11.2 -120.934835164
 32.3 -4.5 -11.1 -121.585036284
 32.2 -4.4 -11.0 -122.20148859
 32.2 -4.3 -10.9 -122.80732454
 32.2 -4.2 -10.8 -123.424023512
 32.2 -4.1 -10.7 -124.071277939
 32.2 -4.0 -10.6 -124.766877781
 32.1 -3.9 -10.5 -125.526614412
 32.1 -3.8 -10.4 -126.364204846
 32.1 -3.7 -10.3 -127.291237016
 32.1 -3.6 -10.2 -128.317136646
 32.1 -3.5 -10.1 -129.449156062
 32.0 -3.4 -10.0 -130.692385055
 32.0 -3.3 -9.9 -132.04978374
 32.0 -3.2 -9.8 -133.522237128
 32.0 -3.1 -9.7 -135.108630918
 32.0 -3.0 -9.6 -136.80594783
 31.9 -2.9 -9.5 -138.609383587
 31.9 -2.8 -9.4 -140.512481469
 31.9 -2.7 -9.3 -142.507284184
 31.9 -2.6 -9.2 -144.584501622
 31.9 -2.5 -9.1 -146.733692893
 31.8 -2.4 -9.0 -148.94346092
 31.8 -2.3 -8.9 -151.201657723
 31.8 -2.2 -8.8 -153.495598384
 31.8 -2.1 -8.7 -155.812281651
 31.8 -2.0 -8.6 -158.138614977
 31.7 -1.9 -8.5 -160.461641818
 31.7 -1.8 -8.4 -162.768768901
 31.7 -1.7 -8.3 -165.047991194
 31.7 -1.6 -8.2 -167.288112321
 31.7 -1.5 -8.1 -169.478958145
 31.6 -1.4 -8.0 -171.61158134
 31.6 -1.3 -7.9 -173.678454802
 31.6 -1.2 -7.8 -175.673651842
 31.6 -1.1 -7.7 -177.593011223
 31.6 -1.0 -7.6 -179.434285225
 31.5 -0.9 -7.5 -181.197269031
 31.5 -0.8 -7.4 -182.883909951
 31.5 -0.7 -7.3 -184.498395101
 31.5 -0.6 -7.2 -186.047216406
 31.5 -0.5 -7.1 -187.539211951
 31.4 -0.5 -7.0 -188.985582939
 31.4 -0.4 -6.9 -190.399885729
 31.4 -0.3 -6.8 -191.797998638
 31.4 -0.2 -6.7 -193.198063454
 31.3 -0.1 -6.6 -194.620401797
 31.3  0.0 -6.5 -196.087406743
 31.3  0.1 -6.4 -197.623410309
 31.3  0.2 -6.3 -199.254527682
 31.3  0.3 -6.2 -201.008479234
 31.2  0.4 -6.1 -202.914391634
 31.2  0.5 -6.0 -205.002579539
 31.2  0.6 -5.9 -207.304309544
 31.2  0.7 -5.8 -209.851548265
 31.2  0.8 -5.7 -212.676696564
 31.1  0.9 -5.6 -215.812312104
 31.1  1.0 -5.5 -219.290822524
 31.1  1.1 -5.4 -223.144231649
 31.1  1.2 -5.3 -227.403821221
 31.1  1.3 -5.2 -232.099850733
 31.0  1.4 -5.1 -237.261257947
 31.0  1.5 -5.0 -242.915362755
 31.0  1.6 -4.9 -249.087576985
 31.0  1.7 -4.8 -255.801122768
 31.0  1.8 -4.7 -263.07676202
 30.9  1.9 -4.6 -270.932539515
 30.9  2.0 -4.5 -279.383541957
 30.9  2.1 -4.4 -288.441675304
 30.9  2.2 -4.3 -298.115462513
 30.9  2.3 -4.2 -308.40986367
 30.8  2.4 -4.1 -319.326120338
 30.8  2.5 -4.0 -330.861625732
 30.8  2.6 -3.9 -343.009822162
 30.8  2.7 -3.8 -355.760126914
 30.8  2.8 -3.7 -369.097887581
 30.7  2.9 -3.6 -383.004367538
 30.7  3.0 -3.5 -397.456762072
 30.7  3.1 -3.4 -412.428245387
 30.7  3.2 -3.3 -427.888048459
 30.7  3.3 -3.2 -443.801567467
 30.6  3.4 -3.1 -460.130502262
 30.6  3.5 -3.0 -476.833024069
 30.6  3.6 -2.9 -493.863971412
 30.6  3.7 -2.8 -511.175072964
 30.6  3.8 -2.7 -528.715195824
 30.5  3.9 -2.6 -546.430617508
 30.5  4.0 -2.5 -564.265319712
 30.5  4.1 -2.4 -582.161301751
 30.5  4.1 -2.3 -600.058911375
 30.4  4.2 -2.2 -617.897190537
 30.4  4.3 -2.1 -635.614233546
 30.4  4.4 -2.0 -653.14755492
 30.4  4.5 -1.9 -670.434464183
 30.4  4.6 -1.8 -687.412444772
 30.3  4.7 -1.7 -704.019534182
 30.3  4.8 -1.6 -720.194702468
 30.3  4.9 -1.5 -735.878226215
 30.3  5.0 -1.4 -751.012055136
 30.3  5.1 -1.3 -765.540168497
 30.2  5.2 -1.2 -779.408918658
 30.2  5.3 -1.1 -792.567359116
 30.2  5.4 -1.0 -804.967554567
 30.2  5.5 -0.9 -816.564870626
 30.2  5.6 -0.8 -827.318241044
 30.1  5.7 -0.7 -837.190410408
 30.1  5.8 -0.6 -846.148150532
 30.1  5.9 -0.5 -854.162448949
 30.1  6.0 -0.4 -861.208668146
 30.1  6.1 -0.3 -867.266674419
 30.0  6.2 -0.2 -872.320935474
 30.0  6.3 -0.1 -876.360586145
 30.0  6.4  0.0 -879.379461882
 30.0  6.5  0.1 -881.376099876
 30.0  6.6  0.2 -882.353708018
 29.9  6.7  0.3 -882.320102063
 29.9  6.8  0.4 -881.287611706
 29.9  6.9  0.5 -879.272956466
 29.9  7.0  0.6 -876.297092539
 29.9  7.1  0.7 -872.385032005
 29.8  7.2  0.8 -867.56563599
 29.8  7.3  0.9 -861.871383585
 29.8  7.4  1.0 -855.338118494
 29.8  7.5  1.1 -848.004775591
 29.8  7.6  1.2 -839.913089659
 29.7  7.7  1.3 -831.10728876
 29.7  7.8  1.4 -821.63377476
 29.7  7.9  1.5 -811.540793631
 29.7  8.0  1.6 -800.878098224
 29.7  8.1  1.7 -789.696606208
 29.6  8.2  1.8 -778.048055933
 29.6  8.3  1.9 -765.984662932
 29.6  8.4  2.0 -753.558779753
 29.6  8.5  2.1 -740.82256177
 29.6  8.6  2.2 -727.827641527
 29.5  8.7  2.3 -714.624814081
 29.5  8.7  2.4 -701.26373569
 29.5  8.8  2.5 -687.79263805
 29.5  8.9  2.6 -674.25806013
 29.4  9.0  2.7 -660.704599485
 29.4  9.1  2.8 -647.174684734
 29.4  9.2  2.9 -633.708370693
 29.4  9.3  3.0 -620.343157434
 29.4  9.4  3.1 -607.113834338
 29.3  9.5  3.2 -594.052349946
 29.3  9.6  3.3 -581.187708229
 29.3  9.7  3.4 -568.545891609
 29.3  9.8  3.5 -556.149810862
 29.3  9.9  3.6 -544.01928178
 29.2  10.0  3.7 -532.171028246
 29.2  10.1  3.8 -520.618711133
 29.2  10.2  3.9 -509.372982245
 29.2  10.3  4.0 -498.441562266
 29.2  10.4  4.1 -487.829341539
 29.1  10.5  4.2 -477.538502245
 29.1  10.6  4.3 -467.568660443
 29.1  10.7  4.4 -457.917026227
 29.1  10.8  4.5 -448.578580148
 29.1  10.9  4.6 -439.546263912
 29.0  11.0  4.7 -430.811183271
 29.0  11.1  4.8 -422.362820946
 29.0  11.2  4.9 -414.189257342
 29.0  11.3  5.0 -406.277396808
 29.0  11.4  5.1 -398.613197153
 28.9  11.5  5.2 -391.181900124
 28.9  11.6  5.3 -383.968260621
 28.9  11.7  5.4 -376.956772414
 28.9  11.8  5.5 -370.131888224
 28.9  11.9  5.6 -363.478232124
 28.8  12.0  5.7 -356.980802284
 28.8  12.1  5.8 -350.625162232
 28.8  12.2  5.9 -344.39761894
 28.8  12.3  6.0 -338.285386174
 28.8  12.4  6.1 -332.276731735
 28.7  12.5  6.2 -326.361107373
 28.7  12.6  6.3 -320.529260356
 28.7  12.7  6.4 -314.773325873
 28.7  12.8  6.5 -309.086899618
 28.7  12.9  6.6 -303.465090145
 28.6  13.0  6.7 -297.904550772
 28.6  13.1  6.8 -292.403490998
 28.6  13.2  6.9 -286.961667647
 28.6  13.3  7.0 -281.58035609
 28.5  13.3  7.1 -276.262302165
 28.5  13.4  7.2 -271.011655519
 28.5  13.5  7.3 -265.833885352
 28.5  13.6  7.4 -260.735679645
 28.5  13.7  7.5 -255.724829158
 28.4  13.8  7.6 -250.810097585
 28.4  13.9  7.7 -246.001079411
 28.4  14.0  7.8 -241.308047099
 28.4  14.1  7.9 -236.741789345
 28.4  14.2  8.0 -232.313442212
 28.3  14.3  8.1 -228.034314995
 28.3  14.4  8.2 -223.915712729
 28.3  14.5  8.3 -219.968757253
 28.3  14.6  8.4 -216.204208754
 28.3  14.7  8.5 -212.632289681
 28.2  14.8  8.6 -209.262512903
 28.2  14.9  8.7 -206.103515905
 28.2  15.0  8.8 -203.162902765
 28.2  15.1  8.9 -200.44709554
 28.2  15.2  9.0 -197.961196607
 28.1  15.3  9.1 -195.708863379
 28.1  15.4  9.2 -193.692196656
 28.1  15.5  9.3 -191.911643778
 28.1  15.6  9.4 -190.365917541
 28.1  15.7  9.5 -189.051931699
 28.0  15.8  9.6 -187.9647537
 28.0  15.9  9.7 -187.097575127
 28.0  16.0  9.8 -186.441700133
 28.0  16.1  9.9 -185.986551976
 28.0  16.2  10.0 -185.719697584
 27.9  16.3  10.1 -185.626889904
 27.9  16.4  10.2 -185.69212759
 27.9  16.5  10.3 -185.89773145
 27.9  16.6  10.4 -186.224436882
 27.9  16.7  10.5 -186.651501376
 27.8  16.8  10.6 -187.156826037
 27.8  16.9  10.7 -187.717089917
 27.8  17.0  10.8 -188.307895861
 27.8  17.1  10.9 -188.903926423
 27.8  17.2  11.0 -189.479108371
 27.7  17.3  11.1 -190.006784161
 27.7  17.4  11.2 -190.459888764
 27.7  17.5  11.3 -190.811130139
 27.7  17.6  11.4 -191.033171643
 27.6  17.7  11.5 -191.098814673
 27.6  17.8  11.6 -190.981179801
 27.6  17.9  11.7 -190.653884761
 27.6  18.0  11.8 -190.091217606
 27.6  18.0  11.9 -189.268303503
 27.5  18.1  12.0 -188.161263624
 27.5  18.2  12.1 -186.747364769
 27.5  18.3  12.2 -185.005158371
 27.5  18.4  12.3 -182.914607747
 27.5  18.5  12.4 -180.457202499
 27.4  18.6  12.5 -177.616059173
 27.4  18.7  12.6 -174.376007406
 27.4  18.8  12.7 -170.723660944
 27.4  18.9  12.8 -166.647473082
 27.4  19.0  12.9 -162.137776244
 27.3  19.1  13.0 -157.186805579
 27.3  19.2  13.1 -151.788706628
 27.3  19.3  13.2 -145.939527263
 27.3  19.4  13.3 -139.637194292
 27.3  19.5  13.4 -132.881475247
 27.2  19.6  13.5 -125.673926053
 27.2  19.7  13.6 -118.017825401
 27.2  19.8  13.7 -109.918096789
 27.2  19.9  13.8 -101.38121932
 27.2  20.0  13.9 -92.4151284542
 27.1  20.1  14.0 -83.0291080031
 27.1  20.2  14.1 -73.233674759
 27.1  20.3  14.2 -63.0404571928
 27.1  20.4  14.3 -52.4620697291
 27.1  20.5  14.4 -41.5119841305
 27.0  20.6  14.5 -30.2043995481
 27.0  20.7  14.6 -18.5541127954
 27.0  20.8  14.7 -6.57639038906
 27.0  20.9  14.8  5.71315613304
 27.0  21.0  14.9  18.2986901514
 26.9  21.1  15.0  31.1642637651
 26.9  21.2  15.1  44.2939241319
 26.9  21.3  15.2  57.6718111246
 26.9  21.4  15.3  71.2822451863
 26.9  21.5  15.4  85.1098043892
 26.8  21.6  15.5  99.1393898325
 26.8  21.7  15.6  113.356278659
 26.8  21.8  15.7  127.746164116
 26.8  21.9  15.8  142.295182254
 26.7  22.0  15.9  156.989925002
 26.7  22.1  16.0  171.817439546
 26.7  22.2  16.1  186.765214089
 26.7  22.3  16.2  201.821150243
 26.7  22.4  16.3  216.973522485
 26.6  22.5  16.4  232.210925244
 26.6  22.6  16.5  247.522208375
 26.6  22.6  16.6  262.896401898
 26.6  22.7  16.7  278.32263106
 26.6  22.8  16.8  293.790022863
 26.5  22.9  16.9  309.287605367
 26.5  23.0  17.0  324.80420116
 26.5  23.1  17.1  340.328316485
 26.5  23.2  17.2  355.848027597
 26.5  23.3  17.3  371.350865988
 26.4  23.4  17.4  386.823704149
 26.4  23.5  17.5  402.252643592
 26.4  23.6  17.6  417.622906827
 26.4  23.7  17.7  432.918735023
 26.4  23.8  17.8  448.123293021
 26.3  23.9  17.9  463.218583337
 26.3  24.0  18.0  478.185370727
 26.3  24.1  18.1  493.003118796
 26.3  24.2  18.2  507.649940052
 26.3  24.3  18.3  522.10256067
 26.2  24.4  18.4  536.336301112
 26.2  24.5  18.5  550.325073605
 26.2  24.6  18.6  564.041397313
 26.2  24.7  18.7  577.456431884
 26.2  24.8  18.8  590.540029852
 26.1  24.9  18.9  603.260808208
 26.1  25.0  19.0  615.586239248
 26.1  25.1  19.1  627.482760619
 26.1  25.2  19.2  638.915904254
 26.1  25.3  19.3  649.850443725
 26.0  25.4  19.4  660.250559314
 26.0  25.5  19.5  670.080019908
 26.0  25.6  19.6  679.30238064
 26.0  25.7  19.7  687.881195003
 26.0  25.8  19.8  695.780239991
 25.9  25.9  19.9  702.963752662
 25.9  26.0  20.0  709.396676343
 25.9  26.1  20.1  715.04491458
 25.9  26.2  20.2  719.87559081
 25.8  26.3  20.3  723.857311603
 25.8  26.4  20.4  726.960431258
 25.8  26.5  20.5  729.157315466
 25.8  26.6  20.6  730.42260168
 25.8  26.7  20.7  730.733453837
 25.7  26.8  20.8  730.069809045
 25.7  26.9  20.9  728.414613883
 25.7  27.0  21.0  725.754047981
 25.7  27.1  21.1  722.077732612
 25.7  27.2  21.2  717.378922136
 25.6  27.2  21.3  711.654676181
 25.6  27.3  21.4  704.90601063
 25.6  27.4  21.5  697.138025589
 25.6  27.5  21.6  688.36000867
 25.6  27.6  21.7  678.585512138
 25.5  27.7  21.8  667.832402611
 25.5  27.8  21.9  656.122882259
 25.5  27.9  22.0  643.483480648
 25.5  28.0  22.1  629.945016589
 25.5  28.1  22.2  615.542529648
 25.4  28.2  22.3  600.315181146
 25.4  28.3  22.4  584.306124794
 25.4  28.4  22.5  567.562347336
 25.4  28.5  22.6  550.134479816
 25.4  28.6  22.7  532.076580362
 25.3  28.7  22.8  513.445889616
 25.3  28.8  22.9  494.302560182
 25.3  28.9  23.0  474.709361694
 25.3  29.0  23.1  454.731363333
 25.3  29.1  23.2  434.435595837
 25.2  29.2  23.3  413.890695223
 25.2  29.3  23.4  393.166530635
 25.2  29.4  23.5  372.333818894
 25.2  29.5  23.6  351.463728442
 25.2  29.6  23.7  330.627475517
 25.1  29.7  23.8  309.895915475
 25.1  29.8  23.9  289.339132253
 25.1  29.9  24.0  269.026029008
 25.1  30.0  24.1  249.023923
 25.1  30.1  24.2  229.398147783
 25.0  30.2  24.3  210.211665716
 25.0  30.3  24.4  191.524693799
 25.0  30.4  24.5  173.39434571
 25.0  30.5  24.6  155.87429285
 24.9  30.6  24.7  139.014447064
 24.9  30.7  24.8  122.860667551
 24.9  30.8  24.9  107.454494315
 24.9  30.9  25.0  92.8329103066
 24.9  31.0  25.1  79.0281341994
 24.8  31.1  25.2  66.0674455116
 24.8  31.2  25.3  53.9730435482
 24.8  31.3  25.4  42.7619413698
 24.8  31.4  25.5  32.4458957351
 24.8  31.5  25.6  23.0313736807
 24.7  31.6  25.7  14.5195561203
 24.7  31.7  25.8  6.90637855458
 24.7  31.8  25.9  0.182608694269
 24.7  31.9  26.0 -5.66603949401
 24.7  31.9  26.1 -10.6587560943
 24.6  32.0  26.2 -14.819450959
 24.6  32.1  26.3 -18.1765361704
 24.6  32.2  26.4 -20.7626768419
 24.6  32.3  26.5 -22.6145121085
 24.6  32.4  26.6 -23.7723483904
 24.5  32.5  26.7 -24.2798272382
 24.5  32.6  26.8 -24.1835702656
 24.5  32.7  26.9 -23.5328038636
 24.5  32.8  27.0 -22.3789665453
 24.5  32.9  27.1 -20.7753019103
 24.4  33.0  27.2 -18.7764403329
 24.4  33.1  27.3 -16.4379725618
 24.4  33.2  27.4 -13.8160184846
 24.4  33.3  27.5 -10.9667943461
 24.4  33.4  27.6 -7.9461817149
 24.3  33.5  27.7 -4.80930147995
 24.3  33.6  27.8 -1.6100961085
 24.3  33.7  27.9  1.5990766691
 24.3  33.8  28.0  4.76783568237
 24.3  33.9  28.1  7.84815070567
 24.2  34.0  28.2  10.7946966054
 24.2  34.1  28.3  13.5651846168
 24.2  34.2  28.4  16.120668308
 24.2  34.3  28.5  18.4258219941
 24.2  34.4  28.6  20.4491895948
 24.1  34.5  28.7  22.1634021657
 24.1  34.6  28.8  23.5453625918
 24.1  34.7  28.9  24.576396199
 24.1  34.8  29.0  25.2423663117
 24.0  34.9  29.1  25.5337540719
 24.0  35.0  29.2  25.445702119
 24.0  35.1  29.3  24.9780220206
 24.0  35.2  29.4  24.1351656317
 24.0  35.3  29.5  22.9261608484
 23.9  35.4  29.6  21.364512498
 23.9  35.5  29.7  19.468069385
 23.9  35.6  29.8  17.2588587728
 23.9  35.7  29.9  14.7628898317
 23.9  35.8  30.0  12.0099278216
 23.8  35.9  30.1  9.03324099644
 23.8  36.0  30.2  5.86932242313
 23.8  36.1  30.3  2.55758908607
 23.8  36.2  30.4 -0.85993918483
 23.8  36.3  30.5 -4.33897828795
 23.7  36.4  30.6 -7.83333313329
 23.7  36.5  30.7 -11.2952627507
 23.7  36.5  30.8 -14.6758542707
 23.7  36.6  30.9 -17.9254027835
 23.7  36.7  31.0 -20.9937940638
 23.6  36.8  31.1 -23.8308871586
 23.6  36.9  31.2 -26.3868938671
 23.6  37.0  31.3 -28.6127522002
 23.6  37.1  31.4 -30.4604909898
 23.6  37.2  31.5 -31.88358292
 23.5  37.3  31.6 -32.8372833842
 23.5  37.4  31.7 -33.2789527118
 23.5  37.5  31.8 -33.1683594836
 23.5  37.6  31.9 -32.4679628303
 23.5  37.7  32.0 -31.1431718152
 23.4  37.8  32.1 -29.162580211
 23.4  37.9  32.2 -26.4981752098
 23.4  38.0  32.3 -23.1255188374
 23.4  38.1  32.4 -19.0239010888
 23.4  38.2  32.5 -14.1764640488
 23.3  38.3  32.6 -8.57029651251
 23.3  38.4  32.7 -2.1964988754
 23.3  38.5  32.8  4.94978168949
 23.3  38.6  32.9  12.8693454994
 23.3  38.7  33.0  21.5589635664
 23.2  38.8  33.1  31.0114289967
 23.2  38.9  33.2  41.215635617
 23.2  39.0  33.3  52.1566826503
 23.2  39.1  33.4  63.8160040614
 23.1  39.2  33.5  76.1715210132
 23.1  39.3  33.6  89.1978157024
 23.1  39.4  33.7  102.8663247
 23.1  39.5  33.8  117.145549787
 23.1  39.6  33.9  132.001284168
 23.0  39.7  34.0  147.396851864
 23.0  39.8  34.1  163.293357991
 23.0  39.9  34.2  179.649947637
 23.0  40.0  34.3  196.424070961
 23.0  40.1  34.4  213.571752194
 22.9  40.2  34.5  231.047860201
 22.9  40.3  34.6  248.806378332
 22.9  40.4  34.7  266.800671327
 22.9  40.5  34.8  284.983747148
 22.9  40.6  34.9  303.308511677
 22.8  40.7  35.0  321.728014377
 22.8  40.8  35.1  340.195683105
 22.8  40.9  35.2  358.665546451
 22.8  41.0  35.3  377.092442101
 22.8  41.1  35.4  395.432209933
 22.7  41.1  35.5  413.641868712
 22.7  41.2  35.6  431.679775433
 22.7  41.3  35.7  449.505766589
 22.7  41.4  35.8  467.081280805
 22.7  41.5  35.9  484.369462494
 22.6  41.6  36.0  501.335246402
 22.6  41.7  36.1  517.945423087
 22.6  41.8  36.2  534.168685574
 22.6  41.9  36.3  549.975657642
 22.6  42.0  36.4  565.338904333
 22.5  42.1  36.5  580.232925485
 22.5  42.2  36.6  594.63413323
 22.5  42.3  36.7  608.520814538
 22.5  42.4  36.8  621.873080041
 22.5  42.5  36.9  634.672800471
 22.4  42.6  37.0  646.903532144
 22.4  42.7  37.1  658.550433031
 22.4  42.8  37.2  669.600170987
 22.4  42.9  37.3  680.04082578
 22.4  43.0  37.4  689.861786589
 22.3  43.1  37.5  699.053646643
 22.3  43.2  37.6  707.608096664
 22.3  43.3  37.7  715.517818758
 22.3  43.4  37.8  722.776382344
 22.2  43.5  37.9  729.378143661
 22.2  43.6  38.0  735.318150288
 22.2  43.7  38.1  740.592052061
 22.2  43.8  38.2  745.196019616
 22.2  43.9  38.3  749.126671693
 22.1  44.0  38.4  752.381012198
 22.1  44.1  38.5  754.956377864
 22.1  44.2  38.6  756.850397218
 22.1  44.3  38.7  758.060961383
 22.1  44.4  38.8  758.586207086
 22.0  44.5  38.9  758.424512085
 22.0  44.6  39.0  757.57450303
 22.0  44.7  39.1  756.035075637
 22.0  44.8  39.2  753.805426866
 22.0  44.9  39.3  750.885098618
 21.9  45.0  39.4  747.274032345
 21.9  45.1  39.5  742.972633779
 21.9  45.2  39.6  737.981846861
 21.9  45.3  39.7  732.303235818
 21.9  45.4  39.8  725.939074215
 21.8  45.5  39.9  718.892439696
 21.8  45.6  40.0  711.167313049
 21.8  45.7  40.1  702.768680146
 21.8  45.8  40.2  693.702635237
 21.8  45.8  40.3  683.976484056
 21.7  45.9  40.4  673.598845163
 21.7  46.0  40.5  662.579747916
 21.7  46.1  40.6  650.93072551
 21.7  46.2  40.7  638.664901536
 21.7  46.3  40.8  625.797068533
 21.6  46.4  40.9  612.343757115
 21.6  46.5  41.0  598.323294296
 21.6  46.6  41.1  583.75584974
 21.6  46.7  41.2  568.663468797
 21.6  46.8  41.3  553.070091267
 21.5  46.9  41.4  537.001555014
 21.5  47.0  41.5  520.485583676
 21.5  47.1  41.6  503.55175787
 21.5  47.2  41.7  486.231469489
 21.5  47.3  41.8  468.557858826
 21.4  47.4  41.9  450.565734448
 21.4  47.5  42.0  432.291475955
 21.4  47.6  42.1  413.772919879
 21.4  47.7  42.2  395.049229232
 21.3  47.8  42.3  376.160747332
 21.3  47.9  42.4  357.148836738
 21.3  48.0  42.5  338.05570431
 21.3  48.1  42.6  318.924213522
 21.3  48.2  42.7  299.797685359
 21.2  48.3  42.8  280.719689237
 21.2  48.4  42.9  261.73382553
 21.2  48.5  43.0  242.883501375
 21.2  48.6  43.1  224.211701565
 21.2  48.7  43.2  205.76075638
 21.1  48.8  43.3  187.572108294
 21.1  48.9  43.4  169.686079531
 21.1  49.0  43.5  152.14164248
 21.1  49.1  43.6  134.976194967
 21.1  49.2  43.7  118.225342392
 21.0  49.3  43.8  101.922688692
 21.0  49.4  43.9  86.0996380396
 21.0  49.5  44.0  70.7852091359
 21.0  49.6  44.1  56.0058638289
 21.0  49.7  44.2  41.7853517256
 20.9  49.8  44.3  28.1445723108
 20.9  49.9  44.4  15.1014559583
 20.9  50.0  44.5  2.67086506466
 20.9  50.1  44.6 -9.13548363386
 20.9  50.2  44.7 -20.3090746789
 20.8  50.3  44.8 -30.8446267503
 20.8  50.4  44.9 -40.7401022747
 20.8  50.4  45.0 -49.9966934931
 20.8  50.5  45.1 -58.618784908
 20.8  50.6  45.2 -66.6138922411
 20.7  50.7  45.3 -73.9925782468
 20.7  50.8  45.4 -80.7683459381
 20.7  50.9  45.5 -86.9575099874
 20.7  51.0  45.6 -92.5790472709
 20.7  51.1  45.7 -97.654427716
 20.6  51.2  45.8 -102.207426802
 20.6  51.3  45.9 -106.263921236
 20.6  51.4  46.0 -109.851669485
 20.6  51.5  46.1 -113.000079005
 20.6  51.6  46.2 -115.739962123
 20.5  51.7  46.3 -118.103282652
 20.5  51.8  46.4 -120.122895419
 20.5  51.9  46.5 -121.832280949
 20.5  52.0  46.6 -123.265277612
 20.5  52.1  46.7 -124.455813581
 20.4  52.2  46.8 -125.43764095
 20.4  52.3  46.9 -126.244074358
 20.4  52.4  47.0 -126.90773644
 20.4  52.5  47.1 -127.460312356
 20.3  52.6  47.2 -127.932315615
 20.3  52.7  47.3 -128.352867254
 20.3  52.8  47.4 -128.749490391
 20.3  52.9  47.5 -129.147921976
 20.3  53.0  47.6 -129.571943446
 20.2  53.1  47.7 -130.043231825
 20.2  53.2  47.8 -130.581232593
 20.2  53.3  47.9 -131.203055503
 20.2  53.4  48.0 -131.923394262
 20.2  53.5  48.1 -132.754470822
 20.1  53.6  48.2 -133.706004765
 20.1  53.7  48.3 -134.785208056
 20.1  53.8  48.4 -135.996805188
 20.1  53.9  48.5 -137.343078517
 20.1  54.0  48.6 -138.823938341
 20.0  54.1  48.7 -140.437017048
 20.0  54.2  48.8 -142.177786415
 20.0  54.3  48.9 -144.039696948
 20.0  54.4  49.0 -146.014337905
 20.0  54.5  49.1 -148.091616471
 19.9  54.6  49.2 -150.259954346
 19.9  54.7  49.3 -152.506499852
 19.9  54.8  49.4 -154.817353496
 19.9  54.9  49.5 -157.177804792
 19.9  55.0  49.6 -159.572578024
 19.8  55.0  49.7 -161.986084552
 19.8  55.1  49.8 -164.402679149
 19.8  55.2  49.9 -166.806917862
 19.8  55.3  50.0 -169.183814792
