x z dist ED
-40.0  21.0  0.0 -69.0654218151
-39.5  21.1  0.5 -71.6783080677
-39.0  21.2  1.0 -73.9729714137
-38.5  21.3  1.5 -75.8777525762
-38.0  21.4  2.0 -77.3339352418
-37.5  21.5  2.6 -78.2970657296
-37.0  21.6  3.1 -78.7377982026
-36.5  21.7  3.6 -78.64226
-36.0  21.9  4.1 -78.0119461816
-35.5  22.0  4.6 -76.8631661912
-35.0  22.1  5.1 -75.2260782664
-34.5  22.2  5.6 -73.1433584929
-34.0  22.3  6.1 -70.6685608943
-33.5  22.4  6.6 -67.8642324339
-33.0  22.5  7.2 -64.7998520781
-32.5  22.6  7.7 -61.5496660356
-32.0  22.7  8.2 -58.1904918892
-31.5  22.8  8.7 -54.7995626285
-31.0  22.9  9.2 -51.452477659
-30.5  23.0  9.7 -48.2213219022
-30.0  23.1  10.2 -45.1730063308
-29.5  23.2  10.7 -42.3678739975
-29.0  23.3  11.2 -39.8586051521
-28.5  23.4  11.8 -37.6894437536
-28.0  23.6  12.3 -35.8957559597
-27.5  23.7  12.8 -34.5039194131
-27.0  23.8  13.3 -33.5315307152
-26.5  23.9  13.8 -32.9879077667
-26.0  24.0  14.3 -32.8748539944
-25.5  24.1  14.8 -33.187643173
-25.0  24.2  15.3 -33.9161768562
-24.5  24.3  15.8 -35.0462615279
-24.0  24.4  16.4 -36.5609496316
-23.5  24.5  16.9 -38.4418876841
-23.0  24.6  17.4 -40.6706157403
-22.5  24.7  17.9 -43.2297654835
-22.0  24.8  18.4 -46.1041090438
-21.5  24.9  18.9 -49.2814171031
-21.0  25.0  19.4 -52.753092701
-20.5  25.1  19.9 -56.514556116
-20.0  25.2  20.4 -60.5653659548
-19.5  25.4  21.0 -64.9090717873
-19.0  25.5  21.5 -69.5528039741
-18.5  25.6  22.0 -74.5066163821
-18.0  25.7  22.5 -79.7826071334
-17.5  25.8  23.0 -85.3938510683
-17.0  25.9  23.5 -91.3531849205
-16.5  26.0  24.0 -97.6718920753
-16.0  26.1  24.5 -104.358337994
-15.5  26.2  25.0 -111.416609818
-15.0  26.3  25.6 -118.845214209
-14.5  26.4  26.1 -126.635886164
-14.0  26.5  26.6 -134.772558342
-13.5  26.6  27.1 -143.230535542
-13.0  26.7  27.6 -151.975912489
-12.5  26.8  28.1 -160.965265238
-12.0  26.9  28.6 -170.145637588
-11.5  27.1  29.1 -179.454834173
-11.0  27.2  29.6 -188.822021725
-10.5  27.3  30.2 -198.168629672
-10.0  27.4  30.7 -207.409531144
-9.5  27.5  31.2 -216.454475925
-9.0  27.6  31.7 -225.209738196
-8.5  27.7  32.2 -233.57993442
-8.0  27.8  32.7 -241.469960607
-7.5  27.9  33.2 -248.786993731
-7.0  28.0  33.7 -255.442499352
-6.5  28.1  34.2 -261.354186645
-6.0  28.2  34.8 -266.447853109
-5.5  28.3  35.3 -270.659064131
-5.0  28.4  35.8 -273.934617277
-4.5  28.5  36.3 -276.233747517
-4.0  28.6  36.8 -277.529037316
-3.5  28.8  37.3 -277.807004462
-3.0  28.9  37.8 -277.068350301
-2.5  29.0  38.3 -275.327861402
-2.0  29.1  38.8 -272.613968314
-1.5  29.2  39.4 -268.967975525
-1.0  29.3  39.9 -264.442986795
-0.5  29.4  40.4 -259.102559266
 0.0  29.5  40.9 -253.019127921
 0.5  29.6  41.4 -246.272248791
 1.0  29.7  41.9 -238.946714525
 1.5  29.8  42.4 -231.130599473
 2.0  29.9  42.9 -222.913293047
 2.5  30.0  43.4 -214.38357987
 3.0  30.1  44.0 -205.627823056
 3.5  30.2  44.5 -196.728302983
 4.0  30.4  45.0 -187.761758215
 4.5  30.5  45.5 -178.798168048
 5.0  30.6  46.0 -169.899807704
 5.5  30.7  46.5 -161.120597749
 6.0  30.8  47.0 -152.505759185
 6.5  30.9  47.5 -144.091775246
 7.0  31.0  48.0 -135.906650474
 7.5  31.1  48.6 -127.970447593
 8.0  31.2  49.1 -120.296073337
 8.5  31.3  49.6 -112.890276037
 9.0  31.4  50.1 -105.754810752
 9.5  31.5  50.6 -98.8877221908
 10.0  31.6  51.1 -92.2846919502
 10.5  31.7  51.6 -85.9403946761
 11.0  31.8  52.1 -79.8498077905
 11.5  31.9  52.6 -74.0094214297
 12.0  32.0  53.2 -68.4182991021
 12.5  32.2  53.7 -63.0789452213
 13.0  32.3  54.2 -57.9979428897
 13.5  32.4  54.7 -53.1863338848
 14.0  32.5  55.2 -48.6597224383
 14.5  32.6  55.7 -44.4380947765
 15.0  32.7  56.2 -40.545357171
 15.5  32.8  56.7 -37.008606051
 16.0  32.9  57.3 -33.8571541912
 16.5  33.0  57.8 -31.1213467491
 17.0  33.1  58.3 -28.8312096336
 17.5  33.2  58.8 -27.014980037
 18.0  33.3  59.3 -25.6975746762
 18.5  33.4  59.8 -24.8990551559
 19.0  33.5  60.3 -24.633151714
 19.5  33.6  60.8 -24.905906348
 20.0  33.8  61.3 -25.7144939196
 20.5  33.9  61.9 -27.0462753344
 21.0  34.0  62.4 -28.8781304064
 21.5  34.1  62.9 -31.1761097206
 22.0  34.2  63.4 -33.8954349454
 22.5  34.3  63.9 -36.98086591
 23.0  34.4  64.4 -40.3674406979
 23.5  34.5  64.9 -43.9815823936
 24.0  34.6  65.4 -47.742553357
 24.5  34.7  65.9 -51.5642254028
 25.0  34.8  66.5 -55.357122452
 25.5  34.9  67.0 -59.030681486
 26.0  35.0  67.5 -62.4956683576
 26.5  35.1  68.0 -65.6666775163
 27.0  35.2  68.5 -68.4646392841
 27.5  35.3  69.0 -70.8192551818
 28.0  35.5  69.5 -72.6712811204
 28.5  35.6  70.0 -73.974580108
 29.0  35.7  70.5 -74.6978704907
 29.5  35.8  71.1 -74.8261025648
 30.0  35.9  71.6 -74.3614055175
 30.5  36.0  72.1 -73.3235578406
 31.0  36.1  72.6 -71.7499473298
 31.5  36.2  73.1 -69.695001165
 32.0  36.3  73.6 -67.2290819634
 32.5  36.4  74.1 -64.4368616626
 33.0  36.5  74.6 -61.4152011524
 33.5  36.6  75.1 -58.2705792513
 34.0  36.7  75.7 -55.1161294343
 34.5  36.8  76.2 -52.0683562077
 35.0  36.9  76.7 -49.2436147521
 35.5  37.0  77.2 -46.7544470439
 36.0  37.1  77.7 -44.7058747771
 36.5  37.3  78.2 -43.191753788
 37.0  37.4  78.7 -42.2912961498
 37.5  37.5  79.2 -42.0658645403
 38.0  37.6  79.7 -42.5561388943
 38.5  37.7  80.3 -43.7797477912
 39.0  37.8  80.8 -45.7294466627
 39.5  37.9  81.3 -48.3719119867
 40.0  38.0  81.8 -51.6472054676
