x z_lower ED_lower z_upper ED_upper
-145.0 -21.3  635.8  21.3  635.8
-144.0 -21.0  643.7  21.5  628.0
-143.0 -20.9  651.1  21.7  621.0
-142.0 -20.7  657.6  21.9  615.4
-141.0 -20.5  662.5  22.2  611.6
-140.0 -20.3  665.7  22.4  609.7
-139.0 -20.0  667.0  22.8  610.0
-138.0 -19.8  666.7  23.0  611.7
-137.0 -19.6  664.9  23.3  614.6
-136.0 -19.4  662.2  23.5  618.0
-135.0 -19.2  659.0  23.7  621.3
-134.0 -19.0  656.0  23.9  624.0
-133.0 -18.7  653.8  24.1  625.5
-132.0 -18.4  653.0  24.3  625.8
-131.0 -18.1  653.9  24.5  624.9
-130.0 -17.8  656.6  24.7  623.0
-129.0 -17.5  661.0  24.9  620.5
-128.0 -17.1  666.6  25.2  618.0
-127.0 -16.9  673.0  25.4  616.3
-126.0 -16.6  679.6  25.6  615.8
-125.0 -16.4  685.6  25.9  617.4
-124.0 -16.1  690.7  26.1  621.1
-123.0 -15.9  694.6  26.3  627.0
-122.0 -15.7  697.2  26.5  634.7
-121.0 -15.5  698.3  26.7  643.6
-120.0 -15.3  698.2  26.9  652.7
-119.0 -15.1  697.1  27.0  661.1
-118.0 -14.8  695.3  27.1  668.0
-117.0 -14.5  693.2  27.3  672.7
-116.0 -14.3  690.9  27.4  674.5
-115.0 -14.1  688.7  27.5  673.0
-114.0 -13.9  686.7  27.6  668.0
-113.0 -13.7  684.8  27.6  659.7
-112.0 -13.5  683.0  27.6  648.2
-111.0 -13.3  681.0  27.7  634.1
-110.0 -13.2  678.7  27.7  617.9
-109.0 -13.0  676.0  27.7  600.2
-108.0 -12.8  672.5  27.8  582.2
-107.0 -12.7  668.2  27.8  564.3
-106.0 -12.5  662.9  28.0  547.6
-105.0 -12.3  656.9  28.1  532.7
-104.0 -12.2  649.9  28.2  520.3
-103.0 -12.0  642.4  28.4  510.8
-102.0 -11.9  634.4  28.5  504.3
-101.0 -11.7  626.2  28.6  500.4
-100.0 -11.6  618.1  28.7  498.5
-99.0 -11.4  610.2  28.7  497.7
-98.0 -11.3  602.8  28.7  497.2
-97.0 -11.1  595.9  28.6  496.1
-96.0 -11.0  589.3  28.5  493.7
-95.0 -10.7  583.2  28.4  489.5
-94.0 -10.6  576.9  28.2  482.9
-93.0 -10.5  570.2  28.0  473.7
-92.0 -10.4  562.6  27.7  461.7
-91.0 -10.3  553.7  27.4  447.4
-90.0 -10.2  542.9  27.1  431.2
-89.0 -10.2  529.8  26.6  414.4
-88.0 -10.2  514.3  26.2  397.9
-87.0 -10.2  496.0  25.7  382.2
-86.0 -10.3  475.2  25.3  367.0
-85.0 -10.6  452.2  24.8  351.4
-84.0 -11.0  428.3  24.4  334.4
-83.0 -11.7  407.4  24.0  315.5
-82.0 -12.7  395.4  23.6  294.9
-81.0 -13.3  391.9  23.0  273.9
-80.0 -13.7  391.5  21.9  257.5
-79.0 -14.0  390.7  20.9  251.6
-78.0 -14.2  387.2  20.2  252.1
-77.0 -14.3  379.6  19.7  254.0
-76.0 -14.5  367.3  19.2  255.4
-75.0 -14.7  349.8  18.7  256.4
-74.0 -14.8  327.2  18.1  259.1
-73.0 -15.1  300.3  16.2  271.2
-72.0 -16.2  271.2  15.1  300.3
-71.0 -18.1  259.1  14.8  327.2
-70.0 -18.7  256.4  14.7  349.8
-69.0 -19.2  255.4  14.5  367.3
-68.0 -19.7  254.0  14.3  379.6
-67.0 -20.2  252.1  14.2  387.2
-66.0 -20.9  251.6  14.0  390.7
-65.0 -21.9  257.5  13.7  391.5
-64.0 -23.0  273.9  13.3  391.9
-63.0 -23.6  294.9  12.7  395.4
-62.0 -24.0  315.5  11.7  407.4
-61.0 -24.4  334.4  11.0  428.3
-60.0 -24.8  351.4  10.6  452.2
-59.0 -25.3  367.0  10.3  475.2
-58.0 -25.7  382.2  10.2  496.0
-57.0 -26.2  397.9  10.2  514.3
-56.0 -26.6  414.4  10.2  529.8
-55.0 -27.1  431.2  10.2  542.9
-54.0 -27.4  447.4  10.3  553.7
-53.0 -27.7  461.7  10.4  562.6
-52.0 -28.0  473.7  10.5  570.2
-51.0 -28.2  482.9  10.6  576.9
-50.0 -28.4  489.5  10.7  583.2
-49.0 -28.5  493.7  11.0  589.3
-48.0 -28.6  496.1  11.1  595.9
-47.0 -28.7  497.2  11.3  602.8
-46.0 -28.7  497.7  11.4  610.2
-45.0 -28.7  498.5  11.6  618.1
-44.0 -28.6  500.4  11.7  626.2
-43.0 -28.5  504.3  11.9  634.4
-42.0 -28.4  510.8  12.0  642.4
-41.0 -28.2  520.3  12.2  649.9
-40.0 -28.1  532.7  12.3  656.9
-39.0 -28.0  547.6  12.5  662.9
-38.0 -27.8  564.3  12.7  668.2
-37.0 -27.8  582.2  12.8  672.5
-36.0 -27.7  600.2  13.0  676.0
-35.0 -27.7  617.9  13.2  678.7
-34.0 -27.7  634.1  13.3  681.0
-33.0 -27.6  648.2  13.5  683.0
-32.0 -27.6  659.7  13.7  684.8
-31.0 -27.6  668.0  13.9  686.7
-30.0 -27.5  673.0  14.1  688.7
-29.0 -27.4  674.5  14.3  690.9
-28.0 -27.3  672.7  14.5  693.2
-27.0 -27.1  668.0  14.8  695.3
-26.0 -27.0  661.1  15.1  697.1
-25.0 -26.9  652.7  15.3  698.2
-24.0 -26.7  643.6  15.5  698.3
-23.0 -26.5  634.7  15.7  697.2
-22.0 -26.3  627.0  15.9  694.6
-21.0 -26.1  621.1  16.1  690.7
-20.0 -25.9  617.4  16.4  685.6
-19.0 -25.6  615.8  16.6  679.6
-18.0 -25.4  616.3  16.9  673.0
-17.0 -25.2  618.0  17.1  666.6
-16.0 -24.9  620.5  17.5  661.0
-15.0 -24.7  623.0  17.8  656.6
-14.0 -24.5  624.9  18.1  653.9
-13.0 -24.3  625.8  18.4  653.0
-12.0 -24.1  625.5  18.7  653.8
-11.0 -23.9  624.0  19.0  656.0
-10.0 -23.7  621.3  19.2  659.0
-9.0 -23.5  618.0  19.4  662.2
-8.0 -23.3  614.6  19.6  664.9
-7.0 -23.0  611.7  19.8  666.7
-6.0 -22.8  610.0  20.0  667.0
-5.0 -22.4  609.7  20.3  665.7
-4.0 -22.2  611.6  20.5  662.5
-3.0 -21.9  615.4  20.7  657.6
-2.0 -21.7  621.0  20.9  651.1
-1.0 -21.5  628.0  21.0  643.7
 0.0 -21.3  635.8  21.3  635.8
 1.0 -21.0  643.7  21.5  628.0
 2.0 -20.9  651.1  21.7  621.0
 3.0 -20.7  657.6  21.9  615.4
 4.0 -20.5  662.5  22.2  611.6
 5.0 -20.3  665.7  22.4  609.7
 6.0 -20.0  667.0  22.8  610.0
 7.0 -19.8  666.7  23.0  611.7
 8.0 -19.6  664.9  23.3  614.6
 9.0 -19.4  662.2  23.5  618.0
 10.0 -19.2  659.0  23.7  621.3
 11.0 -19.0  656.0  23.9  624.0
 12.0 -18.7  653.8  24.1  625.5
 13.0 -18.4  653.0  24.3  625.8
 14.0 -18.1  653.9  24.5  624.9
 15.0 -17.8  656.6  24.7  623.0
 16.0 -17.5  661.0  24.9  620.5
 17.0 -17.1  666.6  25.2  618.0
 18.0 -16.9  673.0  25.4  616.3
 19.0 -16.6  679.6  25.6  615.8
 20.0 -16.4  685.6  25.9  617.4
 21.0 -16.1  690.7  26.1  621.1
 22.0 -15.9  694.6  26.3  627.0
 23.0 -15.7  697.2  26.5  634.7
 24.0 -15.5  698.3  26.7  643.6
 25.0 -15.3  698.2  26.9  652.7
 26.0 -15.1  697.1  27.0  661.1
 27.0 -14.8  695.3  27.1  668.0
 28.0 -14.5  693.2  27.3  672.7
 29.0 -14.3  690.9  27.4  674.5
 30.0 -14.1  688.7  27.5  673.0
 31.0 -13.9  686.7  27.6  668.0
 32.0 -13.7  684.8  27.6  659.7
 33.0 -13.5  683.0  27.6  648.2
 34.0 -13.3  681.0  27.7  634.1
 35.0 -13.2  678.7  27.7  617.9
 36.0 -13.0  676.0  27.7  600.2
 37.0 -12.8  672.5  27.8  582.2
 38.0 -12.7  668.2  27.8  564.3
 39.0 -12.5  662.9  28.0  547.6
 40.0 -12.3  656.9  28.1  532.7
 41.0 -12.2  649.9  28.2  520.3
 42.0 -12.0  642.4  28.4  510.8
 43.0 -11.9  634.4  28.5  504.3
 44.0 -11.7  626.2  28.6  500.4
 45.0 -11.6  618.1  28.7  498.5
 46.0 -11.4  610.2  28.7  497.7
 47.0 -11.3  602.8  28.7  497.2
 48.0 -11.1  595.9  28.6  496.1
 49.0 -11.0  589.3  28.5  493.7
 50.0 -10.7  583.2  28.4  489.5
 51.0 -10.6  576.9  28.2  482.9
 52.0 -10.5  570.2  28.0  473.7
 53.0 -10.4  562.6  27.7  461.7
 54.0 -10.3  553.7  27.4  447.4
 55.0 -10.2  542.9  27.1  431.2
 56.0 -10.2  529.8  26.6  414.4
 57.0 -10.2  514.3  26.2  397.9
 58.0 -10.2  496.0  25.7  382.2
 59.0 -10.3  475.2  25.3  367.0
 60.0 -10.6  452.2  24.8  351.4
 61.0 -11.0  428.3  24.4  334.4
 62.0 -11.7  407.4  24.0  315.5
 63.0 -12.7  395.4  23.6  294.9
 64.0 -13.3  391.9  23.0  273.9
 65.0 -13.7  391.5  21.9  257.5
 66.0 -14.0  390.7  20.9  251.6
 67.0 -14.2  387.2  20.2  252.1
 68.0 -14.3  379.6  19.7  254.0
 69.0 -14.5  367.3  19.2  255.4
 70.0 -14.7  349.8  18.7  256.4
 71.0 -14.8  327.2  18.1  259.1
 72.0 -15.1  300.3  16.2  271.2
 73.0 -16.2  271.2  15.1  300.3
 74.0 -18.1  259.1  14.8  327.2
 75.0 -18.7  256.4  14.7  349.8
 76.0 -19.2  255.4  14.5  367.3
 77.0 -19.7  254.0  14.3  379.6
 78.0 -20.2  252.1  14.2  387.2
 79.0 -20.9  251.6  14.0  390.7
 80.0 -21.9  257.5  13.7  391.5
 81.0 -23.0  273.9  13.3  391.9
 82.0 -23.6  294.9  12.7  395.4
 83.0 -24.0  315.5  11.7  407.4
 84.0 -24.4  334.4  11.0  428.3
 85.0 -24.8  351.4  10.6  452.2
 86.0 -25.3  367.0  10.3  475.2
 87.0 -25.7  382.2  10.2  496.0
 88.0 -26.2  397.9  10.2  514.3
 89.0 -26.6  414.4  10.2  529.8
 90.0 -27.1  431.2  10.2  542.9
 91.0 -27.4  447.4  10.3  553.7
 92.0 -27.7  461.7  10.4  562.6
 93.0 -28.0  473.7  10.5  570.2
 94.0 -28.2  482.9  10.6  576.9
 95.0 -28.4  489.5  10.7  583.2
 96.0 -28.5  493.7  11.0  589.3
 97.0 -28.6  496.1  11.1  595.9
 98.0 -28.7  497.2  11.3  602.8
 99.0 -28.7  497.7  11.4  610.2
 100.0 -28.7  498.5  11.6  618.1
 101.0 -28.6  500.4  11.7  626.2
 102.0 -28.5  504.3  11.9  634.4
 103.0 -28.4  510.8  12.0  642.4
 104.0 -28.2  520.3  12.2  649.9
 105.0 -28.1  532.7  12.3  656.9
 106.0 -28.0  547.6  12.5  662.9
 107.0 -27.8  564.3  12.7  668.2
 108.0 -27.8  582.2  12.8  672.5
 109.0 -27.7  600.2  13.0  676.0
 110.0 -27.7  617.9  13.2  678.7
 111.0 -27.7  634.1  13.3  681.0
 112.0 -27.6  648.2  13.5  683.0
 113.0 -27.6  659.7  13.7  684.8
 114.0 -27.6  668.0  13.9  686.7
 115.0 -27.5  673.0  14.1  688.7
 116.0 -27.4  674.5  14.3  690.9
 117.0 -27.3  672.7  14.5  693.2
 118.0 -27.1  668.0  14.8  695.3
 119.0 -27.0  661.1  15.1  697.1
 120.0 -26.9  652.7  15.3  698.2
 121.0 -26.7  643.6  15.5  698.3
 122.0 -26.5  634.7  15.7  697.2
 123.0 -26.3  627.0  15.9  694.6
 124.0 -26.1  621.1  16.1  690.7
 125.0 -25.9  617.4  16.4  685.6
 126.0 -25.6  615.8  16.6  679.6
 127.0 -25.4  616.3  16.9  673.0
 128.0 -25.2  618.0  17.1  666.6
 129.0 -24.9  620.5  17.5  661.0
 130.0 -24.7  623.0  17.8  656.6
 131.0 -24.5  624.9  18.1  653.9
 132.0 -24.3  625.8  18.4  653.0
 133.0 -24.1  625.5  18.7  653.8
 134.0 -23.9  624.0  19.0  656.0
 135.0 -23.7  621.3  19.2  659.0
 136.0 -23.5  618.0  19.4  662.2
 137.0 -23.3  614.6  19.6  664.9
 138.0 -23.0  611.7  19.8  666.7
 139.0 -22.8  610.0  20.0  667.0
 140.0 -22.4  609.7  20.3  665.7
 141.0 -22.2  611.6  20.5  662.5
 142.0 -21.9  615.4  20.7  657.6
 143.0 -21.7  621.0  20.9  651.1
 144.0 -21.5  628.0  21.0  643.7
 145.0 -21.3  635.8  21.3  635.8
