x z dist ED
 30.2 -44.6 -50.0 -275.99454103
 30.2 -44.5 -49.9 -274.556210107
 30.2 -44.4 -49.8 -273.269671711
 30.2 -44.3 -49.7 -272.13365271
 30.1 -44.3 -49.6 -271.146013271
 30.1 -44.2 -49.5 -270.3036114
 30.1 -44.1 -49.4 -269.602177989
 30.1 -44.0 -49.3 -269.036204094
 30.1 -43.9 -49.2 -268.598842006
 30.0 -43.8 -49.1 -268.281821546
 30.0 -43.7 -49.0 -268.075382823
 30.0 -43.6 -48.9 -267.968226544
 30.0 -43.5 -48.8 -267.947482725
 30.0 -43.4 -48.7 -267.9986985
 29.9 -43.3 -48.6 -268.105845475
 29.9 -43.2 -48.5 -268.251346885
 29.9 -43.1 -48.4 -268.416124577
 29.9 -43.0 -48.3 -268.579665631
 29.9 -42.9 -48.2 -268.720108225
 29.8 -42.8 -48.1 -268.814346107
 29.8 -42.7 -48.0 -268.838150873
 29.8 -42.6 -47.9 -268.766311008
 29.8 -42.5 -47.8 -268.572786491
 29.8 -42.4 -47.7 -268.23087757
 29.7 -42.3 -47.6 -267.713406166
 29.7 -42.2 -47.5 -266.992908195
 29.7 -42.1 -47.4 -266.041834996
 29.7 -42.0 -47.3 -264.832761924
 29.7 -41.9 -47.2 -263.338602066
 29.6 -41.8 -47.1 -261.532823002
 29.6 -41.7 -47.0 -259.38966444
 29.6 -41.6 -46.9 -256.884354563
 29.6 -41.5 -46.8 -253.993322884
 29.5 -41.4 -46.7 -250.694407474
 29.5 -41.3 -46.6 -246.967054389
 29.5 -41.2 -46.5 -242.792507276
 29.5 -41.1 -46.4 -238.153985133
 29.5 -41.0 -46.3 -233.036846357
 29.4 -40.9 -46.2 -227.428737321
 29.4 -40.8 -46.1 -221.319723844
 29.4 -40.7 -46.0 -214.702404099
 29.4 -40.6 -45.9 -207.572001672
 29.4 -40.5 -45.8 -199.92643765
 29.3 -40.4 -45.7 -191.766380858
 29.3 -40.3 -45.6 -183.095275514
 29.3 -40.2 -45.5 -173.919345863
 29.3 -40.1 -45.4 -164.247577498
 29.3 -40.0 -45.3 -154.091675355
 29.2 -39.9 -45.2 -143.465998582
 29.2 -39.8 -45.1 -132.387472696
 29.2 -39.7 -45.0 -120.875479693
 29.2 -39.7 -44.9 -108.951726966
 29.2 -39.6 -44.8 -96.6400961285
 29.1 -39.5 -44.7 -83.9664730089
 29.1 -39.4 -44.6 -70.9585603073
 29.1 -39.3 -44.5 -57.6456745559
 29.1 -39.2 -44.4 -44.0585292023
 29.1 -39.1 -44.3 -30.2290057706
 29.0 -39.0 -44.2 -16.189915189
 29.0 -38.9 -44.1 -1.97475147459
 29.0 -38.8 -44.0  12.3825599477
 29.0 -38.7 -43.9  26.8479169478
 29.0 -38.6 -43.8  41.3872960326
 28.9 -38.5 -43.7  55.9670059264
 28.9 -38.4 -43.6  70.5539369909
 28.9 -38.3 -43.5  85.1158041174
 28.9 -38.2 -43.4  99.621380775
 28.9 -38.1 -43.3  114.04072197
 28.8 -38.0 -43.2  128.345373975
 28.8 -37.9 -43.1  142.508568791
 28.8 -37.8 -43.0  156.505401471
 28.8 -37.7 -42.9  170.312988547
 28.8 -37.6 -42.8  183.91060603
 28.7 -37.5 -42.7  197.279805602
 28.7 -37.4 -42.6  210.404507841
 28.7 -37.3 -42.5  223.271071543
 28.7 -37.2 -42.4  235.86833842
 28.7 -37.1 -42.3  248.187652703
 28.6 -37.0 -42.2  260.2228554
 28.6 -36.9 -42.1  271.97025324
 28.6 -36.8 -42.0  283.428562538
 28.6 -36.7 -41.9  294.598828493
 28.5 -36.6 -41.8  305.484320664
 28.5 -36.5 -41.7  316.090405603
 28.5 -36.4 -41.6  326.424397848
 28.5 -36.3 -41.5  336.495390713
 28.5 -36.2 -41.4  346.314068491
 28.4 -36.1 -41.3  355.892501912
 28.4 -36.0 -41.2  365.243928833
 28.4 -35.9 -41.1  374.382522322
 28.4 -35.8 -41.0  383.32314842
 28.4 -35.7 -40.9  392.081115986
 28.3 -35.6 -40.8  400.671921121
 28.3 -35.5 -40.7  409.110988725
 28.3 -35.4 -40.6  417.413413812
 28.3 -35.3 -40.5  425.593705195
 28.3 -35.2 -40.4  433.665534173
 28.2 -35.1 -40.3  441.641490811
 28.2 -35.1 -40.2  449.532850349
 28.2 -35.0 -40.1  457.349352198
 28.2 -34.9 -40.0  465.098993879
 28.2 -34.8 -39.9  472.787842119
 28.1 -34.7 -39.8  480.4198632
 28.1 -34.6 -39.7  487.996774449
 28.1 -34.5 -39.6  495.517918599
 28.1 -34.4 -39.5  502.980162522
 28.1 -34.3 -39.4  510.377821633
 28.0 -34.2 -39.3  517.702611001
 28.0 -34.1 -39.2  524.943623986
 28.0 -34.0 -39.1  532.087338939
 28.0 -33.9 -39.0  539.11765425
 28.0 -33.8 -38.9  546.015951758
 27.9 -33.7 -38.8  552.761188268
 27.9 -33.6 -38.7  559.330014641
 27.9 -33.5 -38.6  565.696921677
 27.9 -33.4 -38.5  571.834411722
 27.9 -33.3 -38.4  577.713194701
 27.8 -33.2 -38.3  583.302407026
 27.8 -33.1 -38.2  588.569851589
 27.8 -33.0 -38.1  593.482256861
 27.8 -32.9 -38.0  598.005552895
 27.8 -32.8 -37.9  602.105161859
 27.7 -32.7 -37.8  605.746300584
 27.7 -32.6 -37.7  608.894292444
 27.7 -32.5 -37.6  611.514885818
 27.7 -32.4 -37.5  613.574576241
 27.6 -32.3 -37.4  615.040929357
 27.6 -32.2 -37.3  615.882901684
 27.6 -32.1 -37.2  616.071156253
 27.6 -32.0 -37.1  615.578370164
 27.6 -31.9 -37.0  614.379531169
 27.5 -31.8 -36.9  612.452220458
 27.5 -31.7 -36.8  609.77687893
 27.5 -31.6 -36.7  606.337054353
 27.5 -31.5 -36.6  602.119626973
 27.5 -31.4 -36.5  597.115011289
 27.4 -31.3 -36.4  591.317331948
 27.4 -31.2 -36.3  584.724571872
 27.4 -31.1 -36.2  577.338691015
 27.4 -31.0 -36.1  569.165714365
 27.4 -30.9 -36.0  560.215788091
 27.3 -30.8 -35.9  550.503203001
 27.3 -30.7 -35.8  540.046384753
 27.3 -30.6 -35.7  528.867850581
 27.3 -30.5 -35.6  516.994132564
 27.3 -30.4 -35.5  504.455667776
 27.2 -30.4 -35.4  491.286655954
 27.2 -30.3 -35.3  477.524885605
 27.2 -30.2 -35.2  463.211529764
 27.2 -30.1 -35.1  448.390912881
 27.2 -30.0 -35.0  433.110250595
 27.1 -29.9 -34.9  417.419364376
 27.1 -29.8 -34.8  401.370373285
 27.1 -29.7 -34.7  385.017365279
 27.1 -29.6 -34.6  368.416050701
 27.1 -29.5 -34.5  351.623400766
 27.0 -29.4 -34.4  334.697273993
 27.0 -29.3 -34.3  317.696033652
 27.0 -29.2 -34.2  300.678159396
 27.0 -29.1 -34.1  283.701856315
 27.0 -29.0 -34.0  266.824664665
 26.9 -28.9 -33.9  250.103073578
 26.9 -28.8 -33.8  233.592141974
 26.9 -28.7 -33.7  217.345129925
 26.9 -28.6 -33.6  201.413143557
 26.9 -28.5 -33.5  185.844796553
 26.8 -28.4 -33.4  170.685891125
 26.8 -28.3 -33.3  155.979121185
 26.8 -28.2 -33.2  141.763800285
 26.8 -28.1 -33.1  128.075616638
 26.7 -28.0 -33.0  114.946417355
 26.7 -27.9 -32.9  102.404023754
 26.7 -27.8 -32.8  90.4720793472
 26.7 -27.7 -32.7  79.1699318143
 26.7 -27.6 -32.6  68.5125500164
 26.6 -27.5 -32.5  58.5104767575
 26.6 -27.4 -32.4  49.1698177254
 26.6 -27.3 -32.3  40.4922667173
 26.6 -27.2 -32.2  32.4751669438
 26.6 -27.1 -32.1  25.111607892
 26.5 -27.0 -32.0  18.3905569193
 26.5 -26.9 -31.9  12.297024448
 26.5 -26.8 -31.8  6.81226133666
 26.5 -26.7 -31.7  1.91398672525
 26.5 -26.6 -31.6 -2.42335561633
 26.4 -26.5 -31.5 -6.22831465426
 26.4 -26.4 -31.4 -9.53212561999
 26.4 -26.3 -31.3 -12.3683823594
 26.4 -26.2 -31.2 -14.7726913433
 26.4 -26.1 -31.1 -16.7823103422
 26.3 -26.0 -31.0 -18.4357749003
 26.3 -25.9 -30.9 -19.7725158534
 26.3 -25.8 -30.8 -20.8324712087
 26.3 -25.8 -30.7 -21.6556957599
 26.3 -25.7 -30.6 -22.2819718224
 26.2 -25.6 -30.5 -22.7504244707
 26.2 -25.5 -30.4 -23.0991446138
 26.2 -25.4 -30.3 -23.3648231785
 26.2 -25.3 -30.2 -23.5823995701
 26.2 -25.2 -30.1 -23.7847274553
 26.1 -25.1 -30.0 -24.0022607576
 26.1 -25.0 -29.9 -24.262762579
 26.1 -24.9 -29.8 -24.591039558
 26.1 -24.8 -29.7 -25.0087039511
 26.1 -24.7 -29.6 -25.5339654799
 26.0 -24.6 -29.5 -26.1814547262
 26.0 -24.5 -29.4 -26.9620795759
 26.0 -24.4 -29.3 -27.8829159287
 26.0 -24.3 -29.2 -28.9471335834
 26.0 -24.2 -29.1 -30.1539579051
 25.9 -24.1 -29.0 -31.4986675641
 25.9 -24.0 -28.9 -32.9726283249
 25.9 -23.9 -28.8 -34.5633625425
 25.9 -23.8 -28.7 -36.2546537203
 25.8 -23.7 -28.6 -38.0266851704
 25.8 -23.6 -28.5 -39.8562115277
 25.8 -23.5 -28.4 -41.71676158
 25.8 -23.4 -28.3 -43.578870609
 25.8 -23.3 -28.2 -45.4103401801
 25.7 -23.2 -28.1 -47.1765230862
 25.7 -23.1 -28.0 -48.8406309343
 25.7 -23.0 -27.9 -50.3640616715
 25.7 -22.9 -27.8 -51.7067441813
 25.7 -22.8 -27.7 -52.8274969361
 25.6 -22.7 -27.6 -53.6843975784
 25.6 -22.6 -27.5 -54.2351602172
 25.6 -22.5 -27.4 -54.4375171636
 25.6 -22.4 -27.3 -54.2496018043
 25.6 -22.3 -27.2 -53.6303293082
 25.5 -22.2 -27.1 -52.539771892
 25.5 -22.1 -27.0 -50.9395254277
 25.5 -22.0 -26.9 -48.7930642605
 25.5 -21.9 -26.8 -46.0660812187
 25.5 -21.8 -26.7 -42.7268099382
 25.4 -21.7 -26.6 -38.7463267869
 25.4 -21.6 -26.5 -34.0988298624
 25.4 -21.5 -26.4 -28.7618927472
 25.4 -21.4 -26.3 -22.7166909332
 25.4 -21.3 -26.2 -15.9481990752
 25.3 -21.2 -26.1 -8.44535749322
 25.3 -21.2 -26.0 -0.20120662168
 25.3 -21.1 -25.9  8.78701161589
 25.3 -21.0 -25.8  18.5177862309
 25.3 -20.9 -25.7  28.9853038213
 25.2 -20.8 -25.6  40.1794495788
 25.2 -20.7 -25.5  52.0858424786
 25.2 -20.6 -25.4  64.6859041835
 25.2 -20.5 -25.3  77.9569609012
 25.2 -20.4 -25.2  91.8723771525
 25.1 -20.3 -25.1  106.401720134
 25.1 -20.2 -25.0  121.510953104
 25.1 -20.1 -24.9  137.162655968
 25.1 -20.0 -24.8  153.316271032
 25.1 -19.9 -24.7  169.928371662
 25.0 -19.8 -24.6  186.952951426
 25.0 -19.7 -24.5  204.341731123
 25.0 -19.6 -24.4  222.044480959
 25.0 -19.5 -24.3  240.009355034
 24.9 -19.4 -24.2  258.183235213
 24.9 -19.3 -24.1  276.51208138
 24.9 -19.2 -24.0  294.941285074
 24.9 -19.1 -23.9  313.416023466
 24.9 -19.0 -23.8  331.881610699
 24.8 -18.9 -23.7  350.283843617
 24.8 -18.8 -23.6  368.56933904
 24.8 -18.7 -23.5  386.685859797
 24.8 -18.6 -23.4  404.582626878
 24.8 -18.5 -23.3  422.210615229
 24.7 -18.4 -23.2  439.522830846
 24.7 -18.3 -23.1  456.474567067
 24.7 -18.2 -23.0  473.023638123
 24.7 -18.1 -22.9  489.130588264
 24.7 -18.0 -22.8  504.758875011
 24.6 -17.9 -22.7  519.875025326
 24.6 -17.8 -22.6  534.448763751
 24.6 -17.7 -22.5  548.453111864
 24.6 -17.6 -22.4  561.864458607
 24.6 -17.5 -22.3  574.662601398
 24.5 -17.4 -22.2  586.830758119
 24.5 -17.3 -22.1  598.355550417
 24.5 -17.2 -22.0  609.22695897
 24.5 -17.1 -21.9  619.438251624
 24.5 -17.0 -21.8  628.985885588
 24.4 -16.9 -21.7  637.869385042
 24.4 -16.8 -21.6  646.091195782
 24.4 -16.7 -21.5  653.656518695
 24.4 -16.6 -21.4  660.573124025
 24.4 -16.5 -21.3  666.851148584
 24.3 -16.5 -21.2  672.502878158
 24.3 -16.4 -21.1  677.542517496
 24.3 -16.3 -21.0  681.98595035
 24.3 -16.2 -20.9  685.850492101
 24.3 -16.1 -20.8  689.154637539
 24.2 -16.0 -20.7  691.917806392
 24.2 -15.9 -20.6  694.160089165
 24.2 -15.8 -20.5  695.901995852
 24.2 -15.7 -20.4  697.164209973
 24.2 -15.6 -20.3  697.967350354
 24.1 -15.5 -20.2  698.331742927
 24.1 -15.4 -20.1  698.277204711
 24.1 -15.3 -20.0  697.822841994
 24.1 -15.2 -19.9  696.986864539
 24.0 -15.1 -19.8  695.786417509
 24.0 -15.0 -19.7  694.237432537
 24.0 -14.9 -19.6  692.354499211
 24.0 -14.8 -19.5  690.150757996
 24.0 -14.7 -19.4  687.637815389
 23.9 -14.6 -19.3  684.825681854
 23.9 -14.5 -19.2  681.722732877
 23.9 -14.4 -19.1  678.335693179
 23.9 -14.3 -19.0  674.669643955
 23.9 -14.2 -18.9  670.728052699
 23.8 -14.1 -18.8  666.512824992
 23.8 -14.0 -18.7  662.024377384
 23.8 -13.9 -18.6  657.261730278
 23.8 -13.8 -18.5  652.222619542
 23.8 -13.7 -18.4  646.90362537
 23.7 -13.6 -18.3  641.300316743
 23.7 -13.5 -18.2  635.407409698
 23.7 -13.4 -18.1  629.218937452
 23.7 -13.3 -18.0  622.72843034
 23.7 -13.2 -17.9  615.929103414
 23.6 -13.1 -17.8  608.814049487
 23.6 -13.0 -17.7  601.376435347
 23.6 -12.9 -17.6  593.609698857
 23.6 -12.8 -17.5  585.50774464
 23.6 -12.7 -17.4  577.065136082
 23.5 -12.6 -17.3  568.277281417
 23.5 -12.5 -17.2  559.140611747
 23.5 -12.4 -17.1  549.652748916
 23.5 -12.3 -17.0  539.812661291
 23.5 -12.2 -16.9  529.620805623
 23.4 -12.1 -16.8  519.079253296
 23.4 -12.0 -16.7  508.191799489
 23.4 -11.9 -16.6  496.964053888
 23.4 -11.9 -16.5  485.403511843
 23.4 -11.8 -16.4  473.519605039
 23.3 -11.7 -16.3  461.323730978
 23.3 -11.6 -16.2  448.829260781
 23.3 -11.5 -16.1  436.051525082
 23.3 -11.4 -16.0  423.007777968
 23.3 -11.3 -15.9  409.71713919
 23.2 -11.2 -15.8  396.200515098
 23.2 -11.1 -15.7  382.480498946
 23.2 -11.0 -15.6  368.58125148
 23.2 -10.9 -15.5  354.528362886
 23.1 -10.8 -15.4  340.348697421
 23.1 -10.7 -15.3  326.070222187
 23.1 -10.6 -15.2  311.721821728
 23.1 -10.5 -15.1  297.333100248
 23.1 -10.4 -15.0  282.934173406
 23.0 -10.3 -14.9  268.555451757
 23.0 -10.2 -14.8  254.227417994
 23.0 -10.1 -14.7  239.980400239
 23.0 -10.0 -14.6  225.844343673
 23.0 -9.9 -14.5  211.848582815
 22.9 -9.8 -14.4  198.021616785
 22.9 -9.7 -14.3  184.390889855
 22.9 -9.6 -14.2  170.98257955
 22.9 -9.5 -14.1  157.821394496
 22.9 -9.4 -14.0  144.930384143
 22.8 -9.3 -13.9  132.330762336
 22.8 -9.2 -13.8  120.041746642
 22.8 -9.1 -13.7  108.080415124
 22.8 -9.0 -13.6  96.4615821334
 22.8 -8.9 -13.5  85.1976944913
 22.7 -8.8 -13.4  74.2987492198
 22.7 -8.7 -13.3  63.7722337914
 22.7 -8.6 -13.2  53.6230896303
 22.7 -8.5 -13.1  43.8536993693
 22.7 -8.4 -13.0  34.4638981329
 22.6 -8.3 -12.9  25.4510088716
 22.6 -8.2 -12.8  16.8099015314
 22.6 -8.1 -12.7  8.53307560049
 22.6 -8.0 -12.6  0.610765334977
 22.6 -7.9 -12.5 -6.96893326669
 22.5 -7.8 -12.4 -14.2199148963
 22.5 -7.7 -12.3 -21.1578981466
 22.5 -7.6 -12.2 -27.8002410747
 22.5 -7.5 -12.1 -34.1657408781
 22.5 -7.4 -12.0 -40.2744196197
 22.4 -7.3 -11.9 -46.1472980867
 22.4 -7.3 -11.8 -51.806160006
 22.4 -7.2 -11.7 -57.2733089494
 22.4 -7.1 -11.6 -62.5713203531
 22.4 -7.0 -11.5 -67.7227911408
 22.3 -6.9 -11.4 -72.7500894858
 22.3 -6.8 -11.3 -77.6751072602
 22.3 -6.7 -11.2 -82.5190177178
 22.3 -6.6 -11.1 -87.3020409185
 22.2 -6.5 -11.0 -92.0432193496
 22.2 -6.4 -10.9 -96.7602061135
 22.2 -6.3 -10.8 -101.469067947
 22.2 -6.2 -10.7 -106.18410521
 22.2 -6.1 -10.6 -110.917690819
 22.1 -6.0 -10.5 -115.680129951
 22.1 -5.9 -10.4 -120.479542126
 22.1 -5.8 -10.3 -125.321767093
 22.1 -5.7 -10.2 -130.210295688
 22.1 -5.6 -10.1 -135.146226647
 22.0 -5.5 -10.0 -140.128250042
 22.0 -5.4 -9.9 -145.152657809
 22.0 -5.3 -9.8 -150.213381542
 22.0 -5.2 -9.7 -155.302057463
 22.0 -5.1 -9.6 -160.408118213
 21.9 -5.0 -9.5 -165.518910848
 21.9 -4.9 -9.4 -170.619840133
 21.9 -4.8 -9.3 -175.694536005
 21.9 -4.7 -9.2 -180.725043794
 21.9 -4.6 -9.1 -185.692035576
 21.8 -4.5 -9.0 -190.57504079
 21.8 -4.4 -8.9 -195.352694053
 21.8 -4.3 -8.8 -200.002997907
 21.8 -4.2 -8.7 -204.503598083
 21.8 -4.1 -8.6 -208.832068666
 21.7 -4.0 -8.5 -212.966204493
 21.7 -3.9 -8.4 -216.884317941
 21.7 -3.8 -8.3 -220.565537234
 21.7 -3.7 -8.2 -223.990103325
 21.7 -3.6 -8.1 -227.139662399
 21.6 -3.5 -8.0 -229.997551039
 21.6 -3.4 -7.9 -232.549071128
 21.6 -3.3 -7.8 -234.781751638
 21.6 -3.2 -7.7 -236.685594524
 21.6 -3.1 -7.6 -238.253302062
 21.5 -3.0 -7.5 -239.480483122
 21.5 -2.9 -7.4 -240.365836017
 21.5 -2.8 -7.3 -240.91130576
 21.5 -2.7 -7.2 -241.122213793
 21.5 -2.6 -7.1 -241.007358434
 21.4 -2.6 -7.0 -240.579084606
 21.4 -2.5 -6.9 -239.853321598
 21.4 -2.4 -6.8 -238.849587963
 21.4 -2.3 -6.7 -237.590962881
 21.3 -2.2 -6.6 -236.104023662
 21.3 -2.1 -6.5 -234.418749331
 21.3 -2.0 -6.4 -232.568390582
 21.3 -1.9 -6.3 -230.58930665
 21.3 -1.8 -6.2 -228.520769996
 21.2 -1.7 -6.1 -226.404739973
 21.2 -1.6 -6.0 -224.285606948
 21.2 -1.5 -5.9 -222.209908626
 21.2 -1.4 -5.8 -220.226020598
 21.2 -1.3 -5.7 -218.383823376
 21.1 -1.2 -5.6 -216.73434843
 21.1 -1.1 -5.5 -215.329405931
 21.1 -1.0 -5.4 -214.22119713
 21.1 -0.9 -5.3 -213.46191442
 21.1 -0.8 -5.2 -213.103332334
 21.0 -0.7 -5.1 -213.196392775
 21.0 -0.6 -5.0 -213.790787924
 21.0 -0.5 -4.9 -214.934544286
 21.0 -0.4 -4.8 -216.673611369
 21.0 -0.3 -4.7 -219.05145851
 20.9 -0.2 -4.6 -222.108683283
 20.9 -0.1 -4.5 -225.882634909
 20.9 -0.0 -4.4 -230.407055951
 20.9  0.1 -4.3 -235.711745477
 20.9  0.2 -4.2 -241.822246712
 20.8  0.3 -4.1 -248.759562023
 20.8  0.4 -4.0 -256.539897876
 20.8  0.5 -3.9 -265.17444216
 20.8  0.6 -3.8 -274.669176058
 20.8  0.7 -3.7 -285.024722327
 20.7  0.8 -3.6 -296.236231594
 20.7  0.9 -3.5 -308.293307957
 20.7  1.0 -3.4 -321.179974862
 20.7  1.1 -3.3 -334.874681914
 20.7  1.2 -3.2 -349.350352916
 20.6  1.3 -3.1 -364.57447514
 20.6  1.4 -3.0 -380.509229438
 20.6  1.5 -2.9 -397.111660511
 20.6  1.6 -2.8 -414.333886306
 20.6  1.7 -2.7 -432.123345161
 20.5  1.8 -2.6 -450.423079051
 20.5  1.9 -2.5 -469.172050949
 20.5  2.0 -2.4 -488.305494038
 20.5  2.0 -2.3 -507.755290255
 20.4  2.1 -2.2 -527.450375396
 20.4  2.2 -2.1 -547.317167776
 20.4  2.3 -2.0 -567.280017248
 20.4  2.4 -1.9 -587.261671227
 20.4  2.5 -1.8 -607.183754183
 20.3  2.6 -1.7 -626.967256997
 20.3  2.7 -1.6 -646.533032454
 20.3  2.8 -1.5 -665.802293109
 20.3  2.9 -1.4 -684.697107746
 20.3  3.0 -1.3 -703.140892634
 20.2  3.1 -1.2 -721.058893867
 20.2  3.2 -1.1 -738.3786571
 20.2  3.3 -1.0 -755.030481139
 20.2  3.4 -0.9 -770.947851947
 20.2  3.5 -0.8 -786.067853799
 20.1  3.6 -0.7 -800.331554523
 20.1  3.7 -0.6 -813.684361943
 20.1  3.8 -0.5 -826.076348918
 20.1  3.9 -0.4 -837.462544611
 20.1  4.0 -0.3 -847.80318988
 20.0  4.1 -0.2 -857.063955038
 20.0  4.2 -0.1 -865.216118468
 20.0  4.3 -0.0 -872.236704947
 20.0  4.4  0.1 -878.108582859
 20.0  4.5  0.2 -882.820519788
 19.9  4.6  0.3 -886.367196345
 19.9  4.7  0.4 -888.749178412
 19.9  4.8  0.5 -889.972848322
 19.9  4.9  0.6 -890.05029583
 19.9  5.0  0.7 -888.999170035
 19.8  5.1  0.8 -886.842493748
 19.8  5.2  0.9 -883.608442062
 19.8  5.3  1.0 -879.330087208
 19.8  5.4  1.1 -874.045111977
 19.8  5.5  1.2 -867.795494289
 19.7  5.6  1.3 -860.627165662
 19.7  5.7  1.4 -852.589646547
 19.7  5.8  1.5 -843.735661647
 19.7  5.9  1.6 -834.120738479
 19.7  6.0  1.7 -823.802792554
 19.6  6.1  1.8 -812.841702599
 19.6  6.2  1.9 -801.298879334
 19.6  6.3  2.0 -789.236831296
 19.6  6.4  2.1 -776.71873121
 19.6  6.5  2.2 -763.807986359
 19.5  6.6  2.3 -750.567816323
 19.5  6.6  2.4 -737.060841374
 19.5  6.7  2.5 -723.348684658
 19.5  6.8  2.6 -709.491591174
 19.4  6.9  2.7 -695.548066333
 19.4  7.0  2.8 -681.574536731
 19.4  7.1  2.9 -667.625035496
 19.4  7.2  3.0 -653.750914359
 19.4  7.3  3.1 -640.000584317
 19.3  7.4  3.2 -626.419286504
 19.3  7.5  3.3 -613.048894581
 19.3  7.6  3.4 -599.927749663
 19.3  7.7  3.5 -587.090528522
 19.3  7.8  3.6 -574.568145472
 19.2  7.9  3.7 -562.387688053
 19.2  8.0  3.8 -550.572386337
 19.2  8.1  3.9 -539.14161535
 19.2  8.2  4.0 -528.110929865
 19.2  8.3  4.1 -517.492130478
 19.1  8.4  4.2 -507.293359679
 19.1  8.5  4.3 -497.519226316
 19.1  8.6  4.4 -488.170956664
 19.1  8.7  4.5 -479.24657007
 19.1  8.8  4.6 -470.741076955
 19.0  8.9  4.7 -462.646696778
 19.0  9.0  4.8 -454.953093447
 19.0  9.1  4.9 -447.647625489
 19.0  9.2  5.0 -440.715608256
 19.0  9.3  5.1 -434.140585311
 18.9  9.4  5.2 -427.904606163
 18.9  9.5  5.3 -421.988507446
 18.9  9.6  5.4 -416.372194694
 18.9  9.7  5.5 -411.034921875
 18.9  9.8  5.6 -405.955565943
 18.8  9.9  5.7 -401.112893727
 18.8  10.0  5.8 -396.485818623
 18.8  10.1  5.9 -392.053644678
 18.8  10.2  6.0 -387.796295822
 18.8  10.3  6.1 -383.694528197
 18.7  10.4  6.2 -379.730123707
 18.7  10.5  6.3 -375.886063161
 18.7  10.6  6.4 -372.146677595
 18.7  10.7  6.5 -368.497776595
 18.7  10.8  6.6 -364.926752714
 18.6  10.9  6.7 -361.422661318
 18.6  11.0  6.8 -357.97627546
 18.6  11.1  6.9 -354.580115664
 18.6  11.2  7.0 -351.228454728
 18.5  11.2  7.1 -347.917297951
 18.5  11.3  7.2 -344.644339416
 18.5  11.4  7.3 -341.408895228
 18.5  11.5  7.4 -338.211814808
 18.5  11.6  7.5 -335.055371604
 18.4  11.7  7.6 -331.943134756
 18.4  11.8  7.7 -328.879823449
 18.4  11.9  7.8 -325.871145862
 18.4  12.0  7.9 -322.923624766
 18.4  12.1  8.0 -320.044411951
 18.3  12.2  8.1 -317.241093771
 18.3  12.3  8.2 -314.52149016
 18.3  12.4  8.3 -311.893449566
 18.3  12.5  8.4 -309.364642219
 18.3  12.6  8.5 -306.942354234
 18.2  12.7  8.6 -304.633284946
 18.2  12.8  8.7 -302.4433499
 18.2  12.9  8.8 -300.377491814
 18.2  13.0  8.9 -298.439501743
 18.2  13.1  9.0 -296.631852567
 18.1  13.2  9.1 -294.955546788
 18.1  13.3  9.2 -293.409980457
 18.1  13.4  9.3 -291.992824895
 18.1  13.5  9.4 -290.69992765
 18.1  13.6  9.5 -289.52523397
 18.0  13.7  9.6 -288.460729814
 18.0  13.8  9.7 -287.496407216
 18.0  13.9  9.8 -286.620252581
 18.0  14.0  9.9 -285.81825824
 18.0  14.1  10.0 -285.074457358
 17.9  14.2  10.1 -284.370982027
 17.9  14.3  10.2 -283.688144161
 17.9  14.4  10.3 -283.00453853
 17.9  14.5  10.4 -282.297167076
 17.9  14.6  10.5 -281.541583404
 17.8  14.7  10.6 -280.712056137
 17.8  14.8  10.7 -279.781749624
 17.8  14.9  10.8 -278.722920308
 17.8  15.0  10.9 -277.507126879
 17.8  15.1  11.0 -276.105452207
 17.7  15.2  11.1 -274.488734916
 17.7  15.3  11.2 -272.627808329
 17.7  15.4  11.3 -270.493744475
 17.7  15.5  11.4 -268.058100737
 17.6  15.6  11.5 -265.293166728
 17.6  15.7  11.6 -262.172208924
 17.6  15.8  11.7 -258.669710641
 17.6  15.9  11.8 -254.761604933
 17.6  15.9  11.9 -250.425498091
 17.5  16.0  12.0 -245.640881467
 17.5  16.1  12.1 -240.38932948
 17.5  16.2  12.2 -234.654681787
 17.5  16.3  12.3 -228.423207725
 17.5  16.4  12.4 -221.683751331
 17.4  16.5  12.5 -214.427855417
 17.4  16.6  12.6 -206.649863362
 17.4  16.7  12.7 -198.346997524
 17.4  16.8  12.8 -189.519413391
 17.4  16.9  12.9 -180.170228802
 17.3  17.0  13.0 -170.305527856
 17.3  17.1  13.1 -159.934339328
 17.3  17.2  13.2 -149.068589689
 17.3  17.3  13.3 -137.723031065
 17.3  17.4  13.4 -125.915144713
 17.2  17.5  13.5 -113.665020848
 17.2  17.6  13.6 -100.99521586
 17.2  17.7  13.7 -87.9305882163
 17.2  17.8  13.8 -74.4981145353
 17.2  17.9  13.9 -60.7266875211
 17.1  18.0  14.0 -46.6468976296
 17.1  18.1  14.1 -32.290800503
 17.1  18.2  14.2 -17.6916723508
 17.1  18.3  14.3 -2.88375557972
 17.1  18.4  14.4  12.098002923
 17.0  18.5  14.5  27.2182183717
 17.0  18.6  14.6  42.4413369951
 17.0  18.7  14.7  57.7319047141
 17.0  18.8  14.8  73.0548330174
 17.0  18.9  14.9  88.3756594866
 16.9  19.0  15.0  103.660800471
 16.9  19.1  15.1  118.877793479
 16.9  19.2  15.2  133.995526952
 16.9  19.3  15.3  148.984455207
 16.9  19.4  15.4  163.816796457
 16.8  19.5  15.5  178.466712011
 16.8  19.6  15.6  192.910464897
 16.8  19.7  15.7  207.126556388
 16.8  19.8  15.8  221.095839081
 16.7  19.9  15.9  234.801605458
 16.7  20.0  16.0  248.229651048
 16.7  20.1  16.1  261.368311581
 16.7  20.2  16.2  274.208473782
 16.7  20.3  16.3  286.743559708
 16.6  20.4  16.4  298.969484784
 16.6  20.5  16.5  310.884589955
 16.6  20.5  16.6  322.489548662
 16.6  20.6  16.7  333.787249543
 16.6  20.7  16.8  344.782656052
 16.5  20.8  16.9  355.482644411
 16.5  20.9  17.0  365.895821509
 16.5  21.0  17.1  376.0323246
 16.5  21.1  17.2  385.903604818
 16.5  21.2  17.3  395.522196703
 16.4  21.3  17.4  404.901476088
 16.4  21.4  17.5  414.055408812
 16.4  21.5  17.6  422.998292837
 16.4  21.6  17.7  431.744496424
 16.4  21.7  17.8  440.308195076
 16.3  21.8  17.9  448.70310998
 16.3  21.9  18.0  456.942250693
 16.3  22.0  18.1  465.037664775
 16.3  22.1  18.2  473.000197032
 16.3  22.2  18.3  480.83926096
 16.2  22.3  18.4  488.562624856
 16.2  22.4  18.5  496.176214956
 16.2  22.5  18.6  503.683937804
 16.2  22.6  18.7  511.087523865
 16.2  22.7  18.8  518.386394238
 16.1  22.8  18.9  525.57755207
 16.1  22.9  19.0  532.655500069
 16.1  23.0  19.1  539.612185277
 16.1  23.1  19.2  546.436971967
 16.1  23.2  19.3  553.116643313
 16.0  23.3  19.4  559.635432165
 16.0  23.4  19.5  565.975081011
 16.0  23.5  19.6  572.114930903
 16.0  23.6  19.7  578.032038853
 16.0  23.7  19.8  583.701322933
 15.9  23.8  19.9  589.095734022
 15.9  23.9  20.0  594.186452885
 15.9  24.0  20.1  598.943111032
 15.9  24.1  20.2  603.334033521
 15.8  24.2  20.3  607.326501683
 15.8  24.3  20.4  610.88703353
 15.8  24.4  20.5  613.981679391
 15.8  24.5  20.6  616.576330191
 15.8  24.6  20.7  618.637035612
 15.7  24.7  20.8  620.13032929
 15.7  24.8  20.9  621.023558059
 15.7  24.9  21.0  621.285212248
 15.7  25.0  21.1  620.885253935
 15.7  25.1  21.2  619.795440108
 15.6  25.1  21.3  617.989637658
 15.6  25.2  21.4  615.444127198
 15.6  25.3  21.5  612.137892774
 15.6  25.4  21.6  608.052894629
 15.6  25.5  21.7  603.174322316
 15.5  25.6  21.8  597.490825604
 15.5  25.7  21.9  590.994720823
 15.5  25.8  22.0  583.682170448
 15.5  25.9  22.1  575.553334004
 15.5  26.0  22.2  566.612488579
 15.4  26.1  22.3  556.868117495
 15.4  26.2  22.4  546.332965972
 15.4  26.3  22.5  535.024062909
 15.4  26.4  22.6  522.962708187
 15.4  26.5  22.7  510.174425213
 15.3  26.6  22.8  496.688878741
 15.3  26.7  22.9  482.539758288
 15.3  26.8  23.0  467.764627808
 15.3  26.9  23.1  452.404742557
 15.3  27.0  23.2  436.504834404
 15.2  27.1  23.3  420.112867119
 15.2  27.2  23.4  403.279763438
 15.2  27.3  23.5  386.059105999
 15.2  27.4  23.6  368.506814428
 15.2  27.5  23.7  350.680801146
 15.1  27.6  23.8  332.64060861
 15.1  27.7  23.9  314.447030922
 15.1  27.8  24.0  296.161722876
 15.1  27.9  24.1  277.84679963
 15.1  28.0  24.2  259.564430322
 15.0  28.1  24.3  241.376428977
 15.0  28.2  24.4  223.343846121
 15.0  28.3  24.5  205.526564526
 15.0  28.4  24.6  187.982902476
 14.9  28.5  24.7  170.7692279
 14.9  28.6  24.8  153.939586649
 14.9  28.7  24.9  137.545348059
 14.9  28.8  25.0  121.634870842
 14.9  28.9  25.1  106.253192133
 14.8  29.0  25.2  91.4417423766
 14.8  29.1  25.3  77.2380884945
 14.8  29.2  25.4  63.6757075428
 14.8  29.3  25.5  50.7837928174
 14.8  29.4  25.6  38.5870940838
 14.7  29.5  25.7  27.1057933179
 14.7  29.6  25.8  16.3554170427
 14.7  29.7  25.9  6.34678602993
 14.7  29.8  26.0 -2.91399718636
 14.7  29.8  26.1 -11.4255228617
 14.6  29.9  26.2 -19.1910108656
 14.6  30.0  26.3 -26.2182103105
 14.6  30.1  26.4 -32.5192628426
 14.6  30.2  26.5 -38.1105307628
 14.6  30.3  26.6 -43.0123914574
 14.5  30.4  26.7 -47.2489999056
 14.5  30.5  26.8 -50.8480213128
 14.5  30.6  26.9 -53.8403361773
 14.5  30.7  27.0 -56.2597203366
 14.5  30.8  27.1 -58.1425027605
 14.4  30.9  27.2 -59.5272040487
 14.4  31.0  27.3 -60.454158761
 14.4  31.1  27.4 -60.9651248452
 14.4  31.2  27.5 -61.1028835442
 14.4  31.3  27.6 -60.9108332407
 14.3  31.4  27.7 -60.4325807526
 14.3  31.5  27.8 -59.7115336111
 14.3  31.6  27.9 -58.7904968453
 14.3  31.7  28.0 -57.7112777512
 14.3  31.8  28.1 -56.514302056
 14.2  31.9  28.2 -55.2382447826
 14.2  32.0  28.3 -53.919678989
 14.2  32.1  28.4 -52.592745399
 14.2  32.2  28.5 -51.2888457541
 14.2  32.3  28.6 -50.0363625059
 14.1  32.4  28.7 -48.8604072351
 14.1  32.5  28.8 -47.782599929
 14.1  32.6  28.9 -46.8208809775
 14.1  32.7  29.0 -45.9893574562
 14.0  32.8  29.1 -45.2981849654
 14.0  32.9  29.2 -44.7534859797
 14.0  33.0  29.3 -44.3573053401
 14.0  33.1  29.4 -44.1076031972
 14.0  33.2  29.5 -43.9982853819
 13.9  33.3  29.6 -44.0192708554
 13.9  33.4  29.7 -44.1565955636
 13.9  33.5  29.8 -44.3925517041
 13.9  33.6  29.9 -44.7058611058
 13.9  33.7  30.0 -45.0718811253
 13.8  33.8  30.1 -45.4628411809
 13.8  33.9  30.2 -45.8481077818
 13.8  34.0  30.3 -46.1944756659
 13.8  34.1  30.4 -46.4664824356
 13.8  34.2  30.5 -46.6267438801
 13.7  34.3  30.6 -46.6363070017
 13.7  34.4  30.7 -46.4550176136
 13.7  34.4  30.8 -46.0418992582
 13.7  34.5  30.9 -45.3555401061
 13.7  34.6  31.0 -44.3544844334
 13.6  34.7  31.1 -42.9976252481
 13.6  34.8  31.2 -41.2445946341
 13.6  34.9  31.3 -39.0561484144
 13.6  35.0  31.4 -36.3945417958
 13.6  35.1  31.5 -33.2238927476
 13.5  35.2  31.6 -29.5105299861
 13.5  35.3  31.7 -25.2233225844
 13.5  35.4  31.8 -20.333988397
 13.5  35.5  31.9 -14.8173786886
 13.5  35.6  32.0 -8.65173657351
 13.4  35.7  32.1 -1.81892711347
 13.4  35.8  32.2  5.6953628214
 13.4  35.9  32.3  13.901456549
 13.4  36.0  32.4  22.8055527625
 13.4  36.1  32.5  32.409624945
 13.3  36.2  32.6  42.7113557396
 13.3  36.3  32.7  53.7041066965
 13.3  36.4  32.8  65.3769234996
 13.3  36.5  32.9  77.7145764682
 13.3  36.6  33.0  90.6976358145
 13.2  36.7  33.1  104.302580839
 13.2  36.8  33.2  118.501941949
 13.2  36.9  33.3  133.264474098
 13.2  37.0  33.4  148.555359992
 13.1  37.1  33.5  164.336441126
 13.1  37.2  33.6  180.566474514
 13.1  37.3  33.7  197.201412734
 13.1  37.4  33.8  214.194704744
 13.1  37.5  33.9  231.49761473
 13.0  37.6  34.0  249.059556135
 13.0  37.7  34.1  266.82843788
 13.0  37.8  34.2  284.751019722
 13.0  37.9  34.3  302.773273611
 13.0  38.0  34.4  320.840747905
 12.9  38.1  34.5  338.898931286
 12.9  38.2  34.6  356.89361324
 12.9  38.3  34.7  374.771238043
 12.9  38.4  34.8  392.479249263
 12.9  38.5  34.9  409.966421896
 12.8  38.6  35.0  427.1831794
 12.8  38.7  35.1  444.081893047
 12.8  38.8  35.2  460.617161194
 12.8  38.9  35.3  476.746066281
 12.8  39.0  35.4  492.428407576
 12.7  39.0  35.5  507.626907953
 12.7  39.1  35.6  522.307393194
 12.7  39.2  35.7  536.438942632
 12.7  39.3  35.8  549.994010168
 12.7  39.4  35.9  562.948515018
 12.6  39.5  36.0  575.281901808
 12.6  39.6  36.1  586.97716993
 12.6  39.7  36.2  598.020872362
 12.6  39.8  36.3  608.403084415
 12.6  39.9  36.4  618.117343176
 12.5  40.0  36.5  627.160558653
 12.5  40.1  36.6  635.532897899
 12.5  40.2  36.7  643.237643623
 12.5  40.3  36.8  650.281029027
 12.5  40.4  36.9  656.672050808
 12.4  40.5  37.0  662.422262443
 12.4  40.6  37.1  667.545550067
 12.4  40.7  37.2  672.057893354
 12.4  40.8  37.3  675.977113965
 12.4  40.9  37.4  679.32261419
 12.3  41.0  37.5  682.115108508
 12.3  41.1  37.6  684.376350785
 12.3  41.2  37.7  686.128859889
 12.3  41.3  37.8  687.395646457
 12.2  41.4  37.9  688.199943506
 12.2  41.5  38.0  688.564943547
 12.2  41.6  38.1  688.513544725
 12.2  41.7  38.2  688.068108425
 12.2  41.8  38.3  687.250230636
 12.1  41.9  38.4  686.080529196
 12.1  42.0  38.5  684.578448876
 12.1  42.1  38.6  682.762086056
 12.1  42.2  38.7  680.648034536
 12.1  42.3  38.8  678.251253789
 12.0  42.4  38.9  675.584960738
 12.0  42.5  39.0  672.660545888
 12.0  42.6  39.1  669.487514367
 12.0  42.7  39.2  666.073452225
 12.0  42.8  39.3  662.42401801
 11.9  42.9  39.4  658.542959436
 11.9  43.0  39.5  654.432154688
 11.9  43.1  39.6  650.091677633
 11.9  43.2  39.7  645.519886006
 11.9  43.3  39.8  640.713531374
 11.8  43.4  39.9  635.66788949
 11.8  43.5  40.0  630.376909419
 11.8  43.6  40.1  624.833379662
 11.8  43.7  40.2  619.029109307
 11.8  43.7  40.3  612.955122118
 11.7  43.8  40.4  606.601861312
 11.7  43.9  40.5  599.959402718
 11.7  44.0  40.6  593.017673888
 11.7  44.1  40.7  585.7666767
 11.7  44.2  40.8  578.196710965
 11.6  44.3  40.9  570.298596534
 11.6  44.4  41.0  562.063891432
 11.6  44.5  41.1  553.485103584
 11.6  44.6  41.2  544.555893781
 11.6  44.7  41.3  535.271267607
 11.5  44.8  41.4  525.627754196
 11.5  44.9  41.5  515.623569789
 11.5  45.0  41.6  505.258764252
 11.5  45.1  41.7  494.535348882
 11.5  45.2  41.8  483.457404001
 11.4  45.3  41.9  472.031165092
 11.4  45.4  42.0  460.265086398
 11.4  45.5  42.1  448.16988119
 11.4  45.6  42.2  435.758538102
 11.3  45.7  42.3  423.046313211
 11.3  45.8  42.4  410.050697775
 11.3  45.9  42.5  396.791361792
 11.3  46.0  42.6  383.290073793
 11.3  46.1  42.7  369.570597528
 11.2  46.2  42.8  355.658566445
 11.2  46.3  42.9  341.58133707
 11.2  46.4  43.0  327.367822659
 11.2  46.5  43.1  313.048308645
 11.2  46.6  43.2  298.654251622
 11.1  46.7  43.3  284.21806379
 11.1  46.8  43.4  269.772884909
 11.1  46.9  43.5  255.352343959
 11.1  47.0  43.6  240.990312826
 11.1  47.1  43.7  226.720654393
 11.0  47.2  43.8  212.576967511
 11.0  47.3  43.9  198.592331344
 11.0  47.4  44.0  184.799051603
 11.0  47.5  44.1  171.228411176
 11.0  47.6  44.2  157.910427638
 10.9  47.7  44.3  144.873620027
 10.9  47.8  44.4  132.144787244
 10.9  47.9  44.5  119.748800281
 10.9  48.0  44.6  107.708410374
 10.9  48.1  44.7  96.0440750277
 10.8  48.2  44.8  84.7738036746
 10.8  48.3  44.9  73.9130245679
 10.8  48.3  45.0  63.4744742719
 10.8  48.4  45.1  53.4681109231
 10.8  48.5  45.2  43.9010521867
 10.7  48.6  45.3  34.7775386012
 10.7  48.7  45.4  26.0989227511
 10.7  48.8  45.5  17.863684458
 10.7  48.9  45.6  10.0674719211
 10.7  49.0  45.7  2.70316848393
 10.6  49.1  45.8 -4.23901555026
 10.6  49.2  45.9 -10.7714268816
 10.6  49.3  46.0 -16.9088300231
 10.6  49.4  46.1 -22.6682462569
 10.6  49.5  46.2 -28.068772259
 10.5  49.6  46.3 -33.1313801166
 10.5  49.7  46.4 -37.8787006572
 10.5  49.8  46.5 -42.3347921739
 10.5  49.9  46.6 -46.5248967887
 10.5  50.0  46.7 -50.475186822
 10.4  50.1  46.8 -54.2125036452
 10.4  50.2  46.9 -57.7640915773
 10.4  50.3  47.0 -61.1573294452
 10.4  50.4  47.1 -64.4194624582
 10.3  50.5  47.2 -67.5773370592
 10.3  50.6  47.3 -70.6571413917
 10.3  50.7  47.4 -73.6841539792
 10.3  50.8  47.5 -76.6825031452
 10.3  50.9  47.6 -79.6749396012
 10.2  51.0  47.7 -82.6826245166
 10.2  51.1  47.8 -85.7249352372
 10.2  51.2  47.9 -88.819290656
 10.2  51.3  48.0 -91.9809980544
 10.2  51.4  48.1 -95.2231230284
 10.1  51.5  48.2 -98.556383893
 10.1  51.6  48.3 -101.989071723
 10.1  51.7  48.4 -105.526996942
 10.1  51.8  48.5 -109.173463103
 10.1  51.9  48.6 -112.929268266
 10.0  52.0  48.7 -116.792734058
 10.0  52.1  48.8 -120.759762284
 10.0  52.2  48.9 -124.823918641
 10.0  52.3  49.0 -128.976542825
 10.0  52.4  49.1 -133.206884078
 9.9  52.5  49.2 -137.502260927
 9.9  52.6  49.3 -141.848243648
 9.9  52.7  49.4 -146.228857739
 9.9  52.8  49.5 -150.626806468
 9.9  52.9  49.6 -155.023710361
 9.8  52.9  49.7 -159.400361308
 9.8  53.0  49.8 -163.736988807
 9.8  53.1  49.9 -168.013535723
 9.8  53.2  50.0 -172.209940815
