x z dist ED
 40.2 -42.5 -50.0 -257.443888208
 40.2 -42.4 -49.9 -259.043515311
 40.2 -42.3 -49.8 -260.600276146
 40.2 -42.2 -49.7 -262.104857554
 40.1 -42.2 -49.6 -263.548140784
 40.1 -42.1 -49.5 -264.921115565
 40.1 -42.0 -49.4 -266.214797959
 40.1 -41.9 -49.3 -267.42015324
 40.1 -41.8 -49.2 -268.52802495
 40.0 -41.7 -49.1 -269.529071169
 40.0 -41.6 -49.0 -270.41370897
 40.0 -41.5 -48.9 -271.172067856
 40.0 -41.4 -48.8 -271.793952915
 40.0 -41.3 -48.7 -272.268818233
 39.9 -41.2 -48.6 -272.585751027
 39.9 -41.1 -48.5 -272.733466773
 39.9 -41.0 -48.4 -272.700315495
 39.9 -40.9 -48.3 -272.474299209
 39.9 -40.8 -48.2 -272.043100401
 39.8 -40.7 -48.1 -271.394121255
 39.8 -40.6 -48.0 -270.514533226
 39.8 -40.5 -47.9 -269.391336416
 39.8 -40.4 -47.8 -268.011428087
 39.8 -40.3 -47.7 -266.361679528
 39.7 -40.2 -47.6 -264.429020398
 39.7 -40.1 -47.5 -262.200529546
 39.7 -40.0 -47.4 -259.663531257
 39.7 -39.9 -47.3 -256.805695772
 39.7 -39.8 -47.2 -253.615142881
 39.6 -39.7 -47.1 -250.080547359
 39.6 -39.6 -47.0 -246.19124495
 39.6 -39.5 -46.9 -241.937337613
 39.6 -39.4 -46.8 -237.309796735
 39.5 -39.3 -46.7 -232.30056303
 39.5 -39.2 -46.6 -226.902641854
 39.5 -39.1 -46.5 -221.110192742
 39.5 -39.0 -46.4 -214.918611983
 39.5 -38.9 -46.3 -208.324607155
 39.4 -38.8 -46.2 -201.326262607
 39.4 -38.7 -46.1 -193.923094963
 39.4 -38.6 -46.0 -186.116097834
 39.4 -38.5 -45.9 -177.907775033
 39.4 -38.4 -45.8 -169.302161715
 39.3 -38.3 -45.7 -160.304832978
 39.3 -38.2 -45.6 -150.922899615
 39.3 -38.1 -45.5 -141.164990825
 39.3 -38.0 -45.4 -131.041223843
 39.3 -37.9 -45.3 -120.563160603
 39.2 -37.8 -45.2 -109.743751652
 39.2 -37.7 -45.1 -98.5972677351
 39.2 -37.6 -45.0 -87.1392195339
 39.2 -37.6 -44.9 -75.386266253
 39.2 -37.5 -44.8 -63.3561138098
 39.1 -37.4 -44.7 -51.0674035448
 39.1 -37.3 -44.6 -38.5395924605
 39.1 -37.2 -44.5 -25.7928261083
 39.1 -37.1 -44.4 -12.8478053251
 39.1 -37.0 -44.3  0.274351894363
 39.0 -36.9 -44.2  13.5522520416
 39.0 -36.8 -44.1  26.9643698555
 39.0 -36.7 -44.0  40.4891927618
 39.0 -36.6 -43.9  54.1053645337
 39.0 -36.5 -43.8  67.791826705
 38.9 -36.4 -43.7  81.5279562801
 38.9 -36.3 -43.6  95.293698304
 38.9 -36.2 -43.5  109.069691899
 38.9 -36.1 -43.4  122.837388425
 38.9 -36.0 -43.3  136.579160492
 38.8 -35.9 -43.2  150.278400628
 38.8 -35.8 -43.1  163.91960852
 38.8 -35.7 -43.0  177.488465825
 38.8 -35.6 -42.9  190.971897688
 38.8 -35.5 -42.8  204.358120236
 38.7 -35.4 -42.7  217.636673439
 38.7 -35.3 -42.6  230.798438874
 38.7 -35.2 -42.5  243.835642114
 38.7 -35.1 -42.4  256.741839569
 38.7 -35.0 -42.3  269.511889813
 38.6 -34.9 -42.2  282.141909556
 38.6 -34.8 -42.1  294.629214611
 38.6 -34.7 -42.0  306.972246346
 38.6 -34.6 -41.9  319.170484276
 38.5 -34.5 -41.8  331.224345595
 38.5 -34.4 -41.7  343.135072608
 38.5 -34.3 -41.6  354.904609142
 38.5 -34.2 -41.5  366.535467156
 38.5 -34.1 -41.4  378.030584873
 38.4 -34.0 -41.3  389.39317789
 38.4 -33.9 -41.2  400.626584775
 38.4 -33.8 -41.1  411.734108773
 38.4 -33.7 -41.0  422.718857275
 38.4 -33.6 -40.9  433.58358079
 38.3 -33.5 -40.8  444.330513136
 38.3 -33.4 -40.7  454.961214636
 38.3 -33.3 -40.6  465.476420056
 38.3 -33.2 -40.5  475.875893033
 38.3 -33.1 -40.4  486.158288671
 38.2 -33.0 -40.3  496.321025961
 38.2 -33.0 -40.2  506.360171581
 38.2 -32.9 -40.1  516.270336552
 38.2 -32.8 -40.0  526.044587131
 38.2 -32.7 -39.9  535.674371182
 38.1 -32.6 -39.8  545.149461159
 38.1 -32.5 -39.7  554.45791466
 38.1 -32.4 -39.6  563.586053385
 38.1 -32.3 -39.5  572.518461141
 38.1 -32.2 -39.4  581.238001367
 38.0 -32.1 -39.3  589.725854484
 38.0 -32.0 -39.2  597.961575174
 38.0 -31.9 -39.1  605.923169492
 38.0 -31.8 -39.0  613.587191562
 38.0 -31.7 -38.9  620.928859367
 37.9 -31.6 -38.8  627.92218899
 37.9 -31.5 -38.7  634.540146464
 37.9 -31.4 -38.6  640.754816197
 37.9 -31.3 -38.5  646.537584795
 37.9 -31.2 -38.4  651.859338909
 37.8 -31.1 -38.3  656.690675602
 37.8 -31.0 -38.2  661.002123575
 37.8 -30.9 -38.1  664.764373482
 37.8 -30.8 -38.0  667.948515431
 37.8 -30.7 -37.9  670.526281689
 37.7 -30.6 -37.8  672.470292513
 37.7 -30.5 -37.7  673.754302986
 37.7 -30.4 -37.6  674.353448688
 37.7 -30.3 -37.5  674.244487992
 37.6 -30.2 -37.4  673.406038807
 37.6 -30.1 -37.3  671.818807574
 37.6 -30.0 -37.2  669.465808371
 37.6 -29.9 -37.1  666.332570053
 37.6 -29.8 -37.0  662.407329391
 37.5 -29.7 -36.9  657.681208329
 37.5 -29.6 -36.8  652.148373514
 37.5 -29.5 -36.7  645.80617647
 37.5 -29.4 -36.6  638.655272858
 37.5 -29.3 -36.5  630.699719478
 37.4 -29.2 -36.4  621.947047823
 37.4 -29.1 -36.3  612.40831318
 37.4 -29.0 -36.2  602.09811849
 37.4 -28.9 -36.1  591.034612375
 37.4 -28.8 -36.0  579.23946094
 37.3 -28.7 -35.9  566.737793223
 37.3 -28.6 -35.8  553.55812034
 37.3 -28.5 -35.7  539.732228631
 37.3 -28.4 -35.6  525.295047317
 37.3 -28.3 -35.5  510.284491428
 37.2 -28.3 -35.4  494.741280935
 37.2 -28.2 -35.3  478.708737282
 37.2 -28.1 -35.2  462.232558676
 37.2 -28.0 -35.1  445.360575699
 37.2 -27.9 -35.0  428.142488998
 37.1 -27.8 -34.9  410.629590956
 37.1 -27.7 -34.8  392.874473401
 37.1 -27.6 -34.7  374.930723561
 37.1 -27.5 -34.6  356.852610572
 37.1 -27.4 -34.5  338.694764938
 37.0 -27.3 -34.4  320.511853445
 37.0 -27.2 -34.3  302.358252053
 37.0 -27.1 -34.2  284.287719351
 37.0 -27.0 -34.1  266.35307316
 37.0 -26.9 -34.0  248.605872855
 36.9 -26.8 -33.9  231.096109955
 36.9 -26.7 -33.8  213.871909471
 36.9 -26.6 -33.7  196.979244424
 36.9 -26.5 -33.6  180.461665849
 36.9 -26.4 -33.5  164.360050482
 36.8 -26.3 -33.4  148.712368202
 36.8 -26.2 -33.3  133.553471124
 36.8 -26.1 -33.2  118.914906083
 36.8 -26.0 -33.1  104.824752059
 36.7 -25.9 -33.0  91.3074838841
 36.7 -25.8 -32.9  78.3838633674
 36.7 -25.7 -32.8  66.0708587461
 36.7 -25.6 -32.7  54.3815931346
 36.7 -25.5 -32.6  43.325322411
 36.6 -25.4 -32.5  32.907442732
 36.6 -25.3 -32.4  23.1295276219
 36.6 -25.2 -32.3  13.9893943366
 36.6 -25.1 -32.2  5.48119895732
 36.6 -25.0 -32.1 -2.40444056949
 36.5 -24.9 -32.0 -9.68029446573
 36.5 -24.8 -31.9 -16.3623454728
 36.5 -24.7 -31.8 -22.4695889808
 36.5 -24.6 -31.7 -28.0238105992
 36.5 -24.5 -31.6 -33.0493430227
 36.4 -24.4 -31.5 -37.5728042212
 36.4 -24.3 -31.4 -41.6228191361
 36.4 -24.2 -31.3 -45.2297272095
 36.4 -24.1 -31.2 -48.4252781861
 36.4 -24.0 -31.1 -51.2423187311
 36.3 -23.9 -31.0 -53.7144724788
 36.3 -23.8 -30.9 -55.8758161859
 36.3 -23.7 -30.8 -57.7605546908
 36.3 -23.7 -30.7 -59.4026973926
 36.3 -23.6 -30.6 -60.8357389451
 36.2 -23.5 -30.5 -62.092346826
 36.2 -23.4 -30.4 -63.2040583816
 36.2 -23.3 -30.3 -64.2009898606
 36.2 -23.2 -30.2 -65.1115598532
 36.2 -23.1 -30.1 -65.9622294207
 36.1 -23.0 -30.0 -66.7772610617
 36.1 -22.9 -29.9 -67.5784984952
 36.1 -22.8 -29.8 -68.3851690656
 36.1 -22.7 -29.7 -69.2137103765
 36.1 -22.6 -29.6 -70.077622556
 36.0 -22.5 -29.5 -70.9873473345
 36.0 -22.4 -29.4 -71.9501748888
 36.0 -22.3 -29.3 -72.9701791673
 36.0 -22.2 -29.2 -74.0481821701
 36.0 -22.1 -29.1 -75.181747412
 35.9 -22.0 -29.0 -76.3652025464
 35.9 -21.9 -28.9 -77.5896908838
 35.9 -21.8 -28.8 -78.8432512942
 35.9 -21.7 -28.7 -80.1109257412
 35.8 -21.6 -28.6 -81.3748934673
 35.8 -21.5 -28.5 -82.6146306246
 35.8 -21.4 -28.4 -83.8070939324
 35.8 -21.3 -28.3 -84.9269267479
 35.8 -21.2 -28.2 -85.9466857466
 35.7 -21.1 -28.1 -86.8370862436
 35.7 -21.0 -28.0 -87.5672640358
 35.7 -20.9 -27.9 -88.1050515099
 35.7 -20.8 -27.8 -88.4172656533
 35.7 -20.7 -27.7 -88.4700055073
 35.6 -20.6 -27.6 -88.2289565371
 35.6 -20.5 -27.5 -87.6596993425
 35.6 -20.4 -27.4 -86.7280201056
 35.6 -20.3 -27.3 -85.4002201729
 35.6 -20.2 -27.2 -83.6434221836
 35.5 -20.1 -27.1 -81.4258702004
 35.5 -20.0 -27.0 -78.7172213603
 35.5 -19.9 -26.9 -75.488826649
 35.5 -19.8 -26.8 -71.7139985038
 35.5 -19.7 -26.7 -67.368263077
 35.4 -19.6 -26.6 -62.4295951309
 35.4 -19.5 -26.5 -56.8786336958
 35.4 -19.4 -26.4 -50.6988767942
 35.4 -19.3 -26.3 -43.8768537241
 35.4 -19.2 -26.2 -36.4022735912
 35.3 -19.1 -26.1 -28.2681489918
 35.3 -19.1 -26.0 -19.4708939632
 35.3 -19.0 -25.9 -10.0103955444
 35.3 -18.9 -25.8  0.109941482937
 35.3 -18.8 -25.7  10.8831768729
 35.2 -18.7 -25.6  22.2988441822
 35.2 -18.6 -25.5  34.342986766
 35.2 -18.5 -25.4  46.9982200192
 35.2 -18.4 -25.3  60.2438191594
 35.2 -18.3 -25.2  74.0558316393
 35.1 -18.2 -25.1  88.4072130723
 35.1 -18.1 -25.0  103.267985368
 35.1 -18.0 -24.9  118.605415597
 35.1 -17.9 -24.8  134.384213931
 35.1 -17.8 -24.7  150.56674889
 35.0 -17.7 -24.6  167.113277949
 35.0 -17.6 -24.5  183.98219149
 35.0 -17.5 -24.4  201.130267975
 35.0 -17.4 -24.3  218.51293813
 34.9 -17.3 -24.2  236.0845559
 34.9 -17.2 -24.1  253.798673896
 34.9 -17.1 -24.0  271.608321027
 34.9 -17.0 -23.9  289.466280037
 34.9 -16.9 -23.8  307.325362696
 34.8 -16.8 -23.7  325.138680431
 34.8 -16.7 -23.6  342.859908248
 34.8 -16.6 -23.5  360.443539921
 34.8 -16.5 -23.4  377.845132453
 34.8 -16.4 -23.3  395.021538032
 34.7 -16.3 -23.2  411.931121739
 34.7 -16.2 -23.1  428.5339635
 34.7 -16.1 -23.0  444.792042885
 34.7 -16.0 -22.9  460.66940554
 34.7 -15.9 -22.8  476.132310226
 34.6 -15.8 -22.7  491.149355639
 34.6 -15.7 -22.6  505.691586335
 34.6 -15.6 -22.5  519.73257734
 34.6 -15.5 -22.4  533.248497179
 34.6 -15.4 -22.3  546.218149281
 34.5 -15.3 -22.2  558.622991895
 34.5 -15.2 -22.1  570.447136878
 34.5 -15.1 -22.0  581.677327863
 34.5 -15.0 -21.9  592.302898519
 34.5 -14.9 -21.8  602.315711792
 34.4 -14.8 -21.7  611.710081153
 34.4 -14.7 -21.6  620.482675053
 34.4 -14.6 -21.5  628.632405904
 34.4 -14.5 -21.4  636.160305027
 34.4 -14.4 -21.3  643.06938513
 34.3 -14.4 -21.2  649.364491953
 34.3 -14.3 -21.1  655.05214678
 34.3 -14.2 -21.0  660.140381614
 34.3 -14.1 -20.9  664.638568796
 34.3 -14.0 -20.8  668.557246909
 34.2 -13.9 -20.7  671.907944789
 34.2 -13.8 -20.6  674.703005451
 34.2 -13.7 -20.5  676.955411711
 34.2 -13.6 -20.4  678.678615227
 34.2 -13.5 -20.3  679.886370619
 34.1 -13.4 -20.2  680.592576233
 34.1 -13.3 -20.1  680.811123038
 34.1 -13.2 -20.0  680.555753019
 34.1 -13.1 -19.9  679.839928294
 34.0 -13.0 -19.8  678.676712086
 34.0 -12.9 -19.7  677.078662488
 34.0 -12.8 -19.6  675.05773986
 34.0 -12.7 -19.5  672.625228484
 34.0 -12.6 -19.4  669.791672985
 33.9 -12.5 -19.3  666.566829837
 33.9 -12.4 -19.2  662.959634113
 33.9 -12.3 -19.1  658.978181461
 33.9 -12.2 -19.0  654.629725134
 33.9 -12.1 -18.9  649.920687749
 33.8 -12.0 -18.8  644.85668725
 33.8 -11.9 -18.7  639.44257647
 33.8 -11.8 -18.6  633.682495478
 33.8 -11.7 -18.5  627.579935808
 33.8 -11.6 -18.4  621.137815534
 33.7 -11.5 -18.3  614.358564035
 33.7 -11.4 -18.2  607.244215226
 33.7 -11.3 -18.1  599.796507918
 33.7 -11.2 -18.0  592.016991928
 33.7 -11.1 -17.9  583.907138491
 33.6 -11.0 -17.8  575.468453508
 33.6 -10.9 -17.7  566.702592129
 33.6 -10.8 -17.6  557.611473169
 33.6 -10.7 -17.5  548.197391891
 33.6 -10.6 -17.4  538.463129671
 33.5 -10.5 -17.3  528.412059158
 33.5 -10.4 -17.2  518.048243569
 33.5 -10.3 -17.1  507.376528835
 33.5 -10.2 -17.0  496.402627409
 33.5 -10.1 -16.9  485.133192659
 33.4 -10.0 -16.8  473.575882837
 33.4 -9.9 -16.7  461.739413793
 33.4 -9.8 -16.6  449.633599694
 33.4 -9.8 -16.5  437.269381152
 33.4 -9.7 -16.4  424.658840325
 33.3 -9.6 -16.3  411.815202684
 33.3 -9.5 -16.2  398.752825312
 33.3 -9.4 -16.1  385.487171721
 33.3 -9.3 -16.0  372.034773368
 33.3 -9.2 -15.9  358.413178162
 33.2 -9.1 -15.8  344.640886427
 33.2 -9.0 -15.7  330.737274922
 33.2 -8.9 -15.6  316.722509641
 33.2 -8.8 -15.5  302.617448272
 33.1 -8.7 -15.4  288.443533281
 33.1 -8.6 -15.3  274.222676716
 33.1 -8.5 -15.2  259.977137915
 33.1 -8.4 -15.1  245.729395393
 33.1 -8.3 -15.0  231.502014229
 33.0 -8.2 -14.9  217.317510371
 33.0 -8.1 -14.8  203.198213268
 33.0 -8.0 -14.7  189.166128308
 33.0 -7.9 -14.6  175.242800522
 33.0 -7.8 -14.5  161.449181022
 32.9 -7.7 -14.4  147.805497594
 32.9 -7.6 -14.3  134.331130884
 32.9 -7.5 -14.2  121.044497481
 32.9 -7.4 -14.1  107.96294122
 32.9 -7.3 -14.0  95.1026338666
 32.8 -7.2 -13.9  82.4784863085
 32.8 -7.1 -13.8  70.104071241
 32.8 -7.0 -13.7  57.9915582177
 32.8 -6.9 -13.6  46.1516618166
 32.8 -6.8 -13.5  34.5936035254
 32.7 -6.7 -13.4  23.3250878105
 32.7 -6.6 -13.3  12.3522926758
 32.7 -6.5 -13.2  1.6798748692
 32.7 -6.4 -13.1 -8.6890102706
 32.7 -6.3 -13.0 -18.7526744894
 32.6 -6.2 -12.9 -28.5108481386
 32.6 -6.1 -12.8 -37.9646180226
 32.6 -6.0 -12.7 -47.1163522043
 32.6 -5.9 -12.6 -55.9696125508
 32.6 -5.8 -12.5 -64.5290559382
 32.5 -5.7 -12.4 -72.8003251698
 32.5 -5.6 -12.3 -80.7899307804
 32.5 -5.5 -12.2 -88.5051250134
 32.5 -5.4 -12.1 -95.9537693502
 32.5 -5.3 -12.0 -103.144197062
 32.4 -5.2 -11.9 -110.085072316
 32.4 -5.2 -11.8 -116.785247431
 32.4 -5.1 -11.7 -123.253619903
 32.4 -5.0 -11.6 -129.498990853
 32.4 -4.9 -11.5 -135.529926551
 32.3 -4.8 -11.4 -141.354624653
 32.3 -4.7 -11.3 -146.98078675
 32.3 -4.6 -11.2 -152.415498804
 32.3 -4.5 -11.1 -157.665120952
 32.2 -4.4 -11.0 -162.735188099
 32.2 -4.3 -10.9 -167.630322609
 32.2 -4.2 -10.8 -172.3541603
 32.2 -4.1 -10.7 -176.90929083
 32.2 -4.0 -10.6 -181.297213391
 32.1 -3.9 -10.5 -185.518308523
 32.1 -3.8 -10.4 -189.571826662
 32.1 -3.7 -10.3 -193.45589388
 32.1 -3.6 -10.2 -197.167535109
 32.1 -3.5 -10.1 -200.702714941
 32.0 -3.4 -10.0 -204.056395923
 32.0 -3.3 -9.9 -207.222614071
 32.0 -3.2 -9.8 -210.194571147
 32.0 -3.1 -9.7 -212.964743062
 32.0 -3.0 -9.6 -215.525003557
 31.9 -2.9 -9.5 -217.866762181
 31.9 -2.8 -9.4 -219.981115387
 31.9 -2.7 -9.3 -221.859009404
 31.9 -2.6 -9.2 -223.491413425
 31.9 -2.5 -9.1 -224.869501474
 31.8 -2.4 -9.0 -225.984841218
 31.8 -2.3 -8.9 -226.829587879
 31.8 -2.2 -8.8 -227.3966813
 31.8 -2.1 -8.7 -227.680044151
 31.8 -2.0 -8.6 -227.674779208
 31.7 -1.9 -8.5 -227.377363588
 31.7 -1.8 -8.4 -226.785837834
 31.7 -1.7 -8.3 -225.899987701
 31.7 -1.6 -8.2 -224.721516577
 31.7 -1.5 -8.1 -223.25420646
 31.6 -1.4 -8.0 -221.504065514
 31.6 -1.3 -7.9 -219.4794603
 31.6 -1.2 -7.8 -217.191230868
 31.6 -1.1 -7.7 -214.652787043
 31.6 -1.0 -7.6 -211.880184362
 31.5 -0.9 -7.5 -208.892178275
 31.5 -0.8 -7.4 -205.710255395
 31.5 -0.7 -7.3 -202.35864078
 31.5 -0.6 -7.2 -198.864280417
 31.5 -0.5 -7.1 -195.256798282
 31.4 -0.5 -7.0 -191.568427585
 31.4 -0.4 -6.9 -187.833916011
 31.4 -0.3 -6.8 -184.090405036
 31.4 -0.2 -6.7 -180.377283576
 31.3 -0.1 -6.6 -176.736016511
 31.3  0.0 -6.5 -173.20994884
 31.3  0.1 -6.4 -169.844086442
 31.3  0.2 -6.3 -166.684854659
 31.3  0.3 -6.2 -163.779836139
 31.2  0.4 -6.1 -161.177489559
 31.2  0.5 -6.0 -158.926851072
 31.2  0.6 -5.9 -157.077220492
 31.2  0.7 -5.8 -155.6778344
 31.2  0.8 -5.7 -154.77752852
 31.1  0.9 -5.6 -154.424391812
 31.1  1.0 -5.5 -154.665414894
 31.1  1.1 -5.4 -155.546135454
 31.1  1.2 -5.3 -157.110283408
 31.1  1.3 -5.2 -159.399428608
 31.0  1.4 -5.1 -162.452633915
 31.0  1.5 -5.0 -166.306116475
 31.0  1.6 -4.9 -170.99292
 31.0  1.7 -4.8 -176.542600816
 31.0  1.8 -4.7 -182.980930371
 30.9  1.9 -4.6 -190.329616792
 30.9  2.0 -4.5 -198.606047996
 30.9  2.1 -4.4 -207.823058677
 30.9  2.2 -4.3 -217.988723372
 30.9  2.3 -4.2 -229.106177617
 30.8  2.4 -4.1 -241.173468996
 30.8  2.5 -4.0 -254.183439697
 30.8  2.6 -3.9 -268.123641934
 30.8  2.7 -3.8 -282.976287374
 30.8  2.8 -3.7 -298.718231453
 30.7  2.9 -3.6 -315.320993176
 30.7  3.0 -3.5 -332.750810766
 30.7  3.1 -3.4 -350.968733226
 30.7  3.2 -3.3 -369.93074761
 30.7  3.3 -3.2 -389.587941517
 30.6  3.4 -3.1 -409.886700054
 30.6  3.5 -3.0 -430.768936236
 30.6  3.6 -2.9 -452.172353537
 30.6  3.7 -2.8 -474.030739028
 30.6  3.8 -2.7 -496.274285325
 30.5  3.9 -2.6 -518.829939312
 30.5  4.0 -2.5 -541.621775405
 30.5  4.1 -2.4 -564.571390909
 30.5  4.1 -2.3 -587.598320855
 30.4  4.2 -2.2 -610.620469529
 30.4  4.3 -2.1 -633.554555779
 30.4  4.4 -2.0 -656.316569053
 30.4  4.5 -1.9 -678.822233058
 30.4  4.6 -1.8 -700.987473819
 30.3  4.7 -1.7 -722.72888892
 30.3  4.8 -1.6 -743.964214659
 30.3  4.9 -1.5 -764.612787878
 30.3  5.0 -1.4 -784.595999243
 30.3  5.1 -1.3 -803.83773484
 30.2  5.2 -1.2 -822.264803
 30.2  5.3 -1.1 -839.807343412
 30.2  5.4 -1.0 -856.399215681
 30.2  5.5 -0.9 -871.978364679
 30.2  5.6 -0.8 -886.487160176
 30.1  5.7 -0.7 -899.872708468
 30.1  5.8 -0.6 -912.087133892
 30.1  5.9 -0.5 -923.087828404
 30.1  6.0 -0.4 -932.837667567
 30.1  6.1 -0.3 -941.305191624
 30.0  6.2 -0.2 -948.464750533
 30.0  6.3 -0.1 -954.296612174
 30.0  6.4  0.0 -958.787033152
 30.0  6.5  0.1 -961.928291964
 30.0  6.6  0.2 -963.71868453
 29.9  6.7  0.3 -964.162482414
 29.9  6.8  0.4 -963.269854284
 29.9  6.9  0.5 -961.05675149
 29.9  7.0  0.6 -957.544758859
 29.9  7.1  0.7 -952.760912069
 29.8  7.2  0.8 -946.737483218
 29.8  7.3  0.9 -939.511736403
 29.8  7.4  1.0 -931.125655359
 29.8  7.5  1.1 -921.625645384
 29.8  7.6  1.2 -911.062211938
 29.7  7.7  1.3 -899.489618489
 29.7  7.8  1.4 -886.965526264
 29.7  7.9  1.5 -873.550618703
 29.7  8.0  1.6 -859.308213482
 29.7  8.1  1.7 -844.303865027
 29.6  8.2  1.8 -828.604960489
 29.6  8.3  1.9 -812.280312145
 29.6  8.4  2.0 -795.399749178
 29.6  8.5  2.1 -778.033711764
 29.6  8.6  2.2 -760.252850319
 29.5  8.7  2.3 -742.127632672
 29.5  8.7  2.4 -723.727961835
 29.5  8.8  2.5 -705.122806918
 29.5  8.9  2.6 -686.37984956
 29.4  9.0  2.7 -667.565148124
 29.4  9.1  2.8 -648.742821701
 29.4  9.2  2.9 -629.974755767
 29.4  9.3  3.0 -611.320331149
 29.4  9.4  3.1 -592.836177719
 29.3  9.5  3.2 -574.575954027
 29.3  9.6  3.3 -556.590153823
 29.3  9.7  3.4 -538.925940207
 29.3  9.8  3.5 -521.627007893
 29.3  9.9  3.6 -504.733473819
 29.2  10.0  3.7 -488.281796131
 29.2  10.1  3.8 -472.304721282
 29.2  10.2  3.9 -456.831258812
 29.2  10.3  4.0 -441.886683116
 29.2  10.4  4.1 -427.492561302
 29.1  10.5  4.2 -413.666806061
 29.1  10.6  4.3 -400.42375225
 29.1  10.7  4.4 -387.774255758
 29.1  10.8  4.5 -375.725813025
 29.1  10.9  4.6 -364.282699484
 29.0  11.0  4.7 -353.446125053
 29.0  11.1  4.8 -343.214404709
 29.0  11.2  4.9 -333.583142101
 29.0  11.3  5.0 -324.545424081
 29.0  11.4  5.1 -316.092024023
 28.9  11.5  5.2 -308.211611743
 28.9  11.6  5.3 -300.890967863
 28.9  11.7  5.4 -294.115200476
 28.9  11.8  5.5 -287.867961996
 28.9  11.9  5.6 -282.131664168
 28.8  12.0  5.7 -276.887689261
 28.8  12.1  5.8 -272.116595573
 28.8  12.2  5.9 -267.798315515
 28.8  12.3  6.0 -263.912344613
 28.8  12.4  6.1 -260.437919979
 28.7  12.5  6.2 -257.354186874
 28.7  12.6  6.3 -254.640352232
 28.7  12.7  6.4 -252.275824118
 28.7  12.8  6.5 -250.240336297
 28.7  12.9  6.6 -248.514057298
 28.6  13.0  6.7 -247.07768348
 28.6  13.1  6.8 -245.912515872
 28.6  13.2  6.9 -245.000520674
 28.6  13.3  7.0 -244.324373532
 28.5  13.3  7.1 -243.867487869
 28.5  13.4  7.2 -243.614027721
 28.5  13.5  7.3 -243.548905687
 28.5  13.6  7.4 -243.657766781
 28.5  13.7  7.5 -243.926959082
 28.4  13.8  7.6 -244.34349225
 28.4  13.9  7.7 -244.894985058
 28.4  14.0  7.8 -245.569603213
 28.4  14.1  7.9 -246.355988837
 28.4  14.2  8.0 -247.243183018
 28.3  14.3  8.1 -248.220542932
 28.3  14.4  8.2 -249.277655054
 28.3  14.5  8.3 -250.404246007
 28.3  14.6  8.4 -251.590092585
 28.3  14.7  8.5 -252.824932499
 28.2  14.8  8.6 -254.098377335
 28.2  14.9  8.7 -255.399829188
 28.2  15.0  8.8 -256.718402352
 28.2  15.1  8.9 -258.042851385
 28.2  15.2  9.0 -259.361506768
 28.1  15.3  9.1 -260.66221926
 28.1  15.4  9.2 -261.932313949
 28.1  15.5  9.3 -263.158554866
 28.1  15.6  9.4 -264.327120877
 28.1  15.7  9.5 -265.423593444
 28.0  15.8  9.6 -266.432956682
 28.0  15.9  9.7 -267.339609976
 28.0  16.0  9.8 -268.127393283
 28.0  16.1  9.9 -268.779625067
 28.0  16.2  10.0 -269.279152665
 27.9  16.3  10.1 -269.608414716
 27.9  16.4  10.2 -269.749515151
 27.9  16.5  10.3 -269.684308078
 27.9  16.6  10.4 -269.394492754
 27.9  16.7  10.5 -268.861717737
 27.8  16.8  10.6 -268.067693142
 27.8  16.9  10.7 -266.994309862
 27.8  17.0  10.8 -265.623764496
 27.8  17.1  10.9 -263.938688634
 27.8  17.2  11.0 -261.922281124
 27.7  17.3  11.1 -259.55844183
 27.7  17.4  11.2 -256.831905419
 27.7  17.5  11.3 -253.728373647
 27.7  17.6  11.4 -250.234644635
 27.6  17.7  11.5 -246.338737632
 27.6  17.8  11.6 -242.030011792
 27.6  17.9  11.7 -237.299277545
 27.6  18.0  11.8 -232.138899185
 27.6  18.0  11.9 -226.542887405
 27.5  18.1  12.0 -220.506980575
 27.5  18.2  12.1 -214.028713675
 27.5  18.3  12.2 -207.107473914
 27.5  18.4  12.3 -199.744542195
 27.5  18.5  12.4 -191.943119724
 27.4  18.6  12.5 -183.708339205
 27.4  18.7  12.6 -175.047260231
 27.4  18.8  12.7 -165.96884863
 27.4  18.9  12.8 -156.483939687
 27.4  19.0  12.9 -146.605185351
 27.3  19.1  13.0 -136.346985679
 27.3  19.2  13.1 -125.725404944
 27.3  19.3  13.2 -114.758073013
 27.3  19.4  13.3 -103.464072726
 27.3  19.5  13.4 -91.8638141961
 27.2  19.6  13.5 -79.978897069
 27.2  19.7  13.6 -67.8319619294
 27.2  19.8  13.7 -55.4465321575
 27.2  19.9  13.8 -42.8468476564
 27.2  20.0  13.9 -30.0576919676
 27.1  20.1  14.0 -17.1042143744
 27.1  20.2  14.1 -4.01174866173
 27.1  20.3  14.2  9.19436974463
 27.1  20.4  14.3  22.4889865059
 27.1  20.5  14.4  35.8473091907
 27.0  20.6  14.5  49.245084416
 27.0  20.7  14.6  62.6587695537
 27.0  20.8  14.7  76.065697284
 27.0  20.9  14.8  89.4442313326
 27.0  21.0  14.9  102.773911796
 26.9  21.1  15.0  116.03558855
 26.9  21.2  15.1  129.211541341
 26.9  21.3  15.2  142.285585274
 26.9  21.4  15.3  155.243160543
 26.9  21.5  15.4  168.071405408
 26.8  21.6  15.5  180.759211561
 26.8  21.7  15.6  193.297261196
 26.8  21.8  15.7  205.678045291
 26.8  21.9  15.8  217.895862756
 26.7  22.0  15.9  229.946800321
 26.7  22.1  16.0  241.828693213
 26.7  22.2  16.1  253.541066867
 26.7  22.3  16.2  265.085060088
 26.7  22.4  16.3  276.463330313
 26.6  22.5  16.4  287.679941749
 26.6  22.6  16.5  298.740237395
 26.6  22.6  16.6  309.650696084
 26.6  22.7  16.7  320.418775868
 26.6  22.8  16.8  331.05274521
 26.5  22.9  16.9  341.561503573
 26.5  23.0  17.0  351.954393144
 26.5  23.1  17.1  362.241003508
 26.5  23.2  17.2  372.430971193
 26.5  23.3  17.3  382.533776091
 26.4  23.4  17.4  392.558536777
 26.4  23.5  17.5  402.513806827
 26.4  23.6  17.6  412.407374221
 26.4  23.7  17.7  422.246065915
 26.4  23.8  17.8  432.035559663
 26.3  23.9  17.9  441.780205086
 26.3  24.0  18.0  451.482855967
 26.3  24.1  18.1  461.144715621
 26.3  24.2  18.2  470.765197116
 26.3  24.3  18.3  480.341799996
 26.2  24.4  18.4  489.870004999
 26.2  24.5  18.5  499.34318814
 26.2  24.6  18.6  508.752555336
 26.2  24.7  18.7  518.087098583
 26.2  24.8  18.8  527.333574488
 26.1  24.9  18.9  536.476505792
 26.1  25.0  19.0  545.498206247
 26.1  25.1  19.1  554.378829077
 26.1  25.2  19.2  563.096438952
 26.1  25.3  19.3  571.627107244
 26.0  25.4  19.4  579.945030078
 26.0  25.5  19.5  588.022668491
 26.0  25.6  19.6  595.830909779
 26.0  25.7  19.7  603.339248925
 26.0  25.8  19.8  610.515988785
 25.9  25.9  19.9  617.32845752
 25.9  26.0  20.0  623.743241605
 25.9  26.1  20.1  629.726432538
 25.9  26.2  20.2  635.243885284
 25.8  26.3  20.3  640.261486294
 25.8  26.4  20.4  644.745428883
 25.8  26.5  20.5  648.662493606
 25.8  26.6  20.6  651.980331243
 25.8  26.7  20.7  654.667745916
 25.7  26.8  20.8  656.694975852
 25.7  26.9  20.9  658.033969291
 25.7  27.0  21.0  658.658653055
 25.7  27.1  21.1  658.54519132
 25.7  27.2  21.2  657.672232214
 25.6  27.2  21.3  656.02113993
 25.6  27.3  21.4  653.576210141
 25.6  27.4  21.5  650.324866651
 25.6  27.5  21.6  646.257837332
 25.6  27.6  21.7  641.369307581
 25.5  27.7  21.8  635.657049695
 25.5  27.8  21.9  629.122526762
 25.5  27.9  22.0  621.770969882
 25.5  28.0  22.1  613.611427735
 25.5  28.1  22.2  604.656787768
 25.4  28.2  22.3  594.923768485
 25.4  28.3  22.4  584.432882596
 25.4  28.4  22.5  573.208371009
 25.4  28.5  22.6  561.278107913
 25.4  28.6  22.7  548.673477452
 25.3  28.7  22.8  535.429222721
 25.3  28.8  22.9  521.583268082
 25.3  28.9  23.0  507.176516013
 25.3  29.0  23.1  492.252619944
 25.3  29.1  23.2  476.857734743
 25.2  29.2  23.3  461.040246711
 25.2  29.3  23.4  444.850485148
 25.2  29.4  23.5  428.340417707
 25.2  29.5  23.6  411.5633319
 25.2  29.6  23.7  394.57350528
 25.1  29.7  23.8  377.425866896
 25.1  29.8  23.9  360.175652727
 25.1  29.9  24.0  342.878057868
 25.1  30.0  24.1  325.587888264
 25.1  30.1  24.2  308.359214827
 25.0  30.2  24.3  291.245032745
 25.0  30.3  24.4  274.296928769
 25.0  30.4  24.5  257.5647592
 25.0  30.5  24.6  241.096341232
 24.9  30.6  24.7  224.937160177
 24.9  30.7  24.8  209.130095009
 24.9  30.8  24.9  193.71516447
 24.9  30.9  25.0  178.72929586
 24.9  31.0  25.1  164.206118409
 24.8  31.1  25.2  150.175782949
 24.8  31.2  25.3  136.664809376
 24.8  31.3  25.4  123.695963149
 24.8  31.4  25.5  111.288161862
 24.8  31.5  25.6  99.4564126225
 24.7  31.6  25.7  88.2117807628
 24.7  31.7  25.8  77.5613900974
 24.7  31.8  25.9  67.5084547077
 24.7  31.9  26.0  58.0523419467
 24.7  31.9  26.1  49.1886660976
 24.6  32.0  26.2  40.9094118596
 24.6  32.1  26.3  33.2030865764
 24.6  32.2  26.4  26.0548998813
 24.6  32.3  26.5  19.4469691944
 24.6  32.4  26.6  13.3585492912
 24.5  32.5  26.7  7.76628395234
 24.5  32.6  26.8  2.64447751819
 24.5  32.7  26.9 -2.03461599924
 24.5  32.8  27.0 -6.30048874259
 24.5  32.9  27.1 -10.1840623984
 24.4  33.0  27.2 -13.7173618785
 24.4  33.1  27.3 -16.9331821042
 24.4  33.2  27.4 -19.8647507617
 24.4  33.3  27.5 -22.5453899283
 24.4  33.4  27.6 -25.0081794768
 24.3  33.5  27.7 -27.2856251483
 24.3  33.6  27.8 -29.4093341366
 24.3  33.7  27.9 -31.4097009654
 24.3  33.8  28.0 -33.3156063418
 24.3  33.9  28.1 -35.154131557
 24.2  34.0  28.2 -36.9502908693
 24.2  34.1  28.3 -38.726784141
 24.2  34.2  28.4 -40.5037718286
 24.2  34.3  28.5 -42.2986742246
 24.2  34.4  28.6 -44.1259966405
 24.1  34.5  28.7 -45.9971819909
 24.1  34.6  28.8 -47.9204920016
 24.1  34.7  28.9 -49.900918014
 24.1  34.8  29.0 -51.9401221014
 24.0  34.9  29.1 -54.036408948
 24.0  35.0  29.2 -56.1847286768
 24.0  35.1  29.3 -58.376710544
 24.0  35.2  29.4 -60.6007271495
 24.0  35.3  29.5 -62.8419885528
 23.9  35.4  29.6 -65.0826654247
 23.9  35.5  29.7 -67.302040117
 23.9  35.6  29.8 -69.4766842944
 23.9  35.7  29.9 -71.580661546
 23.9  35.8  30.0 -73.5857531827
 23.8  35.9  30.1 -75.461705231
 23.8  36.0  30.2 -77.1764944576
 23.8  36.1  30.3 -78.6966110987
 23.8  36.2  30.4 -79.9873558333
 23.8  36.3  30.5 -81.0131484221
 23.7  36.4  30.6 -81.7378453438
 23.7  36.5  30.7 -82.1250636886
 23.7  36.5  30.8 -82.1385085278
 23.7  36.6  30.9 -81.742300954
 23.7  36.7  31.0 -80.9013039946
 23.6  36.8  31.1 -79.5814436286
 23.6  36.9  31.2 -77.7500221887
 23.6  37.0  31.3 -75.3760215086
 23.6  37.1  31.4 -72.4303932751
 23.6  37.2  31.5 -68.8863341635
 23.5  37.3  31.6 -64.7195434788
 23.5  37.4  31.7 -59.9084611853
 23.5  37.5  31.8 -54.4344843855
 23.5  37.6  31.9 -48.2821605054
 23.5  37.7  32.0 -41.4393556511
 23.4  37.8  32.1 -33.8973968248
 23.4  37.9  32.2 -25.6511869182
 23.4  38.0  32.3 -16.6992916436
 23.4  38.1  32.4 -7.04399780797
 23.4  38.2  32.5  3.30865741507
 23.3  38.3  32.6  14.3488863071
 23.3  38.4  32.7  26.063179364
 23.3  38.5  32.8  38.4343625854
 23.3  38.6  32.9  51.4416826466
 23.3  38.7  33.0  65.060919069
 23.2  38.8  33.1  79.2645222786
 23.2  38.9  33.2  94.0217762284
 23.2  39.0  33.3  109.298984059
 23.2  39.1  33.4  125.059675083
 23.1  39.2  33.5  141.264831216
 23.1  39.3  33.6  157.87313081
 23.1  39.4  33.7  174.841207736
 23.1  39.5  33.8  192.123923424
 23.1  39.6  33.9  209.674649496
 23.0  39.7  34.0  227.445558554
 23.0  39.8  34.1  245.387920632
 23.0  39.9  34.2  263.452402806
 23.0  40.0  34.3  281.589369447
 23.0  40.1  34.4  299.749180628
 22.9  40.2  34.5  317.88248624
 22.9  40.3  34.6  335.940513425
 22.9  40.4  34.7  353.875345045
 22.9  40.5  34.8  371.640186987
 22.9  40.6  34.9  389.189622238
 22.8  40.7  35.0  406.479849809
 22.8  40.8  35.1  423.468906754
 22.8  40.9  35.2  440.116871668
 22.8  41.0  35.3  456.386048289
 22.8  41.1  35.4  472.241127968
 22.7  41.1  35.5  487.649330025
 22.7  41.2  35.6  502.580519193
 22.7  41.3  35.7  517.007299572
 22.7  41.4  35.8  530.905084759
 22.7  41.5  35.9  544.252144014
 22.6  41.6  36.0  557.029624556
 22.6  41.7  36.1  569.221550303
 22.6  41.8  36.2  580.814797577
 22.6  41.9  36.3  591.799048498
 22.6  42.0  36.4  602.166723003
 22.5  42.1  36.5  611.912890574
 22.5  42.2  36.6  621.03516299
 22.5  42.3  36.7  629.533569509
 22.5  42.4  36.8  637.410416081
 22.5  42.5  36.9  644.670130307
 22.4  42.6  37.0  651.319093931
 22.4  42.7  37.1  657.365464813
 22.4  42.8  37.2  662.81899032
 22.4  42.9  37.3  667.690814188
 22.4  43.0  37.4  671.99327891
 22.3  43.1  37.5  675.7397257
 22.3  43.2  37.6  678.944294113
 22.3  43.3  37.7  681.621723329
 22.3  43.4  37.8  683.787157092
 22.2  43.5  37.9  685.455954196
 22.2  43.6  38.0  686.643506353
 22.2  43.7  38.1  687.365065151
 22.2  43.8  38.2  687.635579701
 22.2  43.9  38.3  687.469546435
 22.1  44.0  38.4  686.880872366
 22.1  44.1  38.5  685.882752968
 22.1  44.2  38.6  684.487565658
 22.1  44.3  38.7  682.706779691
 22.1  44.4  38.8  680.550883083
 22.0  44.5  38.9  678.02932701
 22.0  44.6  39.0  675.150487911
 22.0  44.7  39.1  671.92164736
 22.0  44.8  39.2  668.348989554
 22.0  44.9  39.3  664.437616111
 21.9  45.0  39.4  660.191577643
 21.9  45.1  39.5  655.613921446
 21.9  45.2  39.6  650.706754433
 21.9  45.3  39.7  645.471320322
 21.9  45.4  39.8  639.908089907
 21.8  45.5  39.9  634.016863147
 21.8  45.6  40.0  627.796881651
 21.8  45.7  40.1  621.246950071
 21.8  45.8  40.2  614.365564801
 21.8  45.8  40.3  607.151048334
 21.7  45.9  40.4  599.601687562
 21.7  46.0  40.5  591.715874285
 21.7  46.1  40.6  583.492246163
 21.7  46.2  40.7  574.929826387
 21.7  46.3  40.8  566.028160311
 21.6  46.4  40.9  556.787447401
 21.6  46.5  41.0  547.208666839
 21.6  46.6  41.1  537.293695276
 21.6  46.7  41.2  527.04541524
 21.6  46.8  41.3  516.467812895
 21.5  46.9  41.4  505.566063892
 21.5  47.0  41.5  494.346606255
 21.5  47.1  41.6  482.817199333
 21.5  47.2  41.7  470.986968059
 21.5  47.3  41.8  458.866431869
 21.4  47.4  41.9  446.467517856
 21.4  47.5  42.0  433.803557855
 21.4  47.6  42.1  420.88926939
 21.4  47.7  42.2  407.740720544
 21.3  47.8  42.3  394.375279022
 21.3  47.9  42.4  380.811545831
 21.3  48.0  42.5  367.069274204
 21.3  48.1  42.6  353.169274508
 21.3  48.2  42.7  339.133306093
 21.2  48.3  42.8  324.983957133
 21.2  48.4  42.9  310.744513681
 21.2  48.5  43.0  296.438819261
 21.2  48.6  43.1  282.091126445
 21.2  48.7  43.2  267.725941943
 21.1  48.8  43.3  253.367866828
 21.1  48.9  43.4  239.04143355
 21.1  49.0  43.5  224.77094148
 21.1  49.1  43.6  210.580292704
 21.1  49.2  43.7  196.492829823
 21.0  49.3  43.8  182.531177503
 21.0  49.4  43.9  168.717089455
 21.0  49.5  44.0  155.071302539
 21.0  49.6  44.1  141.613399543
 21.0  49.7  44.2  128.361682171
 20.9  49.8  44.3  115.333055635
 20.9  49.9  44.4  102.542926146
 20.9  50.0  44.5  90.0051124595
 20.9  50.1  44.6  77.7317724978
 20.9  50.2  44.7  65.7333459179
 20.8  50.3  44.8  54.0185133147
 20.8  50.4  44.9  42.594172594
 20.8  50.4  45.0  31.4654328591
 20.8  50.5  45.1  20.6356259746
 20.8  50.6  45.2  10.1063357833
 20.7  50.7  45.3 -0.12255523849
 20.7  50.8  45.4 -10.0528022876
 20.7  50.9  45.5 -19.6877180886
 20.7  51.0  45.6 -29.0320770635
 20.7  51.1  45.7 -38.092004757
 20.6  51.2  45.8 -46.8748536229
 20.6  51.3  45.9 -55.3890664345
 20.6  51.4  46.0 -63.6440287215
 20.6  51.5  46.1 -71.6499117729
 20.6  51.6  46.2 -79.4175078532
 20.5  51.7  46.3 -86.958059386
 20.5  51.8  46.4 -94.2830839365
 20.5  51.9  46.5 -101.404196891
 20.5  52.0  46.6 -108.33293378
 20.5  52.1  46.7 -115.080574204
 20.4  52.2  46.8 -121.657969353
 20.4  52.3  46.9 -128.075375067
 20.4  52.4  47.0 -134.342292368
 20.4  52.5  47.1 -140.467317336
 20.3  52.6  47.2 -146.45800213
 20.3  52.7  47.3 -152.320728848
 20.3  52.8  47.4 -158.060597828
 20.3  52.9  47.5 -163.681331846
 20.3  53.0  47.6 -169.185197533
 20.2  53.1  47.7 -174.572945161
 20.2  53.2  47.8 -179.843767786
 20.2  53.3  47.9 -184.995280536
 20.2  53.4  48.0 -190.023520655
 20.2  53.5  48.1 -194.922968673
 20.1  53.6  48.2 -199.686590911
 20.1  53.7  48.3 -204.305903266
 20.1  53.8  48.4 -208.771056025
 20.1  53.9  48.5 -213.070939243
 20.1  54.0  48.6 -217.193307981
 20.0  54.1  48.7 -221.124926508
 20.0  54.2  48.8 -224.851730353
 20.0  54.3  48.9 -228.359004885
 20.0  54.4  49.0 -231.631578934
 20.0  54.5  49.1 -234.654031756
 19.9  54.6  49.2 -237.410911515
 19.9  54.7  49.3 -239.886963266
 19.9  54.8  49.4 -242.067364343
 19.9  54.9  49.5 -243.937964896
 19.9  55.0  49.6 -245.485531248
 19.8  55.0  49.7 -246.697989679
 19.8  55.1  49.8 -247.564668184
 19.8  55.2  49.9 -248.076533717
 19.8  55.3  50.0 -248.226422446
