x z dist ED
 20.2 -46.8 -50.0 -343.102222166
 20.2 -46.7 -49.9 -341.599378695
 20.2 -46.6 -49.8 -339.987598566
 20.2 -46.5 -49.7 -338.277581706
 20.1 -46.5 -49.6 -336.480653964
 20.1 -46.4 -49.5 -334.60853336
 20.1 -46.3 -49.4 -332.673095584
 20.1 -46.2 -49.3 -330.6861413
 20.1 -46.1 -49.2 -328.659167771
 20.0 -46.0 -49.1 -326.603147245
 20.0 -45.9 -49.0 -324.528314465
 20.0 -45.8 -48.9 -322.443965543
 20.0 -45.7 -48.8 -320.358270296
 20.0 -45.6 -48.7 -318.278100007
 19.9 -45.5 -48.6 -316.208872379
 19.9 -45.4 -48.5 -314.154415274
 19.9 -45.3 -48.4 -312.116850616
 19.9 -45.2 -48.3 -310.096499635
 19.9 -45.1 -48.2 -308.091810373
 19.8 -45.0 -48.1 -306.099308168
 19.8 -44.9 -48.0 -304.113569578
 19.8 -44.8 -47.9 -302.127219955
 19.8 -44.7 -47.8 -300.13095465
 19.8 -44.6 -47.7 -298.113583566
 19.7 -44.5 -47.6 -296.062098569
 19.7 -44.4 -47.5 -293.961762986
 19.7 -44.3 -47.4 -291.796222245
 19.7 -44.2 -47.3 -289.54763445
 19.7 -44.1 -47.2 -287.196819532
 19.6 -44.0 -47.1 -284.723425377
 19.6 -43.9 -47.0 -282.106109208
 19.6 -43.8 -46.9 -279.32273232
 19.6 -43.7 -46.8 -276.350566139
 19.5 -43.6 -46.7 -273.166507467
 19.5 -43.5 -46.6 -269.747300691
 19.5 -43.4 -46.5 -266.069764648
 19.5 -43.3 -46.4 -262.11102182
 19.5 -43.2 -46.3 -257.84872749
 19.4 -43.1 -46.2 -253.261296503
 19.4 -43.0 -46.1 -248.328125305
 19.4 -42.9 -46.0 -243.029806991
 19.4 -42.8 -45.9 -237.348337133
 19.4 -42.7 -45.8 -231.267308307
 19.3 -42.6 -45.7 -224.7720913
 19.3 -42.5 -45.6 -217.850001163
 19.3 -42.4 -45.5 -210.490446389
 19.3 -42.3 -45.4 -202.685059696
 19.3 -42.2 -45.3 -194.427809074
 19.2 -42.1 -45.2 -185.715087938
 19.2 -42.0 -45.1 -176.545783477
 19.2 -41.9 -45.0 -166.921322461
 19.2 -41.9 -44.9 -156.845694047
 19.2 -41.8 -44.8 -146.325449314
 19.1 -41.7 -44.7 -135.36967752
 19.1 -41.6 -44.6 -123.989959291
 19.1 -41.5 -44.5 -112.200297194
 19.1 -41.4 -44.4 -100.017024376
 19.1 -41.3 -44.3 -87.4586921545
 19.0 -41.2 -44.2 -74.5459376852
 19.0 -41.1 -44.1 -61.3013330003
 19.0 -41.0 -44.0 -47.7492169291
 19.0 -40.9 -43.9 -33.9155115633
 19.0 -40.8 -43.8 -19.8275250949
 18.9 -40.7 -43.7 -5.51374299068
 18.9 -40.6 -43.6  8.99639041513
 18.9 -40.5 -43.5  23.6726977331
 18.9 -40.4 -43.4  38.4844994803
 18.9 -40.3 -43.3  53.4008478862
 18.8 -40.2 -43.2  68.3907612066
 18.8 -40.1 -43.1  83.4234562029
 18.8 -40.0 -43.0  98.4685764628
 18.8 -39.9 -42.9  113.496414278
 18.8 -39.8 -42.8  128.478123857
 18.7 -39.7 -42.7  143.385923742
 18.7 -39.6 -42.6  158.1932864
 18.7 -39.5 -42.5  172.875113088
 18.7 -39.4 -42.4  187.407892248
 18.7 -39.3 -42.3  201.769839838
 18.6 -39.2 -42.2  215.941020197
 18.6 -39.1 -42.1  229.90344624
 18.6 -39.0 -42.0  243.641157977
 18.6 -38.9 -41.9  257.140278577
 18.5 -38.8 -41.8  270.389047432
 18.5 -38.7 -41.7  283.377829884
 18.5 -38.6 -41.6  296.099103557
 18.5 -38.5 -41.5  308.547421434
 18.5 -38.4 -41.4  320.719352079
 18.4 -38.3 -41.3  332.613397647
 18.4 -38.2 -41.2  344.229890525
 18.4 -38.1 -41.1  355.570869704
 18.4 -38.0 -41.0  366.63993817
 18.4 -37.9 -40.9  377.442102814
 18.3 -37.8 -40.8  387.983598536
 18.3 -37.7 -40.7  398.271698401
 18.3 -37.6 -40.6  408.314511854
 18.3 -37.5 -40.5  418.120773123
 18.3 -37.4 -40.4  427.699622064
 18.2 -37.3 -40.3  437.060379788
 18.2 -37.3 -40.2  446.212321484
 18.2 -37.2 -40.1  455.164448874
 18.2 -37.1 -40.0  463.925264793
 18.2 -37.0 -39.9  472.502552348
 18.1 -36.9 -39.8  480.903161106
 18.1 -36.8 -39.7  489.132802683
 18.1 -36.7 -39.6  497.195858065
 18.1 -36.6 -39.5  505.095198857
 18.1 -36.5 -39.4  512.832024547
 18.0 -36.4 -39.3  520.405717743
 18.0 -36.3 -39.2  527.813719146
 18.0 -36.2 -39.1  535.051423878
 18.0 -36.1 -39.0  542.112100542
 18.0 -36.0 -38.9  548.986834219
 17.9 -35.9 -38.8  555.664494356
 17.9 -35.8 -38.7  562.131728253
 17.9 -35.7 -38.6  568.372980645
 17.9 -35.6 -38.5  574.370539586
 17.9 -35.5 -38.4  580.104608595
 17.8 -35.4 -38.3  585.553404792
 17.8 -35.3 -38.2  590.693282441
 17.8 -35.2 -38.1  595.498881127
 17.8 -35.1 -38.0  599.943297484
 17.8 -35.0 -37.9  603.998279203
 17.7 -34.9 -37.8  607.634439774
 17.7 -34.8 -37.7  610.821492245
 17.7 -34.7 -37.6  613.528500035
 17.7 -34.6 -37.5  615.724142683
 17.6 -34.5 -37.4  617.376994243
 17.6 -34.4 -37.3  618.455811872
 17.6 -34.3 -37.2  618.929832063
 17.6 -34.2 -37.1  618.769071848
 17.6 -34.1 -37.0  617.944632232
 17.5 -34.0 -36.9  616.429001067
 17.5 -33.9 -36.8  614.196352552
 17.5 -33.8 -36.7  611.222840537
 17.5 -33.7 -36.6  607.486882829
 17.5 -33.6 -36.5  602.969433794
 17.4 -33.5 -36.4  597.654242552
 17.4 -33.4 -36.3  591.528094252
 17.4 -33.3 -36.2  584.581031963
 17.4 -33.2 -36.1  576.80655693
 17.4 -33.1 -36.0  568.201805079
 17.3 -33.0 -35.9  558.767697867
 17.3 -32.9 -35.8  548.509065777
 17.3 -32.8 -35.7  537.434742991
 17.3 -32.7 -35.6  525.557632026
 17.3 -32.6 -35.5  512.89473736
 17.2 -32.6 -35.4  499.467167354
 17.2 -32.5 -35.3  485.300104044
 17.2 -32.4 -35.2  470.422740677
 17.2 -32.3 -35.1  454.868187117
 17.2 -32.2 -35.0  438.673343563
 17.1 -32.1 -34.9  421.878743285
 17.1 -32.0 -34.8  404.52836537
 17.1 -31.9 -34.7  386.669418735
 17.1 -31.8 -34.6  368.352098934
 17.1 -31.7 -34.5  349.629319512
 17.0 -31.6 -34.4  330.556419934
 17.0 -31.5 -34.3  311.19085228
 17.0 -31.4 -34.2  291.59184915
 17.0 -31.3 -34.1  271.820075353
 17.0 -31.2 -34.0  251.937266145
 16.9 -31.1 -33.9  232.005854896
 16.9 -31.0 -33.8  212.088593166
 16.9 -30.9 -33.7  192.248166275
 16.9 -30.8 -33.6  172.546807477
 16.9 -30.7 -33.5  153.04591389
 16.8 -30.6 -33.4  133.805667331
 16.8 -30.5 -33.3  114.884663181
 16.8 -30.4 -33.2  96.3395503184
 16.8 -30.3 -33.1  78.2246851188
 16.7 -30.2 -33.0  60.5918023751
 16.7 -30.1 -32.9  43.4897058643
 16.7 -30.0 -32.8  26.9639811318
 16.7 -29.9 -32.7  11.0567328716
 16.7 -29.8 -32.6 -4.1936509192
 16.6 -29.7 -32.5 -18.7527060626
 16.6 -29.6 -32.4 -32.5900688892
 16.6 -29.5 -32.3 -45.6796210472
 16.6 -29.4 -32.2 -57.9996012533
 16.6 -29.3 -32.1 -69.5326830908
 16.5 -29.2 -32.0 -80.2660182519
 16.5 -29.1 -31.9 -90.1912449164
 16.5 -29.0 -31.8 -99.304461261
 16.5 -28.9 -31.7 -107.606164392
 16.5 -28.8 -31.6 -115.101155292
 16.4 -28.7 -31.5 -121.798410664
 16.4 -28.6 -31.4 -127.710922845
 16.4 -28.5 -31.3 -132.855509234
 16.4 -28.4 -31.2 -137.252592929
 16.4 -28.3 -31.1 -140.925956554
 16.3 -28.2 -31.0 -143.902471433
 16.3 -28.1 -30.9 -146.211804527
 16.3 -28.0 -30.8 -147.886105707
 16.3 -28.0 -30.7 -148.95967813
 16.3 -27.9 -30.6 -149.468634605
 16.2 -27.8 -30.5 -149.45054296
 16.2 -27.7 -30.4 -148.944063527
 16.2 -27.6 -30.3 -147.988581896
 16.2 -27.5 -30.2 -146.623840156
 16.2 -27.4 -30.1 -144.889569814
 16.1 -27.3 -30.0 -142.825129593
 16.1 -27.2 -29.9 -140.46915124
 16.1 -27.1 -29.8 -137.859196399
 16.1 -27.0 -29.7 -135.031427509
 16.1 -26.9 -29.6 -132.020295545
 16.0 -26.8 -29.5 -128.858247269
 16.0 -26.7 -29.4 -125.575454486
 16.0 -26.6 -29.3 -122.199567577
 16.0 -26.5 -29.2 -118.755495389
 16.0 -26.4 -29.1 -115.265213297
 15.9 -26.3 -29.0 -111.747601017
 15.9 -26.2 -28.9 -108.218311463
 15.9 -26.1 -28.8 -104.689671687
 15.9 -26.0 -28.7 -101.170616611
 15.8 -25.9 -28.6 -97.6666560163
 15.8 -25.8 -28.5 -94.1798749163
 15.8 -25.7 -28.4 -90.7089671654
 15.8 -25.6 -28.3 -87.2493018447
 15.8 -25.5 -28.2 -83.7930216869
 15.7 -25.4 -28.1 -80.3291725081
 15.7 -25.3 -28.0 -76.8438623464
 15.7 -25.2 -27.9 -73.3204487406
 15.7 -25.1 -27.8 -69.7397523386
 15.7 -25.0 -27.7 -66.0802947903
 15.6 -24.9 -27.6 -62.3185586725
 15.6 -24.8 -27.5 -58.4292669985
 15.6 -24.7 -27.4 -54.3856796987
 15.6 -24.6 -27.3 -50.1599043123
 15.6 -24.5 -27.2 -45.723218013
 15.5 -24.4 -27.1 -41.0463979952
 15.5 -24.3 -27.0 -36.1000571828
 15.5 -24.2 -26.9 -30.8549821846
 15.5 -24.1 -26.8 -25.2824704061
 15.5 -24.0 -26.7 -19.3546632479
 15.4 -23.9 -26.6 -13.0448723628
 15.4 -23.8 -26.5 -6.3278960166
 15.4 -23.7 -26.4  0.819677305775
 15.4 -23.6 -26.3  8.41918078226
 15.4 -23.5 -26.2  16.4895992106
 15.3 -23.4 -26.1  25.0473194563
 15.3 -23.4 -26.0  34.1059036151
 15.3 -23.3 -25.9  43.6758869042
 15.3 -23.2 -25.8  53.7646020641
 15.3 -23.1 -25.7  64.3760318131
 15.2 -23.0 -25.6  75.5106906358
 15.2 -22.9 -25.5  87.1655369199
 15.2 -22.8 -25.4  99.3339161812
 15.2 -22.7 -25.3  112.005535832
 15.2 -22.6 -25.2  125.166471662
 15.1 -22.5 -25.1  138.799205925
 15.1 -22.4 -25.0  152.882696622
 15.1 -22.3 -24.9  167.392477311
 15.1 -22.2 -24.8  182.300786497
 15.1 -22.1 -24.7  197.576725386
 15.0 -22.0 -24.6  213.186442537
 15.0 -21.9 -24.5  229.093343734
 15.0 -21.8 -24.4  245.258325136
 15.0 -21.7 -24.3  261.640027607
 14.9 -21.6 -24.2  278.19510992
 14.9 -21.5 -24.1  294.878538367
 14.9 -21.4 -24.0  311.6438902
 14.9 -21.3 -23.9  328.443668168
 14.9 -21.2 -23.8  345.229623383
 14.8 -21.1 -23.7  361.95308363
 14.8 -21.0 -23.6  378.565284256
 14.8 -20.9 -23.5  395.017698713
 14.8 -20.8 -23.4  411.262365889
 14.8 -20.7 -23.3  427.252211378
 14.7 -20.6 -23.2  442.941359926
 14.7 -20.5 -23.1  458.285436375
 14.7 -20.4 -23.0  473.241852547
 14.7 -20.3 -22.9  487.770077662
 14.7 -20.2 -22.8  501.831890031
 14.6 -20.1 -22.7  515.391607955
 14.6 -20.0 -22.6  528.416297969
 14.6 -19.9 -22.5  540.875958776
 14.6 -19.8 -22.4  552.743679451
 14.6 -19.7 -22.3  563.995770738
 14.5 -19.6 -22.2  574.611868521
 14.5 -19.5 -22.1  584.575008791
 14.5 -19.4 -22.0  593.871673731
 14.5 -19.3 -21.9  602.491808756
 14.5 -19.2 -21.8  610.428810669
 14.4 -19.1 -21.7  617.679487309
 14.4 -19.0 -21.6  624.243989357
 14.4 -18.9 -21.5  630.125715201
 14.4 -18.8 -21.4  635.331190007
 14.4 -18.7 -21.3  639.869920377
 14.3 -18.7 -21.2  643.754226181
 14.3 -18.6 -21.1  646.999051354
 14.3 -18.5 -21.0  649.621755634
 14.3 -18.4 -20.9  651.641889368
 14.3 -18.3 -20.8  653.080953667
 14.2 -18.2 -20.7  653.962148302
 14.2 -18.1 -20.6  654.310109824
 14.2 -18.0 -20.5  654.15064248
 14.2 -17.9 -20.4  653.510444524
 14.2 -17.8 -20.3  652.416832556
 14.1 -17.7 -20.2  650.897466523
 14.1 -17.6 -20.1  648.980077972
 14.1 -17.5 -20.0  646.692204122
 14.1 -17.4 -19.9  644.060930203
 14.0 -17.3 -19.8  641.112642473
 14.0 -17.2 -19.7  637.87279413
 14.0 -17.1 -19.6  634.365686271
 14.0 -17.0 -19.5  630.614265819
 14.0 -16.9 -19.4  626.639942219
 13.9 -16.8 -19.3  622.462424471
 13.9 -16.7 -19.2  618.099579881
 13.9 -16.6 -19.1  613.567315678
 13.9 -16.5 -19.0  608.879484429
 13.9 -16.4 -18.9  604.047813933
 13.8 -16.3 -18.8  599.08186204
 13.8 -16.2 -18.7  593.988996587
 13.8 -16.1 -18.6  588.774400422
 13.8 -16.0 -18.5  583.441101193
 13.8 -15.9 -18.4  577.990025398
 13.7 -15.8 -18.3  572.420075906
 13.7 -15.7 -18.2  566.728231964
 13.7 -15.6 -18.1  560.909670485
 13.7 -15.5 -18.0  554.957907198
 13.7 -15.4 -17.9  548.864956056
 13.6 -15.3 -17.8  542.621505148
 13.6 -15.2 -17.7  536.217107171
 13.6 -15.1 -17.6  529.640382411
 13.6 -15.0 -17.5  522.879232063
 13.6 -14.9 -17.4  515.921059618
 13.5 -14.8 -17.3  508.752997975
 13.5 -14.7 -17.2  501.362139917
 13.5 -14.6 -17.1  493.735769521
 13.5 -14.5 -17.0  485.861592099
 13.5 -14.4 -16.9  477.727960307
 13.4 -14.3 -16.8  469.324094048
 13.4 -14.2 -16.7  460.64029194
 13.4 -14.1 -16.6  451.668132134
 13.4 -14.1 -16.5  442.400660441
 13.4 -14.0 -16.4  432.832563823
 13.3 -13.9 -16.3  422.96032746
 13.3 -13.8 -16.2  412.782373775
 13.3 -13.7 -16.1  402.299181989
 13.3 -13.6 -16.0  391.513386948
 13.3 -13.5 -15.9  380.4298562
 13.2 -13.4 -15.8  369.055744496
 13.2 -13.3 -15.7  357.400525131
 13.2 -13.2 -15.6  345.475997742
 13.2 -13.1 -15.5  333.296272452
 13.1 -13.0 -15.4  320.877730432
 13.1 -12.9 -15.3  308.238961247
 13.1 -12.8 -15.2  295.400677503
 13.1 -12.7 -15.1  282.385607611
 13.1 -12.6 -15.0  269.218367643
 13.0 -12.5 -14.9  255.925313471
 13.0 -12.4 -14.8  242.534374594
 13.0 -12.3 -14.7  229.074871205
 13.0 -12.2 -14.6  215.577316228
 13.0 -12.1 -14.5  202.073204192
 12.9 -12.0 -14.4  188.594788952
 12.9 -11.9 -14.3  175.174852339
 12.9 -11.8 -14.2  161.846465949
 12.9 -11.7 -14.1  148.64274831
 12.9 -11.6 -14.0  135.596619725
 12.8 -11.5 -13.9  122.740557114
 12.8 -11.4 -13.8  110.10635115
 12.8 -11.3 -13.7  97.7248679913
 12.8 -11.2 -13.6  85.625817843
 12.8 -11.1 -13.5  73.8375325095
 12.7 -11.0 -13.4  62.3867540288
 12.7 -10.9 -13.3  51.2984363489
 12.7 -10.8 -13.2  40.5955618873
 12.7 -10.7 -13.1  30.2989746645
 12.7 -10.6 -13.0  20.4272315405
 12.6 -10.5 -12.9  10.9964729036
 12.6 -10.4 -12.8  2.02031397112
 12.6 -10.3 -12.7 -6.49024234075
 12.6 -10.2 -12.6 -14.5268702319
 12.6 -10.1 -12.5 -22.0839629882
 12.5 -10.0 -12.4 -29.1586518012
 12.5 -9.9 -12.3 -35.7508013553
 12.5 -9.8 -12.2 -41.8629823285
 12.5 -9.7 -12.1 -47.5004211727
 12.5 -9.6 -12.0 -52.6709277628
 12.4 -9.5 -11.9 -57.3848017152
 12.4 -9.5 -11.8 -61.6547183825
 12.4 -9.4 -11.7 -65.4955957257
 12.4 -9.3 -11.6 -68.9244434485
 12.4 -9.2 -11.5 -71.9601959471
 12.3 -9.1 -11.4 -74.6235307824
 12.3 -9.0 -11.3 -76.9366745168
 12.3 -8.9 -11.2 -78.9231978776
 12.3 -8.8 -11.1 -80.6078023047
 12.2 -8.7 -11.0 -82.0161000203
 12.2 -8.6 -10.9 -83.1743898132
 12.2 -8.5 -10.8 -84.1094307661
 12.2 -8.4 -10.7 -84.8482161644
 12.2 -8.3 -10.6 -85.4177498185
 12.1 -8.2 -10.5 -85.8448269962
 12.1 -8.1 -10.4 -86.1558221098
 12.1 -8.0 -10.3 -86.376485225
 12.1 -7.9 -10.2 -86.5317493663
 12.1 -7.8 -10.1 -86.6455504719
 12.0 -7.7 -10.0 -86.7406617234
 12.0 -7.6 -9.9 -86.8385438185
 12.0 -7.5 -9.8 -86.9592125903
 12.0 -7.4 -9.7 -87.1211251943
 12.0 -7.3 -9.6 -87.3410858907
 11.9 -7.2 -9.5 -87.6341722442
 11.9 -7.1 -9.4 -88.0136823519
 11.9 -7.0 -9.3 -88.4911034898
 11.9 -6.9 -9.2 -89.0761023452
 11.9 -6.8 -9.1 -89.7765367763
 11.8 -6.7 -9.0 -90.5984888173
 11.8 -6.6 -8.9 -91.546318421
 11.8 -6.5 -8.8 -92.622737216
 11.8 -6.4 -8.7 -93.8289013434
 11.8 -6.3 -8.6 -95.164522235
 11.7 -6.2 -8.5 -96.627994004
 11.7 -6.1 -8.4 -98.2165359422
 11.7 -6.0 -8.3 -99.9263484528
 11.7 -5.9 -8.2 -101.7527806
 11.7 -5.8 -8.1 -103.690507331
 11.6 -5.7 -8.0 -105.733714306
 11.6 -5.6 -7.9 -107.876288203
 11.6 -5.5 -7.8 -110.112010269
 11.6 -5.4 -7.7 -112.434750857
 11.6 -5.3 -7.6 -114.838662677
 11.5 -5.2 -7.5 -117.318370463
 11.5 -5.1 -7.4 -119.869154792
 11.5 -5.0 -7.3 -122.487127854
 11.5 -4.9 -7.2 -125.169399001
 11.5 -4.8 -7.1 -127.914228036
 11.4 -4.8 -7.0 -130.721164291
 11.4 -4.7 -6.9 -133.591169665
 11.4 -4.6 -6.8 -136.526723983
 11.4 -4.5 -6.7 -139.531911158
 11.3 -4.4 -6.6 -142.612484868
 11.3 -4.3 -6.5 -145.775912617
 11.3 -4.2 -6.4 -149.031397303
 11.3 -4.1 -6.3 -152.389875611
 11.3 -4.0 -6.2 -155.863992783
 11.2 -3.9 -6.1 -159.468053576
 11.2 -3.8 -6.0 -163.217949432
 11.2 -3.7 -5.9 -167.131062157
 11.2 -3.6 -5.8 -171.226144623
 11.2 -3.5 -5.7 -175.523179265
 11.1 -3.4 -5.6 -180.043215388
 11.1 -3.3 -5.5 -184.808186489
 11.1 -3.2 -5.4 -189.840709075
 11.1 -3.1 -5.3 -195.163864603
 11.1 -3.0 -5.2 -200.80096642
 11.0 -2.9 -5.1 -206.7753137
 11.0 -2.8 -5.0 -213.109934589
 11.0 -2.7 -4.9 -219.827320864
 11.0 -2.6 -4.8 -226.949156556
 11.0 -2.5 -4.7 -234.496043086
 10.9 -2.4 -4.6 -242.487223509
 10.9 -2.3 -4.5 -250.940308555
 10.9 -2.2 -4.4 -259.87100714
 10.9 -2.1 -4.3 -269.292864042
 10.9 -2.0 -4.2 -279.217007421
 10.8 -1.9 -4.1 -289.651908773
 10.8 -1.8 -4.0 -300.603157888
 10.8 -1.7 -3.9 -312.07325524
 10.8 -1.6 -3.8 -324.061424124
 10.8 -1.5 -3.7 -336.563444733
 10.7 -1.4 -3.6 -349.571512166
 10.7 -1.3 -3.5 -363.074120194
 10.7 -1.2 -3.4 -377.0559724
 10.7 -1.1 -3.3 -391.497922093
 10.7 -1.0 -3.2 -406.376942134
 10.6 -0.9 -3.1 -421.666125609
 10.6 -0.8 -3.0 -437.334717962
 10.6 -0.7 -2.9 -453.348180996
 10.6 -0.6 -2.8 -469.668288828
 10.6 -0.5 -2.7 -486.253255628
 10.5 -0.4 -2.6 -503.057894682
 10.5 -0.3 -2.5 -520.033808063
 10.5 -0.2 -2.4 -537.129605882
 10.5 -0.2 -2.3 -554.291153865
 10.4 -0.1 -2.2 -571.461847718
 10.4  0.0 -2.1 -588.582912501
 10.4  0.1 -2.0 -605.593725003
 10.4  0.2 -1.9 -622.432156884
 10.4  0.3 -1.8 -639.034936166
 10.3  0.4 -1.7 -655.338024445
 10.3  0.5 -1.6 -671.277007081
 10.3  0.6 -1.5 -686.787493432
 10.3  0.7 -1.4 -701.80552414
 10.3  0.8 -1.3 -716.267982351
 10.2  0.9 -1.2 -730.113005707
 10.2  1.0 -1.1 -743.280395907
 10.2  1.1 -1.0 -755.712022639
 10.2  1.2 -0.9 -767.352218689
 10.2  1.3 -0.8 -778.148163091
 10.1  1.4 -0.7 -788.050249249
 10.1  1.5 -0.6 -797.012435077
 10.1  1.6 -0.5 -804.992572309
 10.1  1.7 -0.4 -811.952712295
 10.1  1.8 -0.3 -817.859385782
 10.0  1.9 -0.2 -822.68385434
 10.0  2.0 -0.1 -826.402331362
 10.0  2.1  0.0 -828.996170749
 10.0  2.2  0.1 -830.452021682
 10.0  2.3  0.2 -830.761948123
 9.9  2.4  0.3 -829.923511981
 9.9  2.5  0.4 -827.939819156
 9.9  2.6  0.5 -824.819527976
 9.9  2.7  0.6 -820.576819828
 9.9  2.8  0.7 -815.231332103
 9.8  2.9  0.8 -808.808053868
 9.8  3.0  0.9 -801.33718496
 9.8  3.1  1.0 -792.853959518
 9.8  3.2  1.1 -783.39843523
 9.8  3.3  1.2 -773.015249855
 9.7  3.4  1.3 -761.753346829
 9.7  3.5  1.4 -749.665672031
 9.7  3.6  1.5 -736.808843985
 9.7  3.7  1.6 -723.242800003
 9.7  3.8  1.7 -709.030420952
 9.6  3.9  1.8 -694.237137492
 9.6  4.0  1.9 -678.93052078
 9.6  4.1  2.0 -663.17986074
 9.6  4.2  2.1 -647.055735092
 9.6  4.3  2.2 -630.629572411
 9.5  4.4  2.3 -613.973212485
 9.5  4.4  2.4 -597.158467299
 9.5  4.5  2.5 -580.256685901
 9.5  4.6  2.6 -563.338326398
 9.4  4.7  2.7 -546.472538232
 9.4  4.8  2.8 -529.726757808
 9.4  4.9  2.9 -513.166320389
 9.4  5.0  3.0 -496.854091054
 9.4  5.1  3.1 -480.850117335
 9.3  5.2  3.2 -465.211305941
 9.3  5.3  3.3 -449.991125782
 9.3  5.4  3.4 -435.239339281
 9.3  5.5  3.5 -421.001763682
 9.3  5.6  3.6 -407.320063864
 9.2  5.7  3.7 -394.231577831
 9.2  5.8  3.8 -381.769175842
 9.2  5.9  3.9 -369.961153797
 9.2  6.0  4.0 -358.831161266
 9.2  6.1  4.1 -348.398164214
 9.1  6.2  4.2 -338.676442214
 9.1  6.3  4.3 -329.675619666
 9.1  6.4  4.4 -321.40073023
 9.1  6.5  4.5 -313.852313452
 9.1  6.6  4.6 -307.026542289
 9.0  6.7  4.7 -300.915379992
 9.0  6.8  4.8 -295.506764593
 9.0  6.9  4.9 -290.784819029
 9.0  7.0  5.0 -286.730084735
 9.0  7.1  5.1 -283.319776382
 8.9  7.2  5.2 -280.528055281
 8.9  7.3  5.3 -278.326318854
 8.9  7.4  5.4 -276.683503463
 8.9  7.5  5.5 -275.566397829
 8.9  7.6  5.6 -274.939964192
 8.8  7.7  5.7 -274.767664388
 8.8  7.8  5.8 -275.011787953
 8.8  7.9  5.9 -275.633779453
 8.8  8.0  6.0 -276.594562247
 8.8  8.1  6.1 -277.854855984
 8.7  8.2  6.2 -279.375485222
 8.7  8.3  6.3 -281.117676691
 8.7  8.4  6.4 -283.043342848
 8.7  8.5  6.5 -285.115349545
 8.7  8.6  6.6 -287.297765798
 8.6  8.7  6.7 -289.55609385
 8.6  8.8  6.8 -291.857477929
 8.6  8.9  6.9 -294.170890308
 8.6  9.0  7.0 -296.467293527
 8.5  9.0  7.1 -298.719777866
 8.5  9.1  7.2 -300.903673391
 8.5  9.2  7.3 -302.996636166
 8.5  9.3  7.4 -304.978708448
 8.5  9.4  7.5 -306.832352956
 8.4  9.5  7.6 -308.542461515
 8.4  9.6  7.7 -310.096338647
 8.4  9.7  7.8 -311.483660887
 8.4  9.8  7.9 -312.696412828
 8.4  9.9  8.0 -313.728801125
 8.3  10.0  8.1 -314.577147828
 8.3  10.1  8.2 -315.239764669
 8.3  10.2  8.3 -315.716810014
 8.3  10.3  8.4 -316.01013038
 8.3  10.4  8.5 -316.123088524
 8.2  10.5  8.6 -316.060380206
 8.2  10.6  8.7 -315.827841813
 8.2  10.7  8.8 -315.432251102
 8.2  10.8  8.9 -314.881123328
 8.2  10.9  9.0 -314.182505054
 8.1  11.0  9.1 -313.344767933
 8.1  11.1  9.2 -312.376404701
 8.1  11.2  9.3 -311.285829593
 8.1  11.3  9.4 -310.081185286
 8.1  11.4  9.5 -308.77015841
 8.0  11.5  9.6 -307.359805537
 8.0  11.6  9.7 -305.856391415
 8.0  11.7  9.8 -304.265241101
 8.0  11.8  9.9 -302.590607446
 8.0  11.9  10.0 -300.835555225
 7.9  12.0  10.1 -299.001863025
 7.9  12.1  10.2 -297.089943793
 7.9  12.2  10.3 -295.098784745
 7.9  12.3  10.4 -293.025907136
 7.9  12.4  10.5 -290.867346166
 7.8  12.5  10.6 -288.617651097
 7.8  12.6  10.7 -286.269905419
 7.8  12.7  10.8 -283.81576673
 7.8  12.8  10.9 -281.245525751
 7.8  12.9  11.0 -278.548183728
 7.7  13.0  11.1 -275.711547275
 7.7  13.1  11.2 -272.722339527
 7.7  13.2  11.3 -269.566326318
 7.7  13.3  11.4 -266.228455955
 7.6  13.4  11.5 -262.693010988
 7.6  13.5  11.6 -258.943770313
 7.6  13.6  11.7 -254.964179795
 7.6  13.7  11.8 -250.737529543
 7.6  13.7  11.9 -246.247135903
 7.5  13.8  12.0 -241.476526187
 7.5  13.9  12.1 -236.40962414
 7.5  14.0  12.2 -231.030934154
 7.5  14.1  12.3 -225.325722226
 7.5  14.2  12.4 -219.280191751
 7.4  14.3  12.5 -212.881652246
 7.4  14.4  12.6 -206.118679209
 7.4  14.5  12.7 -198.981263416
 7.4  14.6  12.8 -191.46094806
 7.4  14.7  12.9 -183.550952265
 7.3  14.8  13.0 -175.246279675
 7.3  14.9  13.1 -166.543810944
 7.3  15.0  13.2 -157.442379149
 7.3  15.1  13.3 -147.942827308
 7.3  15.2  13.4 -138.048047388
 7.2  15.3  13.5 -127.763000365
 7.2  15.4  13.6 -117.094717109
 7.2  15.5  13.7 -106.052280055
 7.2  15.6  13.8 -94.6467858247
 7.2  15.7  13.9 -82.8912891682
 7.1  15.8  14.0 -70.8007287673
 7.1  15.9  14.1 -58.3918356536
 7.1  16.0  14.2 -45.6830251573
 7.1  16.1  14.3 -32.6942734797
 7.1  16.2  14.4 -19.4469801383
 7.0  16.3  14.5 -5.96381768084
 7.0  16.4  14.6  7.73142980515
 7.0  16.5  14.7  21.614037745
 7.0  16.6  14.8  35.6585199493
 7.0  16.7  14.9  49.8388134843
 6.9  16.8  15.0  64.1284676545
 6.9  16.9  15.1  78.5008351696
 6.9  17.0  15.2  92.929263544
 6.9  17.1  15.3  107.387284773
 6.9  17.2  15.4  121.848801346
 6.8  17.3  15.5  136.288266699
 6.8  17.4  15.6  150.680858252
 6.8  17.5  15.7  165.002641265
 6.8  17.6  15.8  179.230721835
 6.7  17.7  15.9  193.343387454
 6.7  17.8  16.0  207.320233709
 6.7  17.9  16.1  221.142275796
 6.7  18.0  16.2  234.792043726
 6.7  18.1  16.3  248.253660233
 6.6  18.2  16.4  261.512900587
 6.6  18.3  16.5  274.557233702
 6.6  18.3  16.6  287.37584411
 6.6  18.4  16.7  299.959634594
 6.6  18.5  16.8  312.301209445
 6.5  18.6  16.9  324.394838524
 6.5  18.7  17.0  336.236402528
 6.5  18.8  17.1  347.823320021
 6.5  18.9  17.2  359.154457009
 6.5  19.0  17.3  370.230020024
 6.4  19.1  17.4  381.05143384
 6.4  19.2  17.5  391.621205136
 6.4  19.3  17.6  401.942773552
 6.4  19.4  17.7  412.020351733
 6.4  19.5  17.8  421.858756092
 6.3  19.6  17.9  431.463230104
 6.3  19.7  18.0  440.839262058
 6.3  19.8  18.1  449.992399259
 6.3  19.9  18.2  458.92806071
 6.3  20.0  18.3  467.651350356
 6.2  20.1  18.4  476.166872968
 6.2  20.2  18.5  484.478554739
 6.2  20.3  18.6  492.589470638
 6.2  20.4  18.7  500.501680516
 6.2  20.5  18.8  508.216075876
 6.1  20.6  18.9  515.73223914
 6.1  20.7  19.0  523.048317132
 6.1  20.8  19.1  530.160910379
 6.1  20.9  19.2  537.064979649
 6.1  21.0  19.3  543.753771055
 6.0  21.1  19.4  550.2187608
 6.0  21.2  19.5  556.449620518
 6.0  21.3  19.6  562.434203934
 6.0  21.4  19.7  568.158555369
 6.0  21.5  19.8  573.606940414
 5.9  21.6  19.9  578.761898856
 5.9  21.7  20.0  583.604319759
 5.9  21.8  20.1  588.113538342
 5.9  21.9  20.2  592.2674541
 5.8  22.0  20.3  596.042669401
 5.8  22.1  20.4  599.414647575
 5.8  22.2  20.5  602.357889304
 5.8  22.3  20.6  604.846125946
 5.8  22.4  20.7  606.852528241
 5.7  22.5  20.8  608.349928663
 5.7  22.6  20.9  609.311055563
 5.7  22.7  21.0  609.70877707
 5.7  22.8  21.1  609.516352651
 5.7  22.9  21.2  608.707690082
 5.6  22.9  21.3  607.257605536
 5.6  23.0  21.4  605.142084432
 5.6  23.1  21.5  602.338540636
 5.6  23.2  21.6  598.826071622
 5.6  23.3  21.7  594.585707174
 5.5  23.4  21.8  589.600649272
 5.5  23.5  21.9  583.856500847
 5.5  23.6  22.0  577.341481154
 5.5  23.7  22.1  570.046625631
 5.5  23.8  22.2  561.965968211
 5.4  23.9  22.3  553.096704199
 5.4  24.0  22.4  543.439331981
 5.4  24.1  22.5  532.997772005
 5.4  24.2  22.6  521.779461644
 5.4  24.3  22.7  509.795424796
 5.3  24.4  22.8  497.060315228
 5.3  24.5  22.9  483.592432959
 5.3  24.6  23.0  469.413713153
 5.3  24.7  23.1  454.54968727
 5.3  24.8  23.2  439.029416448
 5.2  24.9  23.3  422.885397329
 5.2  25.0  23.4  406.1534408
 5.2  25.1  23.5  388.872524349
 5.2  25.2  23.6  371.084618962
 5.2  25.3  23.7  352.834491751
 5.1  25.4  23.8  334.169485673
 5.1  25.5  23.9  315.139277952
 5.1  25.6  24.0  295.795618982
 5.1  25.7  24.1  276.192053676
 5.1  25.8  24.2  256.383627405
 5.0  25.9  24.3  236.426578787
 5.0  26.0  24.4  216.378021731
 5.0  26.1  24.5  196.295619249
 5.0  26.2  24.6  176.23725161
 4.9  26.3  24.7  156.260681493
 4.9  26.4  24.8  136.423218816
 4.9  26.5  24.9  116.781387949
 4.9  26.6  25.0  97.3905999811
 4.9  26.7  25.1  78.3048327086
 4.8  26.8  25.2  59.576320928
 4.8  26.9  25.3  41.2552595526
 4.8  27.0  25.4  23.3895219579
 4.8  27.1  25.5  6.0243958426
 4.8  27.2  25.6 -10.7976612587
 4.7  27.3  25.7 -27.0372448343
 4.7  27.4  25.8 -42.6582028366
 4.7  27.5  25.9 -57.6278101106
 4.7  27.6  26.0 -71.9169164309
 4.7  27.6  26.1 -85.5000669911
 4.6  27.7  26.2 -98.355594427
 4.6  27.8  26.3 -110.465681699
 4.6  27.9  26.4 -121.81639541
 4.6  28.0  26.5 -132.397689382
 4.6  28.1  26.6 -142.203378592
 4.5  28.2  26.7 -151.23108379
 4.5  28.3  26.8 -159.482147408
 4.5  28.4  26.9 -166.961521591
 4.5  28.5  27.0 -173.677629436
 4.5  28.6  27.1 -179.642200751
 4.4  28.7  27.2 -184.870083861
 4.4  28.8  27.3 -189.379035194
 4.4  28.9  27.4 -193.189488579
 4.4  29.0  27.5 -196.324306349
 4.4  29.1  27.6 -198.808514498
 4.3  29.2  27.7 -200.669024281
 4.3  29.3  27.8 -201.934342752
 4.3  29.4  27.9 -202.634274826
 4.3  29.5  28.0 -202.79961953
 4.3  29.6  28.1 -202.461863118
 4.2  29.7  28.2 -201.652871797
 4.2  29.8  28.3 -200.404586753
 4.2  29.9  28.4 -198.748724168
 4.2  30.0  28.5 -196.716482862
 4.2  30.1  28.6 -194.338262109
 4.1  30.2  28.7 -191.643392084
 4.1  30.3  28.8 -188.659879271
 4.1  30.4  28.9 -185.414169031
 4.1  30.5  29.0 -181.93092735
 4.0  30.6  29.1 -178.232843636
 4.0  30.7  29.2 -174.340456202
 4.0  30.8  29.3 -170.272001898
 4.0  30.9  29.4 -166.043291105
 4.0  31.0  29.5 -161.667609095
 3.9  31.1  29.6 -157.155644498
 3.9  31.2  29.7 -152.515445375
 3.9  31.3  29.8 -147.752403164
 3.9  31.4  29.9 -142.869264477
 3.9  31.5  30.0 -137.866170512
 3.8  31.6  30.1 -132.740723555
 3.8  31.7  30.2 -127.488079833
 3.8  31.8  30.3 -122.101067729
 3.8  31.9  30.4 -116.570330138
 3.8  32.0  30.5 -110.884489536
 3.7  32.1  30.6 -105.030334114
 3.7  32.2  30.7 -98.9930231692
 3.7  32.2  30.8 -92.7563097374
 3.7  32.3  30.9 -86.302778337
 3.7  32.4  31.0 -79.6140955264
 3.6  32.5  31.1 -72.67127089
 3.6  32.6  31.2 -65.4549259667
 3.6  32.7  31.3 -57.9455685689
 3.6  32.8  31.4 -50.1238698969
 3.6  32.9  31.5 -41.9709418344
 3.5  33.0  31.6 -33.4686118109
 3.5  33.1  31.7 -24.5996926474
 3.5  33.2  31.8 -15.348244851
 3.5  33.3  31.9 -5.69982889584
 3.5  33.4  32.0  4.35825487355
 3.4  33.5  32.1  14.8367409655
 3.4  33.6  32.2  25.7441902033
 3.4  33.7  32.3  37.0867998803
 3.4  33.8  32.4  48.8682343926
 3.4  33.9  32.5  61.0894779395
 3.3  34.0  32.6  73.7487106855
 3.3  34.1  32.7  86.841209555
 3.3  34.2  32.8  100.359274612
 3.3  34.3  32.9  114.29218174
 3.3  34.4  33.0  128.626162097
 3.2  34.5  33.1  143.34440858
 3.2  34.6  33.2  158.427109291
 3.2  34.7  33.3  173.851507743
 3.2  34.8  33.4  189.591989313
 3.1  34.9  33.5  205.620193209
 3.1  35.0  33.6  221.905148994
 3.1  35.1  33.7  238.41343648
 3.1  35.2  33.8  255.109367606
 3.1  35.3  33.9  271.95518872
 3.0  35.4  34.0  288.911301505
 3.0  35.5  34.1  305.936500607
 3.0  35.6  34.2  322.988225911
 3.0  35.7  34.3  340.022827262
 3.0  35.8  34.4  356.995839315
 2.9  35.9  34.5  373.862264147
 2.9  36.0  34.6  390.576859156
 2.9  36.1  34.7  407.094427775
 2.9  36.2  34.8  423.370110477
 2.9  36.3  34.9  439.359673579
 2.8  36.4  35.0  455.01979335
 2.8  36.5  35.1  470.308333024
 2.8  36.6  35.2  485.184610337
 2.8  36.7  35.3  499.609653341
 2.8  36.8  35.4  513.546442348
 2.7  36.8  35.5  526.96013598
 2.7  36.9  35.6  539.818279468
 2.7  37.0  35.7  552.090993498
 2.7  37.1  35.8  563.75114208
 2.7  37.2  35.9  574.774478135
 2.6  37.3  36.0  585.139765652
 2.6  37.4  36.1  594.828877548
 2.6  37.5  36.2  603.826868514
 2.6  37.6  36.3  612.12202242
 2.6  37.7  36.4  619.705874036
 2.5  37.8  36.5  626.573205093
 2.5  37.9  36.6  632.7220149
 2.5  38.0  36.7  638.153465999
 2.5  38.1  36.8  642.87180554
 2.5  38.2  36.9  646.884263257
 2.4  38.3  37.0  650.200927177
 2.4  38.4  37.1  652.834598333
 2.4  38.5  37.2  654.800625972
 2.4  38.6  37.3  656.116724905
 2.4  38.7  37.4  656.802776771
 2.3  38.8  37.5  656.880617168
 2.3  38.9  37.6  656.373810678
 2.3  39.0  37.7  655.307415911
 2.3  39.1  37.8  653.707742802
 2.2  39.2  37.9  651.602104403
 2.2  39.3  38.0  649.018565478
 2.2  39.4  38.1  645.9856902
 2.2  39.5  38.2  642.532291259
 2.2  39.6  38.3  638.687182635
 2.1  39.7  38.4  634.478938251
 2.1  39.8  38.5  629.935658657
 2.1  39.9  38.6  625.084747782
 2.1  40.0  38.7  619.952701697
 2.1  40.1  38.8  614.564911204
 2.0  40.2  38.9  608.945479906
 2.0  40.3  39.0  603.117059282
 2.0  40.4  39.1  597.100702087
 2.0  40.5  39.2  590.915735246
 2.0  40.6  39.3  584.579653182
 1.9  40.7  39.4  578.108032362
 1.9  40.8  39.5  571.514467593
 1.9  40.9  39.6  564.81053042
 1.9  41.0  39.7  558.005749753
 1.9  41.1  39.8  551.107614647
 1.8  41.2  39.9  544.12159893
 1.8  41.3  40.0  537.051207192
 1.8  41.4  40.1  529.898041426
 1.8  41.5  40.2  522.661887442
 1.8  41.5  40.3  515.340819965
 1.7  41.6  40.4  507.931325179
 1.7  41.7  40.5  500.428439317
 1.7  41.8  40.6  492.825901741
 1.7  41.9  40.7  485.116320831
 1.7  42.0  40.8  477.291350914
 1.6  42.1  40.9  469.341878322
 1.6  42.2  41.0  461.25821464
 1.6  42.3  41.1  453.030295122
 1.6  42.4  41.2  444.647880225
 1.6  42.5  41.3  436.100758179
 1.5  42.6  41.4  427.378946549
 1.5  42.7  41.5  418.472890726
 1.5  42.8  41.6  409.373657348
 1.5  42.9  41.7  400.073120722
 1.5  43.0  41.8  390.564140367
 1.4  43.1  41.9  380.840727932
 1.4  43.2  42.0  370.898201824
 1.4  43.3  42.1  360.733328029
 1.4  43.4  42.2  350.344445746
 1.3  43.5  42.3  339.731576605
 1.3  43.6  42.4  328.89651642
 1.3  43.7  42.5  317.842908579
 1.3  43.8  42.6  306.576298379
 1.3  43.9  42.7  295.104167798
 1.2  44.0  42.8  283.435950377
 1.2  44.1  42.9  271.583026089
 1.2  44.2  43.0  259.558696275
 1.2  44.3  43.1  247.378138898
 1.2  44.4  43.2  235.058344584
 1.1  44.5  43.3  222.618034079
 1.1  44.6  43.4  210.077557935
 1.1  44.7  43.5  197.458779432
 1.1  44.8  43.6  184.78494185
 1.1  44.9  43.7  172.0805214
 1.0  45.0  43.8  159.371067238
 1.0  45.1  43.9  146.683030085
 1.0  45.2  44.0  134.043581124
 1.0  45.3  44.1  121.480422882
 1.0  45.4  44.2  109.021593911
 0.9  45.5  44.3  96.6952691193
 0.9  45.6  44.4  84.5295576252
 0.9  45.7  44.5  72.5523000558
 0.9  45.8  44.6  60.7908671645
 0.9  45.9  44.7  49.2719616541
 0.8  46.0  44.8  38.0214250323
 0.8  46.1  44.9  27.0640512769
 0.8  46.1  45.0  16.4234090072
 0.8  46.2  45.1  6.12167377082
 0.8  46.3  45.2 -3.82052805488
 0.7  46.4  45.3 -13.3842623674
 0.7  46.5  45.4 -22.5524162046
 0.7  46.6  45.5 -31.3098112711
 0.7  46.7  45.6 -39.6433011832
 0.7  46.8  45.7 -47.5418516512
 0.6  46.9  45.8 -54.9966029908
 0.6  47.0  45.9 -62.0009145328
 0.6  47.1  46.0 -68.550390676
 0.6  47.2  46.1 -74.6428885127
 0.6  47.3  46.2 -80.2785071362
 0.5  47.4  46.3 -85.4595589172
 0.5  47.5  46.4 -90.1905232131
 0.5  47.6  46.5 -94.4779831422
 0.5  47.7  46.6 -98.3305462176
 0.5  47.8  46.7 -101.758749789
 0.4  47.9  46.8 -104.774952387
 0.4  48.0  46.9 -107.393212183
 0.4  48.1  47.0 -109.629153922
 0.4  48.2  47.1 -111.499825764
 0.3  48.3  47.2 -113.023547563
 0.3  48.4  47.3 -114.219752212
 0.3  48.5  47.4 -115.108821698
 0.3  48.6  47.5 -115.711919581
 0.3  48.7  47.6 -116.050821628
 0.2  48.8  47.7 -116.147746318
 0.2  48.9  47.8 -116.025186944
 0.2  49.0  47.9 -115.70574699
 0.2  49.1  48.0 -115.21198043
 0.2  49.2  48.1 -114.566238497
 0.1  49.3  48.2 -113.790524434
 0.1  49.4  48.3 -112.9063576
 0.1  49.5  48.4 -111.934648218
 0.1  49.6  48.5 -110.895583927
 0.1  49.7  48.6 -109.808529142
 0.0  49.8  48.7 -108.691938108
 0.0  49.9  48.8 -107.56328236
 0.0  50.0  48.9 -106.438993153
-0.0  50.1  49.0 -105.334419225
-0.0  50.2  49.1 -104.263800142
-0.1  50.3  49.2 -103.24025523
-0.1  50.4  49.3 -102.27578798
-0.1  50.5  49.4 -101.381305615
-0.1  50.6  49.5 -100.566653325
-0.1  50.7  49.6 -99.8406625427
-0.2  50.7  49.7 -99.2112124411
-0.2  50.8  49.8 -98.6853037092
-0.2  50.9  49.9 -98.2691435015
-0.2  51.0  50.0 -97.9682403393
