x z dist ED
-145.0  29.0  0.0 -257.590456232
-144.0  29.2  1.0 -246.73209432
-143.0  29.4  2.0 -233.616458005
-142.0  29.6  3.1 -218.86697531
-141.0  29.8  4.1 -203.094489695
-140.0  30.0  5.1 -186.847286576
-139.0  30.2  6.1 -170.573481973
-138.0  30.4  7.1 -154.599841446
-137.0  30.6  8.2 -139.128897071
-136.0  30.8  9.2 -124.253790197
-135.0  31.0  10.2 -109.987901385
-134.0  31.2  11.2 -96.3043437822
-133.0  31.4  12.2 -83.1790547032
-132.0  31.6  13.3 -70.6307060366
-131.0  31.8  14.3 -58.7510475054
-130.0  32.0  15.3 -47.7205627926
-129.0  32.2  16.3 -37.8063092106
-128.0  32.4  17.3 -29.3412827778
-127.0  32.6  18.4 -22.6872906608
-126.0  32.8  19.4 -18.1857808268
-125.0  33.0  20.4 -16.1030460345
-124.0  33.2  21.4 -16.5774119302
-123.0  33.4  22.4 -19.5762530038
-122.0  33.6  23.5 -24.8698869717
-121.0  33.8  24.5 -32.027636437
-120.0  34.0  25.5 -40.4387986567
-119.0  34.2  26.5 -49.3582168908
-118.0  34.4  27.5 -57.972959691
-117.0  34.6  28.6 -65.4836781057
-116.0  34.8  29.6 -71.1918999522
-115.0  35.0  30.6 -74.583148332
-114.0  35.2  31.6 -75.395550515
-113.0  35.4  32.6 -73.6646154301
-112.0  35.6  33.7 -69.737041688
-111.0  35.8  34.7 -64.2495707051
-110.0  36.0  35.7 -58.0726967336
-109.0  36.2  36.7 -52.2230755829
-108.0  36.4  37.7 -47.7522823112
-107.0  36.6  38.8 -45.6227098702
-106.0  36.8  39.8 -46.5834905881
-105.0  37.0  40.8 -51.0600814557
-104.0  37.2  41.8 -59.070444028
-103.0  37.4  42.8 -70.1785918471
-102.0  37.6  43.9 -83.4928557158
-101.0  37.8  44.9 -97.7118579895
-100.0  38.0  45.9 -111.216331342
-99.0  38.2  46.9 -122.200070952
-98.0  38.4  47.9 -128.828989067
-97.0  38.6  49.0 -129.413919845
-96.0  38.8  50.0 -122.580875866
-95.0  39.0  51.0 -107.422121963
