x z dist ED
 50.0  39.0  0.0 -107.422121963
 51.0  38.5 -1.1 -144.7705916
 52.0  38.0 -2.3 -179.904205768
 53.0  37.4 -3.4 -208.017398234
 54.0  36.9 -4.5 -226.053723018
 55.0  36.4 -5.6 -233.304752995
 56.0  35.9 -6.8 -230.937818153
 57.0  35.3 -7.9 -220.94750158
 58.0  34.8 -9.0 -205.206621894
 59.0  34.3 -10.2 -185.101420594
 60.0  33.8 -11.3 -161.812173429
 61.0  33.2 -12.4 -136.892420598
 62.0  32.7 -13.6 -112.629502188
 63.0  32.2 -14.7 -91.81779788
 64.0  31.6 -15.8 -76.9487485694
 65.0  31.1 -16.9 -69.2032772619
 66.0  30.6 -18.1 -67.8059158144
 67.0  30.1 -19.2 -70.1636707397
 68.0  29.5 -20.3 -72.8324827401
 69.0  29.0 -21.5 -72.9283031513
 70.0  28.5 -22.6 -69.3533224019
 71.0  28.0 -23.7 -63.2735163128
 72.0  27.4 -24.8 -57.6319314032
 73.0  26.9 -26.0 -55.9365513369
 74.0  26.4 -27.1 -60.8910904632
 75.0  25.9 -28.2 -73.4767694999
 76.0  25.4 -29.4 -92.8302881354
 77.0  24.8 -30.5 -116.843022802
 78.0  24.3 -31.6 -143.054570571
 79.0  23.8 -32.8 -169.31581293
 80.0  23.2 -33.9 -193.898685289
 81.0  22.7 -35.0 -215.112331479
 82.0  22.2 -36.1 -230.826471074
 83.0  21.7 -37.3 -238.398583302
 84.0  21.1 -38.4 -235.27987465
 85.0  20.6 -39.5 -220.142513193
 86.0  20.1 -40.7 -193.963748711
 87.0  19.6 -41.8 -160.365459915
 88.0  19.1 -42.9 -124.758215044
 89.0  18.5 -44.0 -92.3934912676
 90.0  18.0 -45.2 -66.0282241847
