x z dist ED
 90.0  18.0  0.0 -66.0282241847
 91.0  18.2  1.0 -75.6505835128
 92.0  18.4  2.0 -79.2555489062
 93.0  18.6  3.1 -78.0244150992
 94.0  18.8  4.1 -73.3562211213
 95.0  19.0  5.1 -66.7257042297
 96.0  19.2  6.1 -59.5446585967
 97.0  19.4  7.1 -53.0396460228
 98.0  19.6  8.2 -48.1568254657
 99.0  19.8  9.2 -45.5014686199
 100.0  20.0  10.2 -45.3158749018
 101.0  20.2  11.2 -47.4953174406
 102.0  20.4  12.2 -51.6377824269
 103.0  20.6  13.3 -57.120013101
 104.0  20.8  14.3 -63.1900637232
 105.0  21.0  15.3 -69.0654218151
 106.0  21.2  16.3 -74.0258481747
 107.0  21.4  17.3 -77.4913530441
 108.0  21.6  18.4 -79.0779831254
 109.0  21.8  19.4 -78.6270429455
 110.0  22.0  20.4 -76.2066520493
 111.0  22.2  21.4 -72.0877584658
 112.0  22.4  22.4 -66.6995211492
 113.0  22.6  23.5 -60.5710345246
 114.0  22.8  24.5 -54.2674881317
 115.0  23.0  25.5 -48.3289431044
 116.0  23.2  26.5 -43.2189999046
 117.0  23.4  27.5 -39.2888813575
 118.0  23.6  28.6 -36.7601111379
 119.0  23.8  29.6 -35.7263438841
 120.0  24.0  30.6 -36.1723369165
 121.0  24.2  31.6 -38.0058656269
 122.0  24.4  32.6 -41.0968393922
 123.0  24.6  33.7 -45.3171493914
 124.0  24.8  34.7 -50.5749436419
 125.0  25.0  35.7 -56.8380336766
 126.0  25.2  36.7 -64.1428410525
 127.0  25.4  37.7 -72.5874540976
 128.0  25.6  38.8 -82.30969504
 129.0  25.8  39.8 -93.4532865845
 130.0  26.0  40.8 -106.126968485
 131.0  26.2  41.8 -120.362519739
 132.0  26.4  42.8 -136.077947897
 133.0  26.6  43.9 -153.051574328
 134.0  26.8  44.9 -170.911441816
 135.0  27.0  45.9 -189.142565821
 136.0  27.2  46.9 -207.112287604
 137.0  27.4  47.9 -224.111656559
 138.0  27.6  49.0 -239.408669811
 139.0  27.8  50.0 -252.307600069
 140.0  28.0  51.0 -262.207755062
 141.0  28.2  52.0 -268.654951473
 142.0  28.4  53.0 -271.379766328
 143.0  28.6  54.0 -270.318155882
 144.0  28.8  55.1 -265.612117749
 145.0  29.0  56.1 -257.590456232
