x z dist ED
-55.0  18.0  0.0 -66.0282241847
-54.0  18.2  1.0 -75.6505835128
-53.0  18.4  2.0 -79.2555489062
-52.0  18.6  3.1 -78.0244150992
-51.0  18.8  4.1 -73.3562211213
-50.0  19.0  5.1 -66.7257042297
-49.0  19.2  6.1 -59.5446585967
-48.0  19.4  7.1 -53.0396460228
-47.0  19.6  8.2 -48.1568254657
-46.0  19.8  9.2 -45.5014686199
-45.0  20.0  10.2 -45.3158749018
-44.0  20.2  11.2 -47.4953174406
-43.0  20.4  12.2 -51.6377824269
-42.0  20.6  13.3 -57.120013101
-41.0  20.8  14.3 -63.1900637232
-40.0  21.0  15.3 -69.0654218151
-39.0  21.2  16.3 -74.0258481747
-38.0  21.4  17.3 -77.4913530441
-37.0  21.6  18.4 -79.0779831254
-36.0  21.8  19.4 -78.6270429455
-35.0  22.0  20.4 -76.2066520493
-34.0  22.2  21.4 -72.0877584658
-33.0  22.4  22.4 -66.6995211492
-32.0  22.6  23.5 -60.5710345246
-31.0  22.8  24.5 -54.2674881317
-30.0  23.0  25.5 -48.3289431044
-29.0  23.2  26.5 -43.2189999046
-28.0  23.4  27.5 -39.2888813575
-27.0  23.6  28.6 -36.7601111379
-26.0  23.8  29.6 -35.7263438841
-25.0  24.0  30.6 -36.1723369165
-24.0  24.2  31.6 -38.0058656269
-23.0  24.4  32.6 -41.0968393922
-22.0  24.6  33.7 -45.3171493914
-21.0  24.8  34.7 -50.5749436419
-20.0  25.0  35.7 -56.8380336766
-19.0  25.2  36.7 -64.1428410525
-18.0  25.4  37.7 -72.5874540976
-17.0  25.6  38.8 -82.30969504
-16.0  25.8  39.8 -93.4532865845
-15.0  26.0  40.8 -106.126968485
-14.0  26.2  41.8 -120.362519739
-13.0  26.4  42.8 -136.077947897
-12.0  26.6  43.9 -153.051574328
-11.0  26.8  44.9 -170.911441816
-10.0  27.0  45.9 -189.142565821
-9.0  27.2  46.9 -207.112287604
-8.0  27.4  47.9 -224.111656559
-7.0  27.6  49.0 -239.408669811
-6.0  27.8  50.0 -252.307600069
-5.0  28.0  51.0 -262.207755062
-4.0  28.2  52.0 -268.654951473
-3.0  28.4  53.0 -271.379766328
-2.0  28.6  54.0 -270.318155882
-1.0  28.8  55.1 -265.612117749
 0.0  29.0  56.1 -257.590456232
 1.0  29.2  57.1 -246.73209432
 2.0  29.4  58.1 -233.616458005
 3.0  29.6  59.1 -218.86697531
 4.0  29.8  60.2 -203.094489695
 5.0  30.0  61.2 -186.847286576
 6.0  30.2  62.2 -170.573481973
 7.0  30.4  63.2 -154.599841446
 8.0  30.6  64.2 -139.128897071
 9.0  30.8  65.3 -124.253790197
 10.0  31.0  66.3 -109.987901385
 11.0  31.2  67.3 -96.3043437822
 12.0  31.4  68.3 -83.1790547032
 13.0  31.6  69.3 -70.6307060366
 14.0  31.8  70.4 -58.7510475054
 15.0  32.0  71.4 -47.7205627926
 16.0  32.2  72.4 -37.8063092106
 17.0  32.4  73.4 -29.3412827778
 18.0  32.6  74.4 -22.6872906608
 19.0  32.8  75.5 -18.1857808268
 20.0  33.0  76.5 -16.1030460345
 21.0  33.2  77.5 -16.5774119302
 22.0  33.4  78.5 -19.5762530038
 23.0  33.6  79.5 -24.8698869717
 24.0  33.8  80.6 -32.027636437
 25.0  34.0  81.6 -40.4387986567
 26.0  34.2  82.6 -49.3582168908
 27.0  34.4  83.6 -57.972959691
 28.0  34.6  84.6 -65.4836781057
 29.0  34.8  85.7 -71.1918999522
 30.0  35.0  86.7 -74.583148332
 31.0  35.2  87.7 -75.395550515
 32.0  35.4  88.7 -73.6646154301
 33.0  35.6  89.7 -69.737041688
 34.0  35.8  90.8 -64.2495707051
 35.0  36.0  91.8 -58.0726967336
 36.0  36.2  92.8 -52.2230755829
 37.0  36.4  93.8 -47.7522823112
 38.0  36.6  94.8 -45.6227098702
 39.0  36.8  95.9 -46.5834905881
 40.0  37.0  96.9 -51.0600814557
 41.0  37.2  97.9 -59.070444028
 42.0  37.4  98.9 -70.1785918471
 43.0  37.6  99.9 -83.4928557158
 44.0  37.8  101.0 -97.7118579895
 45.0  38.0  102.0 -111.216331342
 46.0  38.2  103.0 -122.200070952
 47.0  38.4  104.0 -128.828989067
 48.0  38.6  105.0 -129.413919845
 49.0  38.8  106.1 -122.580875866
 50.0  39.0  107.1 -107.422121963
